-6.760000e-08
-2.103600e-04
-1.353792e-04
5.456572e-05
2.912410e-04
-6.760000e-08
-2.049000e-04
-6.357215e-04
-2.001750e-04
1.040864e-03
-6.760000e-08
-2.050941e-04
-6.742529e-04
4.586391e-05
8.335507e-04
-6.760000e-08
-5.355946e-04
-7.163200e-06
6.773702e-04
-1.345448e-04
-6.760000e-08
-3.633143e-04
-7.600000e-06
5.048169e-04
-1.338350e-04
-6.760000e-08
-2.038080e-04
-1.464297e-04
-2.015400e-04
5.518453e-04
-6.760000e-08
-2.214525e-04
-6.617954e-04
4.820204e-04
4.012951e-04
-6.760000e-08
-1.865056e-03
-7.600000e-06
2.006558e-03
-1.338350e-04
-6.760000e-08
-6.548287e-04
-1.754560e-05
7.901153e-04
-1.176734e-04
-6.760000e-08
-4.633457e-04
-7.600000e-06
6.048483e-04
-1.338350e-04
-6.760000e-08
9.064371e-04
-5.758080e-05
-7.961725e-04
-5.261620e-05
-6.760000e-08
6.283695e-04
-7.464167e-05
-4.010500e-04
-1.526103e-04
-6.760000e-08
2.679625e-04
-6.714136e-04
-2.043120e-04
6.078307e-04
-6.760000e-08
7.032412e-05
-5.882400e-05
3.916348e-05
-5.059600e-05
-6.760000e-08
2.924835e-04
-5.842080e-05
-1.827439e-04
-5.125120e-05
3.314260e-03
-2.735436e-04
-2.143860e-04
9.674352e-05
-2.923074e-03
-6.760000e-08
-1.402738e-03
-5.962667e-05
1.511723e-03
-4.929167e-05
-6.760000e-08
-2.049000e-04
-3.950912e-04
-2.001750e-04
8.002338e-04
-6.760000e-08
-1.087030e-03
-7.163200e-06
1.228805e-03
-1.345448e-04
1.224532e-04
3.797847e-04
-5.947652e-05
-3.965015e-04
-4.625985e-05
1.224532e-04
-3.304182e-04
1.034010e-03
-3.304318e-05
-7.930015e-04
-6.760000e-08
-2.088480e-04
8.057721e-05
-1.952400e-04
3.235784e-04
-6.760000e-08
-5.623706e-05
5.153147e-04
-3.998250e-04
-5.918500e-05
-6.760000e-08
-3.359840e-04
8.581111e-04
-3.632000e-05
-4.857395e-04
-6.760000e-08
2.731856e-04
-6.043680e-05
-1.647060e-04
-4.797520e-05
-6.760000e-08
-8.213020e-04
-2.213200e-05
8.563265e-04
-1.282493e-05
-6.760000e-08
-2.049000e-04
-1.455361e-03
-2.001750e-04
1.860503e-03
-6.760000e-08
9.355148e-04
-6.000000e-05
-8.267622e-04
-4.868500e-05
-6.760000e-08
2.320647e-04
6.069129e-04
-3.957500e-05
-7.993350e-04
-6.760000e-08
-2.225167e-04
-6.609850e-04
-4.828361e-05
9.318529e-04
-6.760000e-08
-1.983803e-05
-6.043680e-05
1.283176e-04
-4.797520e-05
-6.760000e-08
-5.539953e-04
-7.163200e-06
6.957709e-04
-1.345448e-04
-6.760000e-08
4.325257e-03
-6.074667e-05
-4.216971e-03
-4.747167e-05
-6.760000e-08
3.333297e-04
-6.000000e-05
-2.245771e-04
-4.868500e-05
-6.760000e-08
1.962641e-04
2.689035e-04
-3.940500e-04
-7.105000e-05
-6.760000e-08
4.045421e-05
4.183798e-04
-4.000560e-04
-5.871040e-05
-6.760000e-08
4.501680e-04
-6.043680e-05
-3.416884e-04
-4.797520e-05
5.567713e-04
-5.098811e-05
-5.989605e-05
-3.993010e-04
-4.658605e-05
5.567713e-04
-5.098811e-05
-5.989605e-05
-3.993010e-04
-4.658605e-05
-6.760000e-08
-2.038080e-04
-6.280846e-04
-2.015400e-04
1.033500e-03
-6.760000e-08
-3.349667e-04
1.587989e-03
-3.759167e-05
-1.215363e-03
-6.760000e-08
-1.026915e-03
-1.337920e-05
1.164806e-03
-1.244438e-04
-6.760000e-08
-7.264367e-04
-7.163200e-06
8.682123e-04
-1.345448e-04
-6.760000e-08
-3.359000e-04
1.069757e-03
-3.642500e-05
-6.973645e-04
-6.760000e-08
-4.857947e-04
-7.566400e-06
6.273183e-04
-1.338896e-04
-6.760000e-08
-7.264367e-04
-7.163200e-06
8.682123e-04
-1.345448e-04
-6.760000e-08
-5.220122e-04
-7.969600e-06
6.632838e-04
-1.332344e-04
-6.760000e-08
2.564619e-04
-6.043680e-05
-1.479823e-04
-4.797520e-05
-6.760000e-08
-2.038080e-04
-6.103748e-04
-2.015400e-04
1.015790e-03
-6.760000e-08
-3.359000e-04
5.973579e-04
-3.642500e-05
-2.249653e-04
-6.760000e-08
-2.038080e-04
-1.280290e-04
-2.015400e-04
5.334446e-04
-6.760000e-08
-3.369920e-04
1.710584e-03
-3.506000e-05
-1.338465e-03
-6.760000e-08
-1.369286e-03
-7.163200e-06
1.511062e-03
-1.345448e-04
-6.760000e-08
-2.093520e-04
-6.710104e-04
5.330572e-05
8.271243e-04
-6.760000e-08
-3.318680e-04
1.136705e-03
-4.146500e-05
-7.633041e-04
-6.760000e-08
-3.225440e-04
1.962035e-03
-5.312000e-05
-1.586303e-03
-6.760000e-08
5.141739e-04
-6.714136e-04
-2.043120e-04
3.616193e-04
-6.760000e-08
-3.369920e-04
1.117442e-03
-3.506000e-05
-7.453228e-04
-6.760000e-08
-2.092658e-03
2.936702e-03
-3.477059e-05
-8.092059e-04
-6.760000e-08
-1.070397e-03
9.865789e-04
1.489990e-04
-6.511353e-05
-6.760000e-08
-2.058333e-04
1.963518e-04
-1.990083e-04
2.085575e-04
-6.760000e-08
7.192012e-04
-6.069882e-05
-6.108854e-04
-4.754941e-05
-6.760000e-08
-2.904587e-04
-1.649027e-03
-9.322667e-05
2.032780e-03
-2.101816e-04
-1.064801e-03
-6.656050e-06
1.414740e-03
-1.331010e-04
-2.101816e-04
7.159647e-04
-5.989605e-05
-3.993010e-04
-4.658605e-05
-2.101816e-04
-1.996510e-04
-6.655011e-04
-1.996510e-04
1.274985e-03
-2.101816e-04
7.159647e-04
-5.989605e-05
-3.993010e-04
-4.658605e-05
-2.101816e-04
-3.327510e-04
1.374810e-03
-3.327605e-05
-7.986010e-04
-2.101816e-04
-2.634537e-04
-7.249079e-04
-1.198977e-04
1.318441e-03
-6.760000e-08
9.714066e-04
-7.039500e-05
-4.024500e-04
-4.984940e-04
-6.760000e-08
-2.806202e-04
1.111072e-03
-4.766000e-05
-7.827240e-04
-6.760000e-08
2.936621e-05
-6.003360e-05
7.936539e-05
-4.863040e-05
-6.760000e-08
2.936621e-05
-6.003360e-05
7.936539e-05
-4.863040e-05
-6.760000e-08
4.646130e-04
-6.043680e-05
-3.561334e-04
-4.797520e-05
-6.760000e-08
-3.354833e-04
-3.444524e-03
-3.694583e-05
3.817021e-03
-6.760000e-08
-3.359000e-04
1.069757e-03
-3.642500e-05
-6.973645e-04
-6.760000e-08
-3.608818e-04
-5.619424e-04
-2.404014e-04
1.163293e-03
-6.760000e-08
-1.045417e-03
-7.600000e-06
1.186919e-03
-1.338350e-04
-1.668645e-04
-4.604840e-05
3.280047e-04
-4.657402e-06
-1.104344e-04
-1.668645e-04
2.369445e-04
-8.336602e-06
-5.524640e-05
-6.497002e-06
-1.668645e-04
-1.472264e-04
-9.782020e-07
3.335235e-04
-1.845440e-05
-1.668645e-04
2.369445e-04
-8.336602e-06
-5.524640e-05
-6.497002e-06
-1.668645e-04
-1.472264e-04
-9.782020e-07
3.335235e-04
-1.845440e-05
-1.668645e-04
2.369445e-04
-8.336602e-06
-5.524640e-05
-6.497002e-06
-6.760000e-08
1.048383e-03
-6.000000e-05
-9.396306e-04
-4.868500e-05
-6.760000e-08
-3.327920e-04
9.040131e-04
-4.031000e-05
-5.308435e-04
-6.760000e-08
-3.338000e-04
2.984241e-04
-3.905000e-05
7.449352e-05
-6.760000e-08
-3.369920e-04
1.037695e-03
-3.506000e-05
-6.655758e-04
-6.760000e-08
-3.369920e-04
1.549485e-03
-3.506000e-05
-1.177365e-03
-6.760000e-08
9.084635e-04
-7.039500e-05
-4.024500e-04
-4.355509e-04
-6.760000e-08
1.421473e-03
-5.881252e-04
-4.491367e-05
-7.883665e-04
-6.760000e-08
-8.480897e-04
-1.845871e-04
2.877653e-03
-1.844909e-03
-6.760000e-08
-2.038080e-04
-6.586990e-04
-2.015400e-04
1.064115e-03
-6.760000e-08
-3.349760e-04
4.005482e-04
-3.758000e-05
-2.792461e-05
-6.760000e-08
1.048854e-03
-5.929432e-04
-4.028280e-04
-5.301520e-05
-6.760000e-08
5.722958e-04
-1.008678e-03
7.717409e-04
-3.352913e-04
-6.760000e-08
-3.678425e-02
-8.795686e-06
3.692501e-02
-1.318920e-04
-6.760000e-08
-6.312300e-04
1.473374e-03
-3.657200e-05
-8.055048e-04
-6.760000e-08
5.023573e-03
-6.074667e-05
-4.915287e-03
-4.747167e-05
-6.760000e-08
7.006726e-05
-5.922720e-05
3.916834e-05
-4.994080e-05
-6.760000e-08
-1.492437e-03
-7.973333e-06
1.633706e-03
-1.332283e-04
-6.760000e-08
-1.083478e-03
-7.566400e-06
1.225001e-03
-1.338896e-04
-6.760000e-08
-1.940166e-04
-6.714136e-04
-2.043120e-04
1.069810e-03
-6.760000e-08
5.248012e-04
-6.889044e-05
-4.028280e-04
-5.301520e-05
-6.760000e-08
-1.776939e-03
-1.085920e-05
1.916404e-03
-1.285388e-04
-6.760000e-08
4.815920e-04
-6.043680e-05
-3.731124e-04
-4.797520e-05
-6.760000e-08
4.567200e-04
-6.542640e-05
-4.040880e-04
1.286195e-05
-6.760000e-08
-5.539953e-04
-7.163200e-06
6.957709e-04
-1.345448e-04
-6.760000e-08
-3.359000e-04
1.286447e-03
-3.642500e-05
-9.140541e-04
-6.760000e-08
3.366534e-04
-6.714136e-04
-2.043120e-04
5.391398e-04
-6.760000e-08
-2.038080e-04
-6.103748e-04
-2.015400e-04
1.015790e-03
-6.760000e-08
-8.349758e-05
-6.003360e-05
1.922292e-04
-4.863040e-05
-6.760000e-08
3.515743e-04
-6.000000e-05
-2.428217e-04
-4.868500e-05
-6.760000e-08
-3.119777e-04
-4.602240e-05
4.294663e-04
-7.139860e-05
-6.760000e-08
-1.133006e-03
1.971983e-03
-3.957500e-05
-7.993350e-04
-6.760000e-08
1.297283e-03
-6.000000e-05
-1.188531e-03
-4.868500e-05
-6.760000e-08
-2.301000e-04
-6.552100e-04
8.631420e-06
8.767462e-04
-6.760000e-08
-1.074453e-03
-7.163200e-06
1.216229e-03
-1.345448e-04
-6.760000e-08
-2.038080e-04
-6.280846e-04
-2.015400e-04
1.033500e-03
-6.760000e-08
-1.032385e-03
-7.163200e-06
1.174161e-03
-1.345448e-04
-6.760000e-08
-4.441320e-04
-4.922164e-04
1.516833e-05
9.212477e-04
-6.760000e-08
-3.001140e-04
-8.531102e-04
1.204804e-03
-5.151190e-05
7.981561e-05
-4.704382e-04
-2.978200e-06
4.524390e-04
-5.883820e-05
7.981561e-05
-4.648942e-04
1.144677e-06
4.478121e-04
-6.387820e-05
7.981561e-05
1.437390e-04
-2.649820e-05
-1.764382e-04
-2.061820e-05
1.691827e-04
-3.177808e-05
-1.630354e-05
-1.084095e-04
-1.269154e-05
1.691827e-04
-2.890095e-04
-1.855540e-06
1.578519e-04
-3.616954e-05
1.691827e-04
-9.034954e-05
1.470159e-04
-9.079540e-06
-2.167695e-04
1.691827e-04
-9.034954e-05
1.470159e-04
-9.079540e-06
-2.167695e-04
1.691827e-04
-3.177808e-05
-1.630354e-05
-1.084095e-04
-1.269154e-05
1.691827e-04
-2.753595e-04
-1.225054e-05
-4.577774e-04
5.762048e-04
1.691827e-04
-2.890095e-04
-1.855540e-06
1.578519e-04
-3.616954e-05
1.691827e-04
-6.078154e-05
-1.756599e-04
-6.274984e-06
7.353376e-05
1.691827e-04
-3.177808e-05
-1.630354e-05
-1.084095e-04
-1.269154e-05
-6.760000e-08
-7.318011e-04
-1.542880e-05
8.684107e-04
-1.211132e-04
-6.760000e-08
-3.718715e-04
-8.776000e-06
5.126391e-04
-1.319240e-04
-6.760000e-08
2.842327e-04
-3.153593e-04
-3.472620e-04
3.784562e-04
-6.760000e-08
2.832247e-04
2.326117e-04
-3.460020e-04
-1.697668e-04
-6.760000e-08
-2.928140e-04
-8.529580e-05
-4.152627e-04
7.934402e-04
-6.760000e-08
-1.445168e-03
1.251404e-03
8.680064e-04
-6.741750e-04
-6.760000e-08
-2.643444e-04
1.221945e-04
-5.599700e-05
1.982146e-04
-6.760000e-08
-2.093520e-04
-6.710104e-04
-1.718244e-04
1.052254e-03
-6.760000e-08
5.441479e-04
-6.003360e-05
-4.354163e-04
-4.863040e-05
-6.760000e-08
-5.469980e-05
5.135338e-04
-4.000560e-04
-5.871040e-05
-6.760000e-08
-2.058333e-04
-8.744814e-04
-1.990083e-04
1.279391e-03
-6.760000e-08
-3.359000e-04
4.606869e-04
-3.642500e-05
-8.829430e-05
-6.760000e-08
-9.381934e-04
-7.163200e-06
1.079969e-03
-1.345448e-04
-6.760000e-08
-2.081667e-04
-3.622454e-03
-1.960917e-04
4.026780e-03
-6.760000e-08
-3.489736e-04
1.191118e-03
-3.657200e-05
-8.055048e-04
-6.760000e-08
-2.093520e-04
-6.710104e-04
-1.404004e-04
1.020830e-03
-6.760000e-08
-2.058333e-04
-2.572407e-04
-1.990083e-04
6.621499e-04
-6.760000e-08
5.246988e-04
-9.649600e-06
-3.844772e-04
-1.305044e-04
-6.760000e-08
-5.355946e-04
-7.163200e-06
6.773702e-04
-1.345448e-04
-6.760000e-08
-1.049364e-03
-7.163200e-06
1.191140e-03
-1.345448e-04
-6.760000e-08
-3.338840e-04
9.114856e-04
-3.894500e-05
-5.385890e-04
-6.760000e-08
-6.257756e-03
-6.055765e-05
6.366160e-03
-4.777882e-05
-6.760000e-08
4.046121e-04
-6.000000e-05
-2.958595e-04
-4.868500e-05
-6.760000e-08
-3.265760e-04
-8.937388e-05
-4.808000e-05
4.640975e-04
-6.760000e-08
-2.050941e-04
-6.742529e-04
4.586391e-05
8.335507e-04
8.437205e-05
4.214111e-04
-5.989605e-05
-3.993010e-04
-4.658605e-05
-6.760000e-08
-2.038080e-04
-1.203517e-03
-2.015400e-04
1.608932e-03
-6.760000e-08
-4.977007e-04
-4.514218e-04
6.208862e-04
3.283038e-04
-6.760000e-08
-3.369920e-04
9.404600e-04
-3.506000e-05
-5.683404e-04
-6.760000e-08
-2.669765e-05
-7.973333e-06
1.679669e-04
-1.332283e-04
-6.760000e-08
-3.359000e-04
1.247344e-03
-3.642500e-05
-8.749511e-04
-6.760000e-08
6.213017e-04
-6.000000e-05
-5.125491e-04
-4.868500e-05
-6.760000e-08
-2.191583e-04
-6.635425e-04
3.138074e-03
-2.255305e-03
-6.760000e-08
-6.441213e-04
1.276039e-03
-2.359250e-04
-3.959250e-04
-6.760000e-08
-2.058333e-04
1.246480e-03
-1.990083e-04
-8.415709e-04
-6.760000e-08
1.891586e-04
-6.000000e-05
-8.040604e-05
-4.868500e-05
-6.760000e-08
-2.053167e-04
5.702579e-03
-1.996542e-04
-5.297541e-03
-6.760000e-08
-3.319520e-04
1.917337e-04
-4.136000e-05
1.816459e-04
-6.760000e-08
2.326343e-04
-6.003360e-05
-1.239027e-04
-4.863040e-05
-6.760000e-08
9.821450e-06
4.142569e-04
-3.703404e-04
-5.367040e-05
-6.760000e-08
-9.122471e-04
-1.654015e-04
1.943947e-03
-8.662311e-04
-6.760000e-08
7.475457e-04
-3.450535e-04
-4.927158e-04
9.029125e-05
-6.760000e-08
1.160021e-04
-4.228907e-05
3.819863e-06
-7.746527e-05
-6.760000e-08
-1.235713e-03
1.849584e-03
-2.530373e-04
-3.607669e-04
-6.760000e-08
-2.225167e-04
-6.609850e-04
6.598451e-04
2.237241e-04
-6.760000e-08
-2.718721e-03
-2.545211e-05
2.849066e-03
-1.048253e-04
-6.760000e-08
-3.319333e-04
1.430963e-03
-4.138333e-05
-1.057579e-03
-3.493621e-04
1.531781e-04
-4.014107e-05
3.050344e-04
-6.870927e-05
-3.493621e-04
2.427128e-03
-1.985433e-03
-1.081340e-04
1.580055e-05
-3.493621e-04
-1.857957e-04
-6.193057e-04
-1.857957e-04
1.340259e-03
2.479274e-04
-5.384339e-04
-3.398950e-06
3.612394e-04
-6.733395e-05
2.479274e-04
-1.009839e-04
-3.365340e-04
-1.009839e-04
2.905744e-04
2.479274e-04
-1.009839e-04
-3.365340e-04
-1.009839e-04
2.905744e-04
5.460998e-04
-1.408612e-03
-1.527947e-05
9.427024e-04
-6.491113e-05
5.460998e-04
-2.308748e-04
-3.734613e-05
-2.488261e-04
-2.905280e-05
5.460998e-04
-1.244261e-04
-4.146928e-04
-1.244261e-04
1.174452e-04
-6.760000e-08
-1.972915e-03
-1.703435e-04
9.122847e-04
1.231042e-03
-6.760000e-08
-7.825812e-04
-1.384098e-04
3.256787e-04
5.953799e-04
-6.760000e-08
-2.112000e-04
-1.194109e-03
-1.923000e-04
1.597676e-03
-6.760000e-08
-1.066265e-03
-7.163200e-06
1.208040e-03
-1.345448e-04
-6.760000e-08
-3.376471e-04
-5.092891e-03
-3.424118e-05
5.464847e-03
-6.760000e-08
1.016263e-03
-5.542619e-04
-3.970530e-04
-6.488020e-05
-6.760000e-08
-2.058240e-04
-5.399161e-04
-1.990200e-04
9.448277e-04
-6.760000e-08
-1.429403e-05
4.702048e-04
-4.028280e-04
-5.301520e-05
-6.760000e-08
-7.154965e-04
-9.193313e-05
8.734694e-04
-6.597220e-05
-6.760000e-08
4.701570e-04
-1.424624e-05
-4.028280e-04
-5.301520e-05
-6.760000e-08
-4.153086e-04
1.257453e-03
-3.657200e-05
-8.055048e-04
-6.760000e-08
8.853507e-04
-5.875680e-05
-7.758211e-04
-5.070520e-05
-6.760000e-08
4.218296e-04
-5.176800e-05
-3.079320e-04
-6.206200e-05
-6.760000e-08
4.809068e-03
-3.699120e-05
-4.685935e-03
-8.607430e-05
-6.760000e-08
5.891812e-04
-1.271804e-04
-3.970530e-04
-6.488020e-05
-6.760000e-08
-2.045698e-04
-1.266096e-04
-2.060760e-04
5.373229e-04
-6.760000e-08
-1.670402e-03
-9.280000e-06
1.810855e-03
-1.311050e-04
-6.760000e-08
-2.817338e-04
-4.592754e-04
-1.235960e-04
8.646727e-04
-6.760000e-08
1.048316e-03
-5.748000e-05
-9.379887e-04
-5.278000e-05
-6.760000e-08
-2.754180e-04
-6.206986e-04
1.731701e-03
-8.355164e-04
-6.760000e-08
-2.834317e-03
-6.901176e-06
2.976256e-03
-1.349706e-04
-6.760000e-08
-2.031529e-04
-4.262067e-04
-2.023588e-04
8.317860e-04
-6.760000e-08
-5.539953e-04
-7.163200e-06
6.957709e-04
-1.345448e-04
-6.760000e-08
-1.783796e-03
-5.519520e-05
1.895552e-03
-5.649280e-05
-6.760000e-08
-2.049000e-04
4.638070e-05
-2.001750e-04
3.587619e-04
-6.760000e-08
9.221321e-04
-5.748000e-05
-8.118045e-04
-5.278000e-05
-6.760000e-08
-2.044581e-04
-6.000000e-05
3.132107e-04
-4.868500e-05
-6.760000e-08
-3.359000e-04
4.606869e-04
-3.642500e-05
-8.829430e-05
-1.142384e-03
8.236662e-04
-5.526663e-05
-3.014988e-04
6.754835e-04
-1.142384e-03
-8.008188e-04
7.068917e-04
1.348372e-03
-1.120608e-04
-1.142384e-03
-1.543488e-04
-4.562346e-04
-1.498128e-04
1.902780e-03
2.085914e-04
2.952665e-03
-2.087407e-03
-3.114006e-04
-7.624480e-04
2.085914e-04
6.148903e-03
-7.178934e-03
6.568611e-04
1.645784e-04
2.085914e-04
-1.463054e-04
-4.317351e-04
5.830053e-04
-2.135562e-04
9.021013e-04
-2.158278e-04
-1.467163e-04
-2.160477e-05
-5.179524e-04
9.021013e-04
-5.087164e-04
-1.428481e-04
-2.648173e-03
2.397636e-03
9.021013e-04
-6.905951e-04
-4.340506e-06
-1.208199e-04
-8.634577e-05
2.085914e-04
1.007452e-03
-5.733476e-06
-1.123959e-03
-8.635007e-05
2.085914e-04
1.274799e-04
-3.981299e-05
-2.652874e-04
-3.097086e-05
2.085914e-04
-4.495204e-03
-3.880632e-05
4.358026e-03
-3.260669e-05
-1.118598e-03
-6.945953e-03
1.627560e-03
6.794444e-03
-3.574534e-04
-1.118598e-03
-4.556332e-03
-3.084191e-04
6.052257e-03
-6.890780e-05
-1.118598e-03
3.859202e-03
-3.094890e-05
-2.343691e-03
-3.659650e-04
-1.142384e-03
-4.877886e-04
4.090020e-03
-2.372929e-03
-8.691789e-05
-1.142384e-03
1.532838e-03
2.818958e-05
-3.203912e-04
-9.825169e-05
-1.142384e-03
-1.886175e-04
3.955166e-03
-4.081700e-04
-2.215994e-03
-1.142384e-03
4.172127e-03
-1.515963e-05
-2.726846e-03
-2.877371e-04
-1.142384e-03
6.826955e-04
-2.448869e-05
5.542219e-04
-7.004449e-05
-1.142384e-03
-5.335238e-04
2.246489e-03
-4.178283e-05
-5.287986e-04
-6.760000e-08
7.384344e-04
-1.689773e-05
-6.601379e-04
-6.133120e-05
-6.760000e-08
4.784502e-04
-3.324800e-05
-3.529776e-04
-9.215700e-05
-6.760000e-08
-1.471085e-04
1.177985e-03
-2.605839e-04
-7.702248e-04
-6.760000e-08
-4.177384e-04
-6.526648e-04
-2.818726e-04
1.352343e-03
-6.760000e-08
1.928238e-04
8.848172e-04
-3.086590e-04
-7.689144e-04
-6.760000e-08
7.677706e-04
-5.882400e-05
-6.582830e-04
-5.059600e-05
-6.760000e-08
3.062669e-04
-1.166933e-05
-1.673076e-04
-1.272223e-04
-6.760000e-08
-2.108733e-04
-5.013557e-04
-1.927083e-04
9.050050e-04
-6.760000e-08
-6.307498e-04
1.457255e-03
-5.140259e-05
-7.750347e-04
-6.760000e-08
-1.053880e-03
-2.758230e-04
1.490171e-03
-1.604000e-04
-6.760000e-08
-1.061944e-03
-2.172880e-05
1.147225e-03
-6.348471e-05
-6.760000e-08
-2.031529e-04
-1.413109e-03
-2.023588e-04
1.818689e-03
-6.760000e-08
-2.164500e-04
-6.656050e-04
-1.692415e-04
1.051364e-03
-6.760000e-08
-7.110145e-04
-1.556320e-05
8.475401e-04
-1.208948e-04
-6.760000e-08
-3.369920e-04
9.458585e-04
-3.506000e-05
-5.737389e-04
2.699955e-04
-3.327510e-04
8.946327e-04
-3.327605e-05
-7.986010e-04
2.699955e-04
2.357877e-04
-5.989605e-05
-3.993010e-04
-4.658605e-05
2.699955e-04
2.357877e-04
-5.989605e-05
-3.993010e-04
-4.658605e-05
2.699955e-04
2.357877e-04
-5.989605e-05
-3.993010e-04
-4.658605e-05
2.699955e-04
-3.327510e-04
8.946327e-04
-3.327605e-05
-7.986010e-04
2.699955e-04
-3.327510e-04
8.946327e-04
-3.327605e-05
-7.986010e-04
2.699955e-04
-1.996510e-04
-6.655011e-04
-1.996510e-04
7.948077e-04
2.699955e-04
-1.064801e-03
-6.656050e-06
9.345627e-04
-1.331010e-04
2.699955e-04
-1.996510e-04
-6.655011e-04
-1.996510e-04
7.948077e-04
2.699955e-04
-3.327510e-04
8.946327e-04
-3.327605e-05
-7.986010e-04
2.699955e-04
-3.327510e-04
8.946327e-04
-3.327605e-05
-7.986010e-04
2.699955e-04
2.357877e-04
-5.989605e-05
-3.993010e-04
-4.658605e-05
2.699955e-04
2.357877e-04
-5.989605e-05
-3.993010e-04
-4.658605e-05
2.699955e-04
2.357877e-04
-5.989605e-05
-3.993010e-04
-4.658605e-05
2.699955e-04
-1.064801e-03
-6.656050e-06
9.345627e-04
-1.331010e-04
2.699955e-04
-1.064801e-03
-6.656050e-06
9.345627e-04
-1.331010e-04
2.699955e-04
-1.996510e-04
-6.655011e-04
-1.996510e-04
7.948077e-04
2.699955e-04
-3.297177e-04
4.758734e-04
-3.706772e-05
-3.790834e-04
2.699955e-04
-1.996510e-04
-6.655011e-04
-1.996510e-04
7.948077e-04
2.699955e-04
-3.327510e-04
8.946327e-04
-3.327605e-05
-7.986010e-04
2.699955e-04
-2.006590e-04
-7.353000e-04
-1.983910e-04
8.643547e-04
2.699955e-04
-1.996510e-04
-6.655011e-04
-1.996510e-04
7.948077e-04
2.699955e-04
-1.996510e-04
-6.655011e-04
-1.996510e-04
7.948077e-04
2.699955e-04
-1.996510e-04
-6.655011e-04
-1.996510e-04
7.948077e-04
2.699955e-04
-1.064801e-03
-6.656050e-06
9.345627e-04
-1.331010e-04
2.699955e-04
2.357877e-04
-5.989605e-05
-3.993010e-04
-4.658605e-05
2.699955e-04
-3.297177e-04
7.304096e-04
-3.706772e-05
-6.336197e-04
2.699955e-04
-3.327510e-04
8.946327e-04
-3.327605e-05
-7.986010e-04
2.699955e-04
-3.327510e-04
8.946327e-04
-3.327605e-05
-7.986010e-04
2.699955e-04
2.357877e-04
-5.989605e-05
-3.993010e-04
-4.658605e-05
2.699955e-04
2.357877e-04
-5.989605e-05
-3.993010e-04
-4.658605e-05
2.699955e-04
-1.996510e-04
-6.655011e-04
-1.996510e-04
7.948077e-04
2.699955e-04
-1.996510e-04
-6.655011e-04
-1.996510e-04
7.948077e-04
2.699955e-04
-3.327510e-04
8.946327e-04
-3.327605e-05
-7.986010e-04
2.699955e-04
-3.327510e-04
8.946327e-04
-3.327605e-05
-7.986010e-04
2.699955e-04
-1.996510e-04
-6.655011e-04
-1.996510e-04
7.948077e-04
2.699955e-04
2.357877e-04
-5.989605e-05
-3.993010e-04
-4.658605e-05
2.699955e-04
-1.996510e-04
-6.655011e-04
-1.996510e-04
7.948077e-04
2.699955e-04
2.357877e-04
-5.989605e-05
-3.993010e-04
-4.658605e-05
-6.760000e-08
4.325257e-03
-6.074667e-05
-4.216971e-03
-4.747167e-05
-6.760000e-08
5.040362e-04
-4.812536e-05
-4.028280e-04
-5.301520e-05
-6.760000e-08
-1.601353e-03
-7.600000e-06
1.742855e-03
-1.338350e-04
-6.760000e-08
-9.308168e-05
-5.425440e-05
2.054253e-04
-5.802160e-05
-6.760000e-08
-7.362027e-04
-6.664450e-04
-2.059500e-04
1.608665e-03
-6.760000e-08
-3.215360e-04
5.440535e-04
-5.438000e-05
-1.680699e-04
-6.760000e-08
-9.232919e-04
-7.973333e-06
1.064561e-03
-1.332283e-04
-6.760000e-08
-5.859844e-03
-5.983333e-05
5.968701e-03
-4.895583e-05
-6.760000e-08
9.956612e-04
-6.043680e-05
-8.871816e-04
-4.797520e-05
-6.760000e-08
-2.096983e-04
-6.043680e-05
3.181779e-04
-4.797520e-05
-6.760000e-08
-3.328667e-04
8.231316e-04
-4.021667e-05
-4.499807e-04
-6.760000e-08
-3.359000e-04
1.713528e-03
-3.642500e-05
-1.341136e-03
-6.760000e-08
-2.049000e-04
-1.093592e-03
-2.001750e-04
1.498735e-03
-6.760000e-08
-2.571622e-04
3.953198e-03
-2.001836e-04
-3.495784e-03
-6.760000e-08
2.195464e-04
-7.973333e-06
-7.827710e-05
-1.332283e-04
-6.760000e-08
-7.170429e-05
-6.003360e-05
1.804359e-04
-4.863040e-05
-6.760000e-08
-2.058333e-04
6.310614e-04
-1.990083e-04
-2.261521e-04
-6.760000e-08
-2.030333e-04
-5.185290e-03
-2.025083e-04
5.590900e-03
-6.760000e-08
-1.763917e-03
1.390989e-03
7.603311e-04
-3.873360e-04
-6.760000e-08
-4.108857e-03
-5.983333e-05
4.217713e-03
-4.895583e-05
-6.760000e-08
-3.359000e-04
9.984747e-04
-3.642500e-05
-6.260821e-04
-6.760000e-08
2.785841e-04
-6.043680e-05
-1.701045e-04
-4.797520e-05
-6.760000e-08
-1.757584e-03
3.874441e-04
-2.098240e-04
1.580031e-03
-6.760000e-08
-2.679000e-04
1.614264e-04
-1.214250e-04
2.279662e-04
-6.760000e-08
9.156566e-04
-3.074224e-04
-2.583833e-04
-3.497833e-04
-6.760000e-08
-1.487665e-03
-1.966240e-05
1.621629e-03
-1.142336e-04
-6.760000e-08
-6.579914e-05
1.039473e-03
-1.843511e-04
-7.892550e-04
-6.760000e-08
1.658225e-03
-6.335128e-04
2.876933e-04
-1.312338e-03
-6.760000e-08
4.401097e-05
-6.743941e-04
-2.033294e-04
8.337802e-04
-6.760000e-08
4.401097e-05
-6.743941e-04
-2.033294e-04
8.337802e-04
-6.760000e-08
-2.031529e-04
-4.262067e-04
-2.023588e-04
8.317860e-04
-6.760000e-08
-3.378412e-04
1.125273e-03
2.117977e-04
-9.991624e-04
-6.760000e-08
-1.632126e-03
-7.450049e-05
-1.518567e-04
1.858551e-03
-6.760000e-08
2.670166e-04
-6.244588e-05
-4.050706e-04
2.005674e-04
-6.760000e-08
-1.601836e-03
-3.737806e-04
1.648207e-04
1.810864e-03
-6.760000e-08
-8.324949e-04
-6.901176e-06
9.744343e-04
-1.349706e-04
-6.760000e-08
4.678778e-04
-6.043680e-05
-3.593982e-04
-4.797520e-05
-6.760000e-08
-1.079306e-03
-8.507059e-06
9.749637e-04
1.129169e-04
-6.760000e-08
-9.213508e-04
2.400729e-04
8.163385e-04
-1.349930e-04
-6.760000e-08
-4.152502e-04
1.885906e-04
2.780615e-04
-5.133432e-05
-6.760000e-08
3.142015e-05
1.877506e-04
-1.691339e-04
-4.996932e-05
-6.760000e-08
-2.038080e-04
-6.221681e-04
-2.015400e-04
1.027584e-03
-6.760000e-08
-2.031529e-04
-4.262067e-04
-2.023588e-04
8.317860e-04
-6.760000e-08
2.666637e-04
1.873474e-04
-4.046294e-04
-4.931412e-05
2.448735e-04
2.675459e-04
-6.068135e-05
-4.045414e-04
-4.719665e-05
2.448735e-04
2.675459e-04
-6.068135e-05
-4.045414e-04
-4.719665e-05
2.448735e-04
-6.097076e-04
-5.241575e-05
4.778781e-04
-6.062825e-05
2.448735e-04
-1.078777e-03
-6.742529e-06
9.754929e-04
-1.348472e-04
2.448735e-04
-3.361098e-04
8.812069e-04
-3.497194e-05
-7.549987e-04
2.448735e-04
2.675459e-04
-6.068135e-05
-4.045414e-04
-4.719665e-05
2.448735e-04
-3.340845e-04
1.023949e-03
-3.750361e-05
-8.972345e-04
2.448735e-04
-2.022708e-04
-6.742355e-04
-2.022708e-04
8.339035e-04
2.448735e-04
-2.022708e-04
-6.742355e-04
-2.022708e-04
8.339035e-04
2.448735e-04
-3.886104e-04
9.855078e-04
-3.468253e-05
-8.070884e-04
1.911581e-04
-3.362356e-04
9.856665e-04
-3.362388e-05
-8.069651e-04
1.911581e-04
-3.362356e-04
9.856665e-04
-3.362388e-05
-8.069651e-04
1.911581e-04
-2.017415e-04
-6.724709e-04
-2.017415e-04
8.847959e-04
2.448735e-04
3.190384e-04
-1.111504e-04
-4.035708e-04
-4.919076e-05
2.448735e-04
2.675459e-04
-6.068135e-05
-4.045414e-04
-4.719665e-05
2.448735e-04
-2.541163e-04
-6.726296e-04
-2.028002e-04
8.846725e-04
2.448735e-04
3.193914e-04
-6.228724e-05
-4.040119e-04
-9.796568e-05
2.448735e-04
2.675459e-04
-6.068135e-05
-4.045414e-04
-4.719665e-05
2.448735e-04
2.675459e-04
-6.068135e-05
-4.045414e-04
-4.719665e-05
2.448735e-04
2.675459e-04
-6.068135e-05
-4.045414e-04
-4.719665e-05
2.448735e-04
-3.886104e-04
9.855078e-04
-3.468253e-05
-8.070884e-04
2.448735e-04
3.190384e-04
-1.111504e-04
-4.035708e-04
-4.919076e-05
2.448735e-04
2.675459e-04
-6.068135e-05
-4.045414e-04
-4.719665e-05
2.448735e-04
-2.045649e-04
-6.724884e-04
-2.522633e-04
8.844431e-04
2.448735e-04
3.170972e-04
-6.054018e-05
-4.540045e-04
-4.742606e-05
2.448735e-04
3.193914e-04
-6.228724e-05
-4.040119e-04
-9.796568e-05
2.448735e-04
-2.176689e-04
-6.625092e-04
-2.851037e-04
9.204083e-04
2.448735e-04
-1.128328e-03
-6.883706e-06
1.024956e-03
-1.346178e-04
2.448735e-04
-2.022708e-04
-6.742355e-04
-2.022708e-04
8.339035e-04
2.448735e-04
-2.541163e-04
-6.726296e-04
-2.028002e-04
8.846725e-04
2.448735e-04
-2.541163e-04
-6.726296e-04
-2.028002e-04
8.846725e-04
2.448735e-04
-1.076483e-03
-8.489588e-06
1.025485e-03
-1.853869e-04
2.448735e-04
-3.367649e-04
9.839020e-04
-3.415312e-05
-8.578574e-04
2.448735e-04
3.190384e-04
-1.111504e-04
-4.035708e-04
-4.919076e-05
2.448735e-04
2.675459e-04
-6.068135e-05
-4.045414e-04
-4.719665e-05
2.448735e-04
-2.876004e-04
-5.694802e-05
1.529382e-04
-5.326331e-05
2.448735e-04
9.808480e-04
-3.977866e-04
-4.780294e-05
-7.801319e-04
2.448735e-04
-2.102737e-04
1.803315e-03
-1.922671e-04
-1.645647e-03
1.911581e-04
-3.362356e-04
9.856665e-04
-3.362388e-05
-8.069651e-04
1.911581e-04
-3.362356e-04
9.856665e-04
-3.362388e-05
-8.069651e-04
1.911581e-04
-2.017415e-04
-6.724709e-04
-2.017415e-04
8.847959e-04
1.911581e-04
-3.362356e-04
9.856665e-04
-3.362388e-05
-8.069651e-04
1.911581e-04
3.199206e-04
-6.052271e-05
-4.034827e-04
-4.707329e-05
1.911581e-04
-1.075953e-03
-6.725059e-06
1.026015e-03
-1.344945e-04
1.911581e-04
-1.075953e-03
-6.725059e-06
1.026015e-03
-1.344945e-04
1.911581e-04
3.199206e-04
-6.052271e-05
-4.034827e-04
-4.707329e-05
1.911581e-04
-1.075953e-03
-6.725059e-06
1.026015e-03
-1.344945e-04
1.911581e-04
-1.075953e-03
-6.725059e-06
1.026015e-03
-1.344945e-04
1.911581e-04
-3.884227e-04
-7.128259e-06
3.382321e-04
-1.338393e-04
1.911581e-04
-1.075953e-03
-6.725059e-06
1.026015e-03
-1.344945e-04
1.911581e-04
3.199206e-04
-6.052271e-05
-4.034827e-04
-4.707329e-05
1.911581e-04
-3.362356e-04
9.856665e-04
-3.362388e-05
-8.069651e-04
1.911581e-04
-3.362356e-04
9.856665e-04
-3.362388e-05
-8.069651e-04
1.911581e-04
-2.017415e-04
-6.724709e-04
-2.017415e-04
8.847959e-04
1.911581e-04
3.199206e-04
-6.052271e-05
-4.034827e-04
-4.707329e-05
1.911581e-04
-1.075953e-03
-6.725059e-06
1.026015e-03
-1.344945e-04
1.911581e-04
3.199206e-04
-6.052271e-05
-4.034827e-04
-4.707329e-05
1.911581e-04
3.199206e-04
-6.052271e-05
-4.034827e-04
-4.707329e-05
1.911581e-04
-1.130172e-03
1.466439e-03
-3.305894e-04
-1.968360e-04
1.911581e-04
-2.017415e-04
-6.724709e-04
-2.017415e-04
8.847959e-04
1.911581e-04
-2.017415e-04
-6.724709e-04
-2.017415e-04
8.847959e-04
1.911581e-04
3.199206e-04
-6.052271e-05
-4.034827e-04
-4.707329e-05
1.911581e-04
-3.362356e-04
9.856665e-04
-3.362388e-05
-8.069651e-04
1.911581e-04
3.199206e-04
-6.052271e-05
-4.034827e-04
-4.707329e-05
1.911581e-04
3.199206e-04
-6.052271e-05
-4.034827e-04
-4.707329e-05
1.911581e-04
-3.362356e-04
9.856665e-04
-3.362388e-05
-8.069651e-04
1.911581e-04
3.199206e-04
-6.052271e-05
-4.034827e-04
-4.707329e-05
1.911581e-04
-3.362356e-04
9.856665e-04
-3.362388e-05
-8.069651e-04
1.911581e-04
3.199206e-04
-6.052271e-05
-4.034827e-04
-4.707329e-05
1.911581e-04
-2.017415e-04
-6.724709e-04
-2.017415e-04
8.847959e-04
1.911581e-04
3.199206e-04
-6.052271e-05
-4.034827e-04
-4.707329e-05
1.911581e-04
-1.075953e-03
-6.725059e-06
1.026015e-03
-1.344945e-04
1.911581e-04
-3.362356e-04
9.856665e-04
-3.362388e-05
-8.069651e-04
1.911581e-04
-2.017415e-04
-6.724709e-04
-2.017415e-04
8.847959e-04
1.911581e-04
-2.017415e-04
-6.724709e-04
-2.017415e-04
8.847959e-04
1.911581e-04
-2.017415e-04
-6.724709e-04
-2.017415e-04
8.847959e-04
1.911581e-04
3.199206e-04
-6.052271e-05
-4.034827e-04
-4.707329e-05
1.911581e-04
3.199206e-04
-6.052271e-05
-4.034827e-04
-4.707329e-05
1.911581e-04
-2.047749e-04
-5.082479e-04
-1.979499e-04
7.198145e-04
1.911581e-04
-2.017415e-04
-6.724709e-04
-2.017415e-04
8.847959e-04
1.911581e-04
-1.075953e-03
-6.725059e-06
1.026015e-03
-1.344945e-04
1.911581e-04
-2.017415e-04
-6.724709e-04
-2.017415e-04
8.847959e-04
1.911581e-04
-9.747675e-04
1.251705e-03
-3.868507e-04
-8.124449e-05
1.911581e-04
-5.730836e-04
-5.810351e-05
4.910335e-04
-5.100449e-05
1.911581e-04
5.465683e-05
2.108311e-04
-3.977077e-04
-5.893829e-05
1.911581e-04
-1.075953e-03
-6.725059e-06
1.026015e-03
-1.344945e-04
1.911581e-04
-1.075953e-03
-6.725059e-06
1.026015e-03
-1.344945e-04
1.911581e-04
3.199206e-04
-6.052271e-05
-4.034827e-04
-4.707329e-05
1.911581e-04
-1.075953e-03
-6.725059e-06
1.026015e-03
-1.344945e-04
1.911581e-04
3.199206e-04
-6.052271e-05
-4.034827e-04
-4.707329e-05
1.911581e-04
3.199206e-04
-6.052271e-05
-4.034827e-04
-4.707329e-05
1.911581e-04
-2.017415e-04
-6.724709e-04
-2.017415e-04
8.847959e-04
1.911581e-04
-2.017415e-04
-6.724709e-04
-2.017415e-04
8.847959e-04
1.911581e-04
-2.017415e-04
-6.724709e-04
-2.017415e-04
8.847959e-04
1.911581e-04
-2.017415e-04
-6.724709e-04
-2.017415e-04
8.847959e-04
1.911581e-04
-2.017415e-04
-6.724709e-04
-2.017415e-04
8.847959e-04
1.911581e-04
-3.362356e-04
9.856665e-04
-3.362388e-05
-8.069651e-04
1.911581e-04
-2.017415e-04
-6.724709e-04
-2.017415e-04
8.847959e-04
1.911581e-04
3.199206e-04
-6.052271e-05
-4.034827e-04
-4.707329e-05
1.911581e-04
-2.017415e-04
-6.724709e-04
-2.017415e-04
8.847959e-04
1.911581e-04
-2.017415e-04
-6.724709e-04
-2.017415e-04
8.847959e-04
1.911581e-04
-1.075953e-03
-6.725059e-06
1.026015e-03
-1.344945e-04
1.911581e-04
-3.331276e-04
1.356546e-03
-3.750888e-05
-1.177068e-03
1.911581e-04
3.199206e-04
-6.052271e-05
-4.034827e-04
-4.707329e-05
1.911581e-04
3.199206e-04
-6.052271e-05
-4.034827e-04
-4.707329e-05
1.911581e-04
-2.027495e-04
-6.382697e-04
-2.004815e-04
8.503427e-04
1.911581e-04
3.199206e-04
-6.052271e-05
-4.034827e-04
-4.707329e-05
1.911581e-04
-3.362356e-04
9.856665e-04
-3.362388e-05
-8.069651e-04
1.911581e-04
3.199206e-04
-6.052271e-05
-4.034827e-04
-4.707329e-05
1.911581e-04
3.531338e-03
-5.629284e-05
-3.612256e-03
-5.394683e-05
1.911581e-04
-3.362356e-04
9.856665e-04
-3.362388e-05
-8.069651e-04
1.911581e-04
3.199206e-04
-6.052271e-05
-4.034827e-04
-4.707329e-05
1.911581e-04
-3.266596e-04
-1.320627e-03
4.786217e-04
9.775063e-04
1.911581e-04
-3.352276e-04
9.200413e-04
-3.488388e-05
-7.410879e-04
1.911581e-04
3.199206e-04
-6.052271e-05
-4.034827e-04
-4.707329e-05
1.911581e-04
-2.017415e-04
-6.724709e-04
-2.017415e-04
8.847959e-04
1.911581e-04
-2.017415e-04
-6.724709e-04
-2.017415e-04
8.847959e-04
1.911581e-04
-1.075953e-03
-6.725059e-06
1.026015e-03
-1.344945e-04
1.911581e-04
-2.017415e-04
-6.724709e-04
-2.017415e-04
8.847959e-04
1.911581e-04
-2.017415e-04
-6.724709e-04
-2.017415e-04
8.847959e-04
1.911581e-04
-2.017415e-04
-6.724709e-04
-2.017415e-04
8.847959e-04
1.911581e-04
3.199206e-04
-6.052271e-05
-4.034827e-04
-4.707329e-05
1.911581e-04
3.199206e-04
-6.052271e-05
-4.034827e-04
-4.707329e-05
1.911581e-04
-2.020945e-04
-1.409580e-03
-2.013004e-04
1.621817e-03
1.911581e-04
-1.075953e-03
-6.725059e-06
1.026015e-03
-1.344945e-04
1.911581e-04
-1.075953e-03
-6.725059e-06
1.026015e-03
-1.344945e-04
1.911581e-04
-3.362356e-04
9.856665e-04
-3.362388e-05
-8.069651e-04
1.911581e-04
3.199206e-04
-6.052271e-05
-4.034827e-04
-4.707329e-05
1.911581e-04
-3.362356e-04
9.856665e-04
-3.362388e-05
-8.069651e-04
1.911581e-04
-3.362356e-04
9.856665e-04
-3.362388e-05
-8.069651e-04
1.911581e-04
-2.017415e-04
-6.724709e-04
-2.017415e-04
8.847959e-04
1.911581e-04
3.199206e-04
-6.052271e-05
-4.034827e-04
-4.707329e-05
1.911581e-04
-3.352276e-04
9.514652e-04
-3.488388e-05
-7.725118e-04
1.911581e-04
3.199206e-04
-6.052271e-05
-4.034827e-04
-4.707329e-05
1.911581e-04
3.199206e-04
-6.052271e-05
-4.034827e-04
-4.707329e-05
1.911581e-04
-2.017415e-04
-6.724709e-04
-2.017415e-04
8.847959e-04
-6.801415e-04
9.466457e-04
-3.871072e-05
-1.967110e-04
-3.108251e-05
-6.801415e-04
8.413573e-04
1.359240e-04
-2.548475e-04
-4.229231e-05
-6.801415e-04
1.010305e-03
-3.911392e-05
-2.606225e-04
-3.042731e-05
-3.684822e-04
5.063423e-04
-3.687687e-05
-7.027715e-05
-3.070606e-05
-3.684822e-04
-2.209710e-04
9.272450e-04
1.542827e-04
-4.920744e-04
-3.684822e-04
5.178923e-04
1.373210e-04
-2.455251e-04
-4.120606e-05
1.070318e-03
-7.728452e-04
-4.067047e-06
-2.213779e-04
-7.202753e-05
1.070318e-03
-5.499762e-04
1.555191e-04
9.766871e-04
-1.652548e-03
1.070318e-03
-1.816599e-04
-4.345237e-04
-1.819414e-05
-4.359400e-04
1.822958e-03
-2.042744e-04
-1.331209e-06
-1.591770e-03
-2.558229e-05
1.822958e-03
-6.387346e-05
-1.599428e-03
-6.436699e-06
-1.532195e-04
1.822958e-03
-6.352052e-05
5.410251e-04
-6.877875e-06
-2.293584e-03
1.822958e-03
-3.834601e-05
-1.276921e-04
-3.834601e-05
-1.618573e-03
1.822958e-03
-1.725789e-03
-1.154219e-05
-7.663719e-05
-8.989444e-06
1.822958e-03
-6.387346e-05
-1.599428e-03
-6.436699e-06
-1.532195e-04
1.822958e-03
-1.725789e-03
-1.154219e-05
-7.663719e-05
-8.989444e-06
1.822958e-03
-1.725789e-03
-1.154219e-05
-7.663719e-05
-8.989444e-06
1.822958e-03
-3.834601e-05
-1.276921e-04
-3.834601e-05
-1.618573e-03
1.226040e-03
-2.605711e-03
-1.461088e-05
1.446908e-03
-5.262593e-05
1.226040e-03
-1.835293e-03
8.150450e-04
-9.166234e-05
-1.141295e-04
1.226040e-03
-1.838326e-03
9.792680e-04
-8.787068e-05
-2.791109e-04
1.070318e-03
-1.837401e-03
-2.159536e-04
-6.355534e-04
1.618591e-03
1.070318e-03
8.677669e-04
-1.620610e-03
-1.477851e-04
-1.696894e-04
1.070318e-03
-1.843575e-03
1.153362e-03
-8.839463e-05
-2.917099e-04
-6.801415e-04
1.745439e-03
-2.362027e-05
-9.860726e-04
-5.560448e-05
-6.801415e-04
6.307497e-04
3.157864e-04
-1.945949e-04
-7.179968e-05
-6.801415e-04
1.917354e-04
-1.112236e-04
-1.274020e-04
7.270316e-04
1.911581e-04
3.715387e-04
-4.378586e-05
-4.446403e-04
-7.427067e-05
1.911581e-04
-2.921999e-04
2.221069e-04
-3.769493e-05
-8.337016e-05
1.911581e-04
3.695666e-04
2.278053e-04
-3.296292e-04
-4.589008e-04
1.911581e-04
-2.861333e-04
-8.688284e-05
-4.527826e-05
2.271363e-04
1.911581e-04
-2.241375e-04
7.612394e-04
-1.401427e-04
-5.881173e-04
1.911581e-04
7.005418e-04
-1.090164e-04
-3.351732e-04
-4.475104e-04
1.911581e-04
-5.027956e-04
-1.712588e-04
1.138437e-03
-6.555407e-04
1.911581e-04
-7.960108e-04
-3.505318e-04
1.237408e-03
-2.820234e-04
1.911581e-04
-6.534677e-04
-6.743537e-04
-2.423427e-04
1.379006e-03
1.911581e-04
-1.212969e-03
-2.221871e-05
1.153347e-03
-1.093173e-04
1.911581e-04
1.981836e-03
-1.648408e-03
-3.332822e-04
-1.913034e-04
1.911581e-04
2.331743e-05
-2.117495e-04
-1.700072e-04
1.672811e-04
2.448735e-04
2.675459e-04
-6.068135e-05
-4.045414e-04
-4.719665e-05
2.448735e-04
5.031244e-04
8.001728e-05
-3.414774e-04
-4.865377e-04
2.448735e-04
2.453526e-05
-8.847264e-04
-1.727203e-04
7.880380e-04
2.448735e-04
-7.410757e-04
-5.035177e-04
4.092506e-05
9.587949e-04
2.448735e-04
-3.704845e-04
6.560791e-04
2.482811e-04
-7.787492e-04
2.448735e-04
9.819447e-06
-8.828469e-05
-3.954414e-04
2.290331e-04
-6.760000e-08
2.166679e-04
-5.841333e-05
-1.069236e-04
-5.126333e-05
-6.760000e-08
-3.369920e-04
6.350966e-04
-3.506000e-05
-2.629770e-04
-6.760000e-08
9.885143e-04
-6.003360e-05
-8.797827e-04
-4.863040e-05
-6.760000e-08
-3.557366e-04
-5.878667e-05
4.652475e-04
-5.065667e-05
-6.760000e-08
7.081747e-04
-6.000000e-05
-5.994221e-04
-4.868500e-05
-6.760000e-08
-1.049364e-03
-7.163200e-06
1.191140e-03
-1.345448e-04
-6.760000e-08
-7.569310e-04
-7.600000e-06
8.984336e-04
-1.338350e-04
-6.760000e-08
4.891941e-04
-3.011650e-05
-3.998250e-04
-5.918500e-05
-1.306801e-04
-1.982515e-04
-6.608348e-04
-1.982515e-04
1.188018e-03
-1.306801e-04
-1.057335e-03
-6.609850e-06
1.326793e-03
-1.321682e-04
-6.760000e-08
-4.666924e-03
-6.853333e-06
4.808893e-03
-1.350483e-04
-6.760000e-08
1.033048e-03
-5.959680e-05
-9.240432e-04
-4.934020e-05
-6.760000e-08
-3.580741e-04
-7.163200e-06
4.998497e-04
-1.345448e-04
-6.760000e-08
-2.164500e-04
-6.656050e-04
-3.907632e-04
1.272886e-03
-6.760000e-08
5.494708e-04
2.722112e-04
-5.597600e-05
-7.656384e-04
-6.760000e-08
-2.162493e-04
-2.961131e-03
-1.859883e-04
3.363436e-03
-6.760000e-08
-2.663377e-05
4.825446e-04
-4.028280e-04
-5.301520e-05
-6.760000e-08
-5.647969e-04
-9.179200e-06
7.053125e-04
-1.312688e-04
-6.760000e-08
-2.798844e-04
1.122029e-03
-3.657200e-05
-8.055048e-04
-6.760000e-08
2.034692e-04
6.206217e-04
-5.369167e-05
-7.703317e-04
-6.760000e-08
8.948135e-04
-6.000000e-05
-7.860609e-04
-4.868500e-05
-6.760000e-08
-3.328667e-04
1.231699e-03
-4.021667e-05
-8.585484e-04
-5.325844e-04
-9.497469e-04
-5.944108e-06
1.607001e-03
-1.187256e-04
-5.325844e-04
-9.497469e-04
-5.944108e-06
1.607001e-03
-1.187256e-04
-5.325844e-04
9.837350e-04
-5.343104e-05
-3.561602e-04
-4.155931e-05
5.728554e-04
-1.763020e-04
-4.697023e-05
-3.130474e-04
-3.653583e-05
5.728554e-04
-1.763020e-04
-4.697023e-05
-3.130474e-04
-3.653583e-05
5.728554e-04
-3.555196e-04
-5.121804e-04
-1.596814e-04
4.545260e-04
5.728554e-04
-1.763020e-04
-4.697023e-05
-3.130474e-04
-3.653583e-05
5.728554e-04
-1.763020e-04
-4.697023e-05
-3.130474e-04
-3.653583e-05
5.728554e-04
-1.565314e-04
-5.217354e-04
-1.565314e-04
2.619428e-04
1.348193e-03
-9.085650e-04
-5.206756e-05
-3.470618e-04
-4.049916e-05
1.348193e-03
-9.085650e-04
-5.206756e-05
-3.470618e-04
-4.049916e-05
1.348193e-03
8.962801e-05
-5.688748e-04
-1.766858e-04
-6.922610e-04
1.880710e-03
-1.378472e-03
-5.947652e-05
-3.965015e-04
-4.625985e-05
1.880710e-03
-1.698884e-03
-1.114585e-05
-4.588370e-05
-1.247972e-04
1.880710e-03
-1.982515e-04
-6.608348e-04
-1.982515e-04
-8.233724e-04
-6.760000e-08
1.934164e-04
-1.250933e-05
-5.498218e-05
-1.258573e-04
-6.760000e-08
-1.074453e-03
-7.163200e-06
1.216229e-03
-1.345448e-04
-6.760000e-08
-3.349667e-04
1.271978e-03
-3.759167e-05
-8.993519e-04
-6.760000e-08
-5.479344e-04
-7.163200e-06
6.897100e-04
-1.345448e-04
-6.760000e-08
-2.038080e-04
-1.403688e-04
-2.015400e-04
5.457844e-04
-6.760000e-08
-1.377715e-05
-6.043680e-05
1.222567e-04
-4.797520e-05
-6.760000e-08
-1.314466e-04
-5.959680e-05
2.404512e-04
-4.934020e-05
-6.760000e-08
-1.179965e-03
1.166764e-03
2.159634e-04
-2.026948e-04
-6.760000e-08
-4.080949e-04
1.174236e-03
-1.086440e-04
-6.574296e-04
-6.760000e-08
-1.087030e-03
-7.163200e-06
1.228805e-03
-1.345448e-04
-6.760000e-08
-2.038080e-04
-6.103748e-04
-2.015400e-04
1.015790e-03
-6.760000e-08
-3.354833e-04
-3.444524e-03
-3.694583e-05
3.817021e-03
-6.760000e-08
-3.359000e-04
5.973579e-04
-3.642500e-05
-2.249653e-04
-6.760000e-08
1.035753e-03
-6.069882e-05
-9.274375e-04
-4.754941e-05
-6.760000e-08
-2.038080e-04
1.349622e-05
-2.015400e-04
3.919194e-04
-6.760000e-08
-3.031027e-04
1.677513e-04
-7.742167e-05
2.128407e-04
-6.760000e-08
5.441479e-04
-6.003360e-05
-4.354163e-04
-4.863040e-05
-6.760000e-08
-3.359000e-04
9.984747e-04
-3.642500e-05
-6.260821e-04
-6.760000e-08
-2.049000e-04
-3.472360e-04
-2.001750e-04
7.523786e-04
-6.760000e-08
1.110068e-02
-1.064702e-02
-4.049583e-04
-4.863833e-05
-6.760000e-08
-2.058333e-04
-2.572407e-04
-1.990083e-04
6.621499e-04
-6.760000e-08
-5.479344e-04
-7.163200e-06
6.897100e-04
-1.345448e-04
-6.760000e-08
-3.376471e-04
2.935096e-03
-3.424118e-05
-2.563141e-03
-6.760000e-08
-6.042855e-04
-7.163200e-06
7.460611e-04
-1.345448e-04
-6.760000e-08
-1.032385e-03
-7.163200e-06
1.174161e-03
-1.345448e-04
-6.760000e-08
-1.983803e-05
-6.043680e-05
1.283176e-04
-4.797520e-05
-6.760000e-08
-5.539953e-04
-7.163200e-06
6.957709e-04
-1.345448e-04
-6.760000e-08
-2.164500e-04
-6.656050e-04
5.128607e-04
3.692619e-04
-6.760000e-08
-3.376471e-04
6.860671e-04
-3.424118e-05
-3.141113e-04
4.920807e-04
-2.022708e-04
-6.742355e-04
-2.022708e-04
5.866963e-04
4.920807e-04
2.033869e-05
-6.068135e-05
-4.045414e-04
-4.719665e-05
4.920807e-04
4.685881e-04
-7.244186e-04
-8.738794e-05
-1.488622e-04
4.920807e-04
-2.032788e-04
5.125607e-05
-2.010108e-04
-1.390472e-04
4.920807e-04
2.033869e-05
-6.068135e-05
-4.045414e-04
-4.719665e-05
4.920807e-04
-1.078777e-03
-6.742529e-06
7.282857e-04
-1.348472e-04
4.920807e-04
-2.032788e-04
-8.638722e-04
-2.010108e-04
7.760811e-04
4.920807e-04
-2.022708e-04
-6.742355e-04
-2.022708e-04
5.866963e-04
4.920807e-04
-1.078777e-03
-6.742529e-06
7.282857e-04
-1.348472e-04
4.920807e-04
-1.078777e-03
-6.742529e-06
7.282857e-04
-1.348472e-04
4.920807e-04
2.033869e-05
-6.068135e-05
-4.045414e-04
-4.719665e-05
4.920807e-04
-9.353700e-04
-7.145729e-06
5.846271e-04
-1.341920e-04
4.920807e-04
-2.022708e-04
-6.742355e-04
-2.022708e-04
5.866963e-04
4.920807e-04
2.033869e-05
-6.068135e-05
-4.045414e-04
-4.719665e-05
4.920807e-04
2.033869e-05
-6.068135e-05
-4.045414e-04
-4.719665e-05
4.920807e-04
-2.022708e-04
-6.742355e-04
-2.022708e-04
5.866963e-04
4.920807e-04
2.033869e-05
-6.068135e-05
-4.045414e-04
-4.719665e-05
4.920807e-04
-1.046541e-03
-7.145729e-06
6.957981e-04
-1.341920e-04
4.920807e-04
2.033869e-05
-6.068135e-05
-4.045414e-04
-4.719665e-05
4.920807e-04
-2.022708e-04
-6.742355e-04
-2.022708e-04
5.866963e-04
4.920807e-04
-3.371178e-04
6.878316e-04
-3.371194e-05
-8.090825e-04
4.920807e-04
-2.022708e-04
-6.742355e-04
-2.022708e-04
5.866963e-04
4.920807e-04
-3.371178e-04
6.878316e-04
-3.371194e-05
-8.090825e-04
4.920807e-04
2.033869e-05
-6.068135e-05
-4.045414e-04
-4.719665e-05
4.920807e-04
2.615303e-04
-5.987495e-05
-6.452289e-04
-4.850705e-05
4.920807e-04
-1.124971e-03
-6.172295e-05
7.922988e-04
-9.768538e-05
4.920807e-04
1.197522e-04
2.163456e-04
-4.757194e-05
-7.806065e-04
4.920807e-04
2.033869e-05
-6.068135e-05
-4.045414e-04
-4.719665e-05
4.920807e-04
-1.078777e-03
-6.742529e-06
7.282857e-04
-1.348472e-04
4.920807e-04
-8.894563e-04
8.695760e-04
-3.851374e-04
-8.706305e-05
4.920807e-04
-2.022708e-04
-6.742355e-04
-2.022708e-04
5.866963e-04
4.920807e-04
2.033869e-05
-6.068135e-05
-4.045414e-04
-4.719665e-05
4.920807e-04
-2.022708e-04
-6.742355e-04
-2.022708e-04
5.866963e-04
4.920807e-04
-2.043708e-04
-8.554787e-04
-1.996458e-04
7.674145e-04
4.920807e-04
-2.022708e-04
-6.742355e-04
-2.022708e-04
5.866963e-04
4.920807e-04
-1.078777e-03
-6.742529e-06
7.282857e-04
-1.348472e-04
4.920807e-04
-1.078777e-03
-6.742529e-06
7.282857e-04
-1.348472e-04
4.920807e-04
-1.078777e-03
-6.742529e-06
7.282857e-04
-1.348472e-04
4.920807e-04
2.033869e-05
-6.068135e-05
-4.045414e-04
-4.719665e-05
4.920807e-04
-3.371178e-04
6.878316e-04
-3.371194e-05
-8.090825e-04
4.920807e-04
2.033869e-05
-6.068135e-05
-4.045414e-04
-4.719665e-05
4.920807e-04
2.033869e-05
-6.068135e-05
-4.045414e-04
-4.719665e-05
4.920807e-04
-3.371178e-04
6.878316e-04
-3.371194e-05
-8.090825e-04
4.920807e-04
2.033869e-05
-6.068135e-05
-4.045414e-04
-4.719665e-05
4.920807e-04
-2.022708e-04
-6.742355e-04
-2.022708e-04
5.866963e-04
4.920807e-04
-1.078777e-03
-6.742529e-06
7.282857e-04
-1.348472e-04
4.920807e-04
2.033869e-05
-6.068135e-05
-4.045414e-04
-4.719665e-05
4.920807e-04
-3.371178e-04
6.878316e-04
-3.371194e-05
-8.090825e-04
4.920807e-04
-3.371178e-04
6.878316e-04
-3.371194e-05
-8.090825e-04
4.920807e-04
-2.022708e-04
-6.742355e-04
-2.022708e-04
5.866963e-04
4.920807e-04
-1.078777e-03
-6.742529e-06
7.282857e-04
-1.348472e-04
4.920807e-04
-1.078777e-03
-6.742529e-06
7.282857e-04
-1.348472e-04
4.920807e-04
2.033869e-05
-6.068135e-05
-4.045414e-04
-4.719665e-05
4.920807e-04
-2.022708e-04
-6.742355e-04
-2.022708e-04
5.866963e-04
4.920807e-04
-1.078777e-03
-6.742529e-06
7.282857e-04
-1.348472e-04
4.920807e-04
-3.371178e-04
6.878316e-04
-3.371194e-05
-8.090825e-04
4.920807e-04
2.033869e-05
-6.068135e-05
-4.045414e-04
-4.719665e-05
4.920807e-04
-1.078777e-03
-6.742529e-06
7.282857e-04
-1.348472e-04
4.920807e-04
-2.022708e-04
-6.742355e-04
-2.022708e-04
5.866963e-04
4.920807e-04
-1.078777e-03
-6.742529e-06
7.282857e-04
-1.348472e-04
4.920807e-04
-1.078777e-03
-6.742529e-06
7.282857e-04
-1.348472e-04
4.920807e-04
-1.078777e-03
-6.742529e-06
7.282857e-04
-1.348472e-04
4.920807e-04
2.033869e-05
-6.068135e-05
-4.045414e-04
-4.719665e-05
4.920807e-04
-2.022708e-04
-6.742355e-04
-2.022708e-04
5.866963e-04
4.920807e-04
2.033869e-05
-6.068135e-05
-4.045414e-04
-4.719665e-05
4.920807e-04
-5.451110e-04
-7.145729e-06
1.943681e-04
-1.341920e-04
4.920807e-04
2.033869e-05
-6.068135e-05
-4.045414e-04
-4.719665e-05
4.920807e-04
-1.078777e-03
-6.742529e-06
7.282857e-04
-1.348472e-04
4.920807e-04
2.033869e-05
-6.068135e-05
-4.045414e-04
-4.719665e-05
4.920807e-04
2.033869e-05
-6.068135e-05
-4.045414e-04
-4.719665e-05
4.920807e-04
2.033869e-05
-6.068135e-05
-4.045414e-04
-4.719665e-05
4.920807e-04
-2.022708e-04
-6.742355e-04
-2.022708e-04
5.866963e-04
4.920807e-04
-2.022708e-04
-6.742355e-04
-2.022708e-04
5.866963e-04
4.920807e-04
2.033869e-05
-6.068135e-05
-4.045414e-04
-4.719665e-05
4.920807e-04
-1.078777e-03
-6.742529e-06
7.282857e-04
-1.348472e-04
4.920807e-04
-2.022708e-04
-6.742355e-04
-2.022708e-04
5.866963e-04
4.920807e-04
2.033869e-05
-6.068135e-05
-4.045414e-04
-4.719665e-05
4.920807e-04
2.033869e-05
-6.068135e-05
-4.045414e-04
-4.719665e-05
4.920807e-04
-2.022708e-04
-6.742355e-04
-2.022708e-04
5.866963e-04
-6.760000e-08
-1.616156e-03
-7.600000e-06
1.757658e-03
-1.338350e-04
-6.760000e-08
1.545472e-03
-5.864597e-04
1.929997e-04
-1.151944e-03
-6.760000e-08
-2.974027e-04
1.934304e-03
-8.454667e-05
-1.552287e-03
-6.760000e-08
-1.701005e-03
-8.843200e-06
1.841730e-03
-1.318148e-04
-6.760000e-08
4.675053e-04
-1.159455e-05
-4.028280e-04
-5.301520e-05
-6.760000e-08
-5.856717e-04
-7.566400e-06
7.271953e-04
-1.338896e-04
-6.760000e-08
-2.049000e-04
-6.357215e-04
-2.001750e-04
1.040864e-03
-6.760000e-08
-5.479344e-04
-7.163200e-06
6.897100e-04
-1.345448e-04
-6.760000e-08
-1.603526e-03
-6.901176e-06
1.745465e-03
-1.349706e-04
-6.760000e-08
3.225838e-04
-5.307840e-05
-2.095052e-04
-5.993260e-05
-6.760000e-08
-1.983803e-05
-6.043680e-05
1.283176e-04
-4.797520e-05
-4.058293e-04
9.116124e-04
-5.989605e-05
-3.993010e-04
-4.658605e-05
-4.058293e-04
9.116124e-04
-5.989605e-05
-3.993010e-04
-4.658605e-05
-6.760000e-08
-2.049000e-04
-9.029034e-05
-2.001750e-04
4.954329e-04
-6.760000e-08
-2.031529e-04
-4.262067e-04
-2.023588e-04
8.317860e-04
-6.760000e-08
4.711650e-04
-6.542640e-05
-4.040880e-04
-1.583044e-06
-6.760000e-08
-4.872297e-03
-6.994510e-06
5.014178e-03
-1.348189e-04
-6.760000e-08
-3.359000e-04
1.142789e-03
-3.642500e-05
-7.703965e-04
-6.760000e-08
-1.954492e-03
-6.901176e-06
2.096431e-03
-1.349706e-04
-6.760000e-08
-5.974359e-04
-6.664450e-04
-2.059500e-04
1.469898e-03
1.374099e-04
-1.064801e-03
-6.656050e-06
1.067148e-03
-1.331010e-04
1.374099e-04
-2.078830e-04
1.104678e-03
-1.893610e-04
-8.448440e-04
-6.760000e-08
1.789934e-05
-6.003360e-05
9.083226e-05
-4.863040e-05
-6.760000e-08
-1.353029e-03
-5.922720e-05
1.462264e-03
-4.994080e-05
-6.760000e-08
-3.359840e-04
6.832081e-04
-3.632000e-05
-3.108365e-04
-6.760000e-08
-2.174580e-04
-1.360347e-04
-7.239177e-04
1.077478e-03
-6.760000e-08
8.270912e-04
-6.000000e-05
-7.183386e-04
-4.868500e-05
-6.760000e-08
4.501680e-04
-6.043680e-05
-3.416884e-04
-4.797520e-05
-6.760000e-08
2.731856e-04
-6.043680e-05
-1.647060e-04
-4.797520e-05
-6.760000e-08
4.046121e-04
-6.000000e-05
-2.958595e-04
-4.868500e-05
-6.760000e-08
2.305387e-04
2.285389e-04
-3.998250e-04
-5.918500e-05
-6.760000e-08
5.633790e-04
-6.069882e-05
-4.550631e-04
-4.754941e-05
-6.760000e-08
-2.492520e-04
5.319963e-04
-1.447350e-04
-1.379417e-04
-6.760000e-08
-3.369920e-04
9.458585e-04
-3.506000e-05
-5.737389e-04
-6.760000e-08
-1.603526e-03
-6.901176e-06
1.745465e-03
-1.349706e-04
-6.760000e-08
-1.603526e-03
-6.901176e-06
1.745465e-03
-1.349706e-04
-6.760000e-08
-9.031898e-04
-7.600000e-06
1.044692e-03
-1.338350e-04
-6.760000e-08
-3.880110e-04
-5.267520e-05
5.013416e-04
-6.058780e-05
-6.760000e-08
-3.369920e-04
1.173955e-03
-3.506000e-05
-8.018355e-04
-6.760000e-08
-3.422031e-04
-7.566400e-06
4.837267e-04
-1.338896e-04
-6.760000e-08
1.586643e-04
-6.043680e-05
-5.018470e-05
-4.797520e-05
-6.760000e-08
-1.066265e-03
-7.163200e-06
1.208040e-03
-1.345448e-04
-6.760000e-08
-1.344318e-03
-8.440000e-06
1.485296e-03
-1.324700e-04
-6.760000e-08
-1.716625e-04
-5.673333e-05
2.824568e-04
-5.399333e-05
-6.760000e-08
6.021067e-05
-7.969600e-06
8.106093e-05
-1.332344e-04
-6.760000e-08
-2.164500e-04
-6.656050e-04
-5.864109e-04
1.468533e-03
-6.760000e-08
-7.264367e-04
-7.163200e-06
8.682123e-04
-1.345448e-04
-6.760000e-08
-1.077739e-03
1.921783e-03
-3.477059e-05
-8.092059e-04
1.224532e-04
3.797847e-04
-5.947652e-05
-3.965015e-04
-4.625985e-05
1.224532e-04
3.797847e-04
-5.947652e-05
-3.965015e-04
-4.625985e-05
1.224532e-04
-1.057335e-03
-6.609850e-06
1.073660e-03
-1.321682e-04
1.224532e-04
3.797847e-04
-5.947652e-05
-3.965015e-04
-4.625985e-05
1.224532e-04
-1.057335e-03
-6.609850e-06
1.073660e-03
-1.321682e-04
-6.760000e-08
-1.035650e-03
-7.163200e-06
1.177426e-03
-1.345448e-04
-6.760000e-08
-8.047862e-04
-7.600000e-06
9.462888e-04
-1.338350e-04
-6.760000e-08
-2.240100e-04
-7.304144e-04
-1.156884e-04
1.070180e-03
-6.760000e-08
-2.038080e-04
-1.203517e-03
-2.015400e-04
1.608932e-03
-6.760000e-08
-1.427496e-05
-5.922720e-05
1.235106e-04
-4.994080e-05
-6.760000e-08
-3.580741e-04
-7.163200e-06
4.998497e-04
-1.345448e-04
-6.760000e-08
-4.666924e-03
-6.853333e-06
4.808893e-03
-1.350483e-04
-6.760000e-08
-8.047862e-04
-7.600000e-06
9.462888e-04
-1.338350e-04
-6.760000e-08
-2.164500e-04
-6.656050e-04
-7.399806e-04
1.622103e-03
-6.760000e-08
-2.038080e-04
-6.103748e-04
-2.015400e-04
1.015790e-03
-6.760000e-08
-1.601353e-03
-7.600000e-06
1.742855e-03
-1.338350e-04
-6.760000e-08
-2.059080e-04
1.320441e-04
-1.989150e-04
2.728465e-04
-6.760000e-08
-1.035650e-03
-7.163200e-06
1.177426e-03
-1.345448e-04
-6.760000e-08
-9.011021e-04
-7.600000e-06
1.042605e-03
-1.338350e-04
-6.760000e-08
9.956612e-04
-6.043680e-05
-8.871816e-04
-4.797520e-05
-6.760000e-08
-3.377667e-04
4.994042e-03
-3.409167e-05
-4.622116e-03
-6.760000e-08
-1.954492e-03
-6.901176e-06
2.096431e-03
-1.349706e-04
-6.760000e-08
6.991658e-04
-6.000000e-05
-5.904132e-04
-4.868500e-05
-6.760000e-08
-2.049000e-04
-5.365068e-05
-2.001750e-04
4.587933e-04
-6.760000e-08
3.515743e-04
-6.000000e-05
-2.428217e-04
-4.868500e-05
-6.760000e-08
4.776441e-04
-6.000000e-05
-3.688915e-04
-4.868500e-05
-6.760000e-08
-5.355946e-04
-7.163200e-06
6.773702e-04
-1.345448e-04
-6.760000e-08
-5.213581e-04
-7.464167e-05
-4.010500e-04
9.971174e-04
-6.760000e-08
-9.011021e-04
-7.600000e-06
1.042605e-03
-1.338350e-04
-6.760000e-08
-1.522047e-03
-8.776000e-06
1.662814e-03
-1.319240e-04
-6.760000e-08
4.046121e-04
-6.000000e-05
-2.958595e-04
-4.868500e-05
-6.760000e-08
-2.053167e-04
2.672927e-03
-1.996542e-04
-2.267889e-03
-6.760000e-08
-1.075048e-03
-1.174960e-05
5.013617e-04
5.855035e-04
-6.760000e-08
-5.533640e-04
-7.566400e-06
6.948876e-04
-1.338896e-04
-6.760000e-08
7.498918e-04
-2.910578e-04
-4.000560e-04
-5.871040e-05
-6.760000e-08
-2.361060e-04
-6.506362e-04
2.269311e-04
6.598787e-04
-6.760000e-08
-4.919431e-05
-5.842080e-05
1.589339e-04
-5.125120e-05
-6.760000e-08
3.651308e-05
-6.043680e-05
7.196652e-05
-4.797520e-05
-6.760000e-08
1.586643e-04
-6.043680e-05
-5.018470e-05
-4.797520e-05
-6.760000e-08
-7.264367e-04
-7.163200e-06
8.682123e-04
-1.345448e-04
-6.760000e-08
2.370138e-04
-6.000000e-05
-1.282612e-04
-4.868500e-05
-6.760000e-08
-9.381934e-04
-7.163200e-06
1.079969e-03
-1.345448e-04
-6.760000e-08
-1.377715e-05
-6.043680e-05
1.222567e-04
-4.797520e-05
-6.760000e-08
-6.687557e-04
-7.973333e-06
8.100249e-04
-1.332283e-04
-6.760000e-08
-1.045417e-03
-7.600000e-06
1.186919e-03
-1.338350e-04
-6.760000e-08
3.333297e-04
-6.000000e-05
-2.245771e-04
-4.868500e-05
-6.760000e-08
1.078630e-03
-6.621983e-04
-2.073500e-04
-2.090138e-04
-6.760000e-08
6.211990e-04
-1.881051e-05
-4.867030e-04
-1.156179e-04
-6.760000e-08
1.381957e-03
-6.380441e-04
-3.401308e-05
-7.098325e-04
-6.760000e-08
1.976720e-04
-5.795092e-04
-1.216169e-03
1.598074e-03
-6.760000e-08
-3.359000e-04
8.543036e-04
-3.642500e-05
-4.819110e-04
-6.760000e-08
-2.225167e-04
-6.609850e-04
1.709973e-03
-8.264042e-04
-6.760000e-08
7.775174e-04
-5.959680e-05
-6.685128e-04
-4.934020e-05
-6.760000e-08
-2.090807e-03
-5.176427e-05
2.204707e-03
-6.206807e-05
-6.760000e-08
-3.956872e-04
-8.376533e-06
5.367045e-04
-1.325731e-04
-6.760000e-08
-9.919720e-04
8.268592e-04
3.818604e-04
-2.166800e-04
-6.760000e-08
-2.038080e-04
-1.464297e-04
-2.015400e-04
5.518453e-04
-6.760000e-08
-3.369920e-04
1.549485e-03
-3.506000e-05
-1.177365e-03
-6.760000e-08
2.199359e-04
-6.668272e-04
-2.058240e-04
6.527829e-04
-6.760000e-08
-2.069160e-04
-7.821765e-04
-1.976550e-04
1.186815e-03
-6.760000e-08
-3.338840e-04
1.632190e-03
-3.894500e-05
-1.259293e-03
-6.760000e-08
-3.359000e-04
1.142789e-03
-3.642500e-05
-7.703965e-04
-6.760000e-08
2.199359e-04
-6.668272e-04
-2.058240e-04
6.527829e-04
-6.760000e-08
-3.307760e-04
9.433880e-04
-4.283000e-05
-5.697144e-04
-6.760000e-08
-2.058333e-04
-1.080922e-03
-1.990083e-04
1.485831e-03
-6.760000e-08
2.785841e-04
-6.043680e-05
-1.701045e-04
-4.797520e-05
-6.760000e-08
-1.659441e-04
1.736210e-03
-4.346000e-05
-1.526739e-03
-6.760000e-08
-1.983803e-05
-6.043680e-05
1.283176e-04
-4.797520e-05
-6.760000e-08
-7.409365e-04
-8.440000e-06
8.819141e-04
-1.324700e-04
-6.760000e-08
-2.669765e-05
-7.973333e-06
1.679669e-04
-1.332283e-04
-6.760000e-08
-3.369920e-04
1.372704e-03
-3.506000e-05
-1.000585e-03
-6.760000e-08
-2.112000e-04
-1.109890e-03
-1.923000e-04
1.513457e-03
-6.760000e-08
-2.038080e-04
-1.280290e-04
-2.015400e-04
5.334446e-04
-6.760000e-08
-3.359840e-04
6.832081e-04
-3.632000e-05
-3.108365e-04
-6.760000e-08
7.182240e-04
-5.962667e-05
-6.092381e-04
-4.929167e-05
-6.760000e-08
8.741258e-04
-4.171787e-05
-7.539469e-04
-7.839347e-05
-6.760000e-08
-3.377667e-04
1.148481e-02
-3.409167e-05
-1.111288e-02
-6.760000e-08
5.066822e-04
-7.788922e-04
-2.260050e-04
4.982826e-04
-6.760000e-08
6.991658e-04
-6.000000e-05
-5.904132e-04
-4.868500e-05
-6.760000e-08
1.627559e-04
-3.026773e-05
-3.542059e-05
-9.699993e-05
-6.760000e-08
1.487239e-03
-5.959680e-05
-1.378234e-03
-4.934020e-05
2.286820e-04
-2.012885e-04
-6.709605e-04
-2.012885e-04
8.448555e-04
2.286820e-04
-2.012885e-04
-6.709605e-04
-2.012885e-04
8.448555e-04
2.286820e-04
-1.073537e-03
-6.710104e-06
9.857571e-04
-1.341925e-04
2.286820e-04
2.812491e-04
-6.038690e-05
-4.025765e-04
-4.696770e-05
2.286820e-04
-3.354805e-04
9.454995e-04
-3.354850e-05
-8.051525e-04
2.286820e-04
2.812491e-04
-6.038690e-05
-4.025765e-04
-4.696770e-05
2.286820e-04
-1.073537e-03
-6.710104e-06
9.857571e-04
-1.341925e-04
2.286820e-04
-2.012885e-04
-6.709605e-04
-2.012885e-04
8.448555e-04
-6.760000e-08
7.211424e-04
-2.671313e-04
-4.046294e-04
-4.931412e-05
-2.096052e-04
-3.371178e-04
1.389518e-03
-3.371194e-05
-8.090825e-04
-6.760000e-08
6.317161e-04
-1.577789e-04
-3.857340e-04
-8.813560e-05
-6.760000e-08
9.203632e-04
-9.216533e-06
-7.798709e-04
-1.312081e-04
-6.760000e-08
-2.943294e-04
1.136474e-03
-3.657200e-05
-8.055048e-04
-6.760000e-08
-3.369920e-04
4.935714e-04
-3.506000e-05
-1.214518e-04
-6.760000e-08
-3.369920e-04
1.468788e-03
-3.506000e-05
-1.096668e-03
-6.760000e-08
-5.297136e-04
-6.664450e-04
-2.059500e-04
1.402176e-03
-6.760000e-08
-2.164500e-04
-6.656050e-04
-2.737961e-04
1.155919e-03
-6.760000e-08
1.048383e-03
-6.000000e-05
-9.396306e-04
-4.868500e-05
-6.760000e-08
-8.242343e-04
-7.163200e-06
9.660099e-04
-1.345448e-04
-6.760000e-08
-1.954492e-03
-6.901176e-06
2.096431e-03
-1.349706e-04
-6.760000e-08
-2.301000e-04
-6.552100e-04
3.934327e-04
4.919449e-04
6.895421e-04
-3.317096e-04
4.714408e-04
-3.317209e-05
-7.961013e-04
6.895421e-04
-1.061468e-03
-6.635425e-06
5.112458e-04
-1.326846e-04
6.895421e-04
-3.317096e-04
4.714408e-04
-3.317209e-05
-7.961013e-04
6.895421e-04
-3.317096e-04
4.714408e-04
-3.317209e-05
-7.961013e-04
6.895421e-04
-1.990263e-04
-6.634179e-04
-1.990263e-04
3.719283e-04
6.895421e-04
-1.136366e-02
-6.728758e-06
1.081338e-02
-1.325329e-04
6.895421e-04
-1.990263e-04
-6.634179e-04
-1.990263e-04
3.719283e-04
6.895421e-04
-1.853417e-04
-5.970876e-05
-3.980513e-04
-4.644042e-05
6.895421e-04
-3.317096e-04
4.714408e-04
-3.317209e-05
-7.961013e-04
6.895421e-04
-2.078724e-04
-6.566813e-04
3.027317e-04
-1.277202e-04
6.895421e-04
-1.061468e-03
-6.635425e-06
5.112458e-04
-1.326846e-04
6.895421e-04
-1.061468e-03
-6.635425e-06
5.112458e-04
-1.326846e-04
6.895421e-04
-1.061468e-03
-6.635425e-06
5.112458e-04
-1.326846e-04
6.895421e-04
-1.990263e-04
-6.634179e-04
-1.990263e-04
3.719283e-04
6.895421e-04
-3.317096e-04
4.714408e-04
-3.317209e-05
-7.961013e-04
6.895421e-04
-1.990263e-04
-6.634179e-04
-1.990263e-04
3.719283e-04
6.895421e-04
-3.317096e-04
4.714408e-04
-3.317209e-05
-7.961013e-04
6.895421e-04
-1.990263e-04
-6.634179e-04
-1.990263e-04
3.719283e-04
6.895421e-04
-3.317096e-04
4.714408e-04
-3.317209e-05
-7.961013e-04
6.895421e-04
-1.990263e-04
-6.634179e-04
-1.990263e-04
3.719283e-04
6.895421e-04
-1.853417e-04
-5.970876e-05
-3.980513e-04
-4.644042e-05
6.895421e-04
-1.061468e-03
-6.635425e-06
5.112458e-04
-1.326846e-04
6.895421e-04
-1.061468e-03
-6.635425e-06
5.112458e-04
-1.326846e-04
6.895421e-04
-1.990263e-04
-6.634179e-04
-1.990263e-04
3.719283e-04
6.895421e-04
-1.859366e-04
-6.429516e-05
-3.965393e-04
-4.277115e-05
6.895421e-04
-1.061468e-03
-6.635425e-06
5.112458e-04
-1.326846e-04
6.895421e-04
-4.205852e-04
-5.930556e-05
-1.625557e-04
-4.709562e-05
6.895421e-04
-3.313567e-04
-2.555969e-05
-3.361327e-05
-2.990125e-04
6.895421e-04
-3.317096e-04
4.714408e-04
-3.317209e-05
-7.961013e-04
6.895421e-04
-1.853417e-04
-5.970876e-05
-3.980513e-04
-4.644042e-05
6.895421e-04
-1.061468e-03
-6.635425e-06
5.112458e-04
-1.326846e-04
3.157501e-03
-2.662861e-03
-5.857752e-05
-3.905025e-04
-4.556085e-05
3.157501e-03
-1.952525e-04
-6.508358e-04
-1.952525e-04
-2.116161e-03
3.157501e-03
-1.962605e-04
-6.029205e-04
-1.939925e-04
-2.164328e-03
3.157501e-03
-1.952525e-04
-6.508358e-04
-1.952525e-04
-2.116161e-03
3.157501e-03
-1.041336e-03
-6.510850e-06
-1.979486e-03
-1.301692e-04
3.157501e-03
-2.662861e-03
-5.857752e-05
-3.905025e-04
-4.556085e-05
3.157501e-03
-1.041336e-03
-6.510850e-06
-1.979486e-03
-1.301692e-04
3.157501e-03
-3.254192e-04
-2.018536e-03
-3.254418e-05
-7.810025e-04
3.157501e-03
-3.254192e-04
-2.018536e-03
-3.254418e-05
-7.810025e-04
3.157501e-03
-2.089025e-04
-6.404408e-04
-1.616940e-04
-2.146464e-03
3.157501e-03
-1.041336e-03
-6.510850e-06
-1.979486e-03
-1.301692e-04
3.157501e-03
-1.041336e-03
-6.510850e-06
-1.979486e-03
-1.301692e-04
3.157501e-03
-1.041336e-03
-6.510850e-06
-1.979486e-03
-1.301692e-04
3.157501e-03
-2.662861e-03
-5.857752e-05
-3.905025e-04
-4.556085e-05
3.157501e-03
-1.041336e-03
-6.510850e-06
-1.979486e-03
-1.301692e-04
3.157501e-03
-3.254192e-04
-2.018536e-03
-3.254418e-05
-7.810025e-04
3.157501e-03
-1.952525e-04
-6.508358e-04
-1.952525e-04
-2.116161e-03
3.157501e-03
-3.254192e-04
-2.018536e-03
-3.254418e-05
-7.810025e-04
3.157501e-03
-1.952525e-04
-6.508358e-04
-1.952525e-04
-2.116161e-03
3.157501e-03
-3.254192e-04
-2.018536e-03
-3.254418e-05
-7.810025e-04
3.157501e-03
-1.952525e-04
-6.508358e-04
-1.952525e-04
-2.116161e-03
3.157501e-03
-1.041336e-03
-6.510850e-06
-1.979486e-03
-1.301692e-04
3.157501e-03
-1.041336e-03
-6.510850e-06
-1.979486e-03
-1.301692e-04
-3.787003e-04
-3.248360e-04
1.515625e-03
-3.248597e-05
-7.796026e-04
-3.787003e-04
-3.248360e-04
1.515625e-03
-3.248597e-05
-7.796026e-04
-3.787003e-04
1.519689e-03
-8.637323e-05
-3.806046e-04
-6.740109e-04
-3.787003e-04
-1.949026e-04
-6.496693e-04
-1.949026e-04
1.418175e-03
-3.787003e-04
-3.248360e-04
1.515625e-03
-3.248597e-05
-7.796026e-04
-3.787003e-04
-1.949026e-04
-6.496693e-04
-1.949026e-04
1.418175e-03
-8.332801e-03
9.575389e-03
-5.812169e-05
-1.138921e-03
-4.554561e-05
-2.613866e-02
-7.370882e-04
-4.628200e-06
2.697253e-02
-9.215487e-05
1.019459e-02
3.417727e-02
