-1.590000e-08
1.654593e-03
-1.797273e-06
-1.621316e-03
-3.146318e-05
-1.590000e-08
-5.024000e-05
-4.726742e-04
-4.452500e-05
5.674551e-04
-1.590000e-08
-4.821818e-05
9.730019e-04
-4.705227e-05
-8.777156e-04
-1.590000e-08
2.254110e-03
-1.883333e-06
-2.220887e-03
-3.132333e-05
-1.590000e-08
-4.821818e-05
6.285902e-04
-4.705227e-05
-5.333038e-04
-1.590000e-08
-1.550918e-03
-1.401667e-05
1.576557e-03
-1.160667e-05
-1.590000e-08
-7.031753e-04
-3.020545e-06
7.356871e-04
-2.947536e-05
-1.590000e-08
-4.821818e-05
6.285902e-04
-4.705227e-05
-5.333038e-04
-1.590000e-08
-7.898182e-05
-4.539288e-04
-8.597727e-06
5.415243e-04
-1.590000e-08
-4.843333e-05
-4.402100e-04
-4.678333e-05
5.354426e-04
-1.590000e-08
-4.821818e-05
7.725848e-04
-4.705227e-05
-6.772985e-04
-1.590000e-08
-6.657238e-04
-1.410273e-05
6.913093e-04
-1.146682e-05
-1.590000e-08
-4.821818e-05
9.730019e-04
-4.705227e-05
-8.777156e-04
-1.590000e-08
-2.515500e-04
-1.850477e-04
4.710045e-04
-3.439091e-05
-1.590000e-08
-2.121421e-03
1.158495e-03
-1.088333e-05
9.738253e-04
-1.590000e-08
-1.995490e-03
-1.410273e-05
2.021076e-03
-1.146682e-05
-1.590000e-08
4.640811e-04
-2.683207e-04
-1.080000e-05
-1.849445e-04
-1.590000e-08
-7.696000e-05
2.767522e-03
-1.112500e-05
-2.679421e-03
-1.590000e-08
2.062738e-03
1.300726e-03
-4.530227e-05
-3.318146e-03
-1.590000e-08
-7.127727e-05
-1.410450e-04
6.344695e-03
-6.132357e-03
-1.590000e-08
-5.454319e-04
6.534805e-04
-9.397500e-05
-1.405773e-05
-1.590000e-08
4.147378e-04
-1.797273e-06
-3.814614e-04
-3.146318e-05
-1.590000e-08
-2.748609e-03
-2.606000e-06
2.781380e-03
-3.014900e-05
-1.590000e-08
-2.293021e-03
-1.883333e-06
2.326244e-03
-3.132333e-05
-1.590000e-08
-2.511188e-03
2.620739e-03
-9.255000e-05
-1.698545e-05
-1.590000e-08
4.505218e-03
-1.262235e-04
-5.850545e-05
-4.320473e-03
-7.517533e-04
8.698077e-04
-1.398037e-05
-9.320037e-05
-1.087370e-05
-1.590000e-08
-2.293021e-03
-1.883333e-06
2.326244e-03
-3.132333e-05
-1.590000e-08
5.363316e-04
-1.675333e-06
-5.029790e-04
-3.166133e-05
-1.590000e-08
-7.760667e-05
-6.449882e-03
-1.031667e-05
6.537821e-03
-1.590000e-08
1.663859e-02
-1.675333e-06
-1.660523e-02
-3.166133e-05
-1.590000e-08
-1.105223e-03
-1.422467e-05
1.130732e-03
-1.126867e-05
-1.590000e-08
-7.876667e-05
2.315457e-03
-8.866667e-06
-2.227808e-03
-1.590000e-08
-3.156055e-03
-1.401667e-05
3.181694e-03
-1.160667e-05
-1.590000e-08
-1.331559e-03
-1.329400e-05
1.357650e-03
-1.278100e-05
-1.590000e-08
2.477783e-03
2.143136e-02
-3.471706e-04
-2.356196e-02
-1.590000e-08
-5.730272e-04
-2.606000e-06
6.057981e-04
-3.014900e-05
-1.590000e-08
-5.024000e-05
4.439798e-04
-4.452500e-05
-3.491989e-04
-1.590000e-08
-5.246667e-05
-1.553700e-04
-3.312567e-04
5.391093e-04
-1.590000e-08
-1.008034e-03
-1.287945e-05
1.034384e-03
-1.345464e-05
-1.590000e-08
5.321797e-04
-1.797273e-06
-4.989034e-04
-3.146318e-05
-1.590000e-08
-7.622667e-05
1.032451e-03
-1.204167e-05
-9.441664e-04
-1.590000e-08
9.884605e-04
-2.419091e-06
-9.555728e-04
-3.045273e-05
-1.590000e-08
1.396918e-04
-1.311705e-04
-5.687455e-05
4.836921e-05
-1.590000e-08
9.922309e-04
-1.422467e-05
-9.667217e-04
-1.126867e-05
-1.590000e-08
1.198015e-03
-2.606000e-06
-1.165244e-03
-3.014900e-05
-1.590000e-08
2.459973e-03
-2.813273e-06
-2.427332e-03
-2.981218e-05
-1.590000e-08
-7.898182e-05
-6.533189e-04
-8.597727e-06
7.409144e-04
-1.590000e-08
-7.928667e-05
1.299289e-03
-8.216667e-06
-1.211769e-03
-1.590000e-08
-4.925455e-05
2.245960e-03
-4.575682e-05
-2.150933e-03
-1.590000e-08
-4.791333e-05
-1.000602e-03
-4.743333e-05
1.095964e-03
-1.590000e-08
-2.510318e-04
-4.155000e-06
-1.218299e-03
1.473501e-03
-1.590000e-08
-7.898182e-05
-6.533189e-04
-8.597727e-06
7.409144e-04
-1.590000e-08
3.061272e-04
-1.666773e-05
-9.462273e-05
-1.948209e-04
-1.590000e-08
-3.485033e-04
-1.225764e-05
3.752419e-04
-1.446509e-05
-1.590000e-08
-7.696000e-05
2.321800e-03
-1.112500e-05
-2.233699e-03
-1.590000e-08
-7.479306e-04
-1.882606e-06
7.811536e-04
-3.132452e-05
-1.590000e-08
-4.908667e-05
-1.579440e-04
7.427649e-04
-5.357184e-04
-1.590000e-08
-2.532267e-04
7.885016e-04
-5.023924e-04
-3.286667e-05
-1.590000e-08
-4.771709e-04
-1.329400e-05
5.032618e-04
-1.278100e-05
-1.590000e-08
4.394831e-04
-1.329400e-05
-4.133922e-04
-1.278100e-05
2.343268e-03
-4.141263e-03
-1.293811e-05
1.821494e-03
-1.056130e-05
2.343268e-03
-3.159994e-03
9.160817e-04
-8.620357e-05
-1.315220e-05
2.343268e-03
-2.232270e-03
-1.314539e-05
-8.762857e-05
-1.022448e-05
2.343268e-03
-2.830297e-03
-1.212939e-05
5.110332e-04
-1.187548e-05
2.343268e-03
4.433851e-03
-6.600571e-03
-1.300357e-05
-1.635449e-04
2.343268e-03
-4.381493e-05
-1.460468e-04
-4.381493e-05
-2.109592e-03
-1.590000e-08
2.169343e-03
-1.329400e-05
-2.143252e-03
-1.278100e-05
-1.590000e-08
2.615065e-03
-1.329400e-05
-2.588974e-03
-1.278100e-05
-1.590000e-08
-7.696000e-05
-1.179102e-03
-1.112500e-05
1.267203e-03
-1.590000e-08
-4.397419e-03
-1.348091e-05
4.423393e-03
-1.247727e-05
-1.590000e-08
7.480246e-03
-1.371586e-04
-3.181985e-04
-7.024873e-03
-1.590000e-08
-1.383046e-03
1.491095e-03
-9.397500e-05
-1.405773e-05
-1.590000e-08
-1.010136e-03
-1.410273e-05
1.035721e-03
-1.146682e-05
-1.590000e-08
-8.097185e-04
-1.410273e-05
8.353039e-04
-1.146682e-05
-1.590000e-08
1.843315e-03
-1.735266e-03
-9.397500e-05
-1.405773e-05
1.902863e-03
-1.783992e-03
-1.407708e-05
-9.384571e-05
-1.094890e-05
-1.590000e-08
-4.821818e-05
1.958357e-03
-4.705227e-05
-1.863070e-03
-1.590000e-08
4.394831e-04
-1.329400e-05
-4.133922e-04
-1.278100e-05
-1.590000e-08
1.172592e-03
-1.065427e-03
-9.481333e-05
-1.233533e-05
-1.590000e-08
-5.443636e-05
-1.538700e-04
1.668159e-03
-1.459836e-03
-1.590000e-08
-4.821818e-05
5.111482e-04
-4.705227e-05
-4.158619e-04
-1.590000e-08
-1.385896e-03
-1.410273e-05
1.411482e-03
-1.146682e-05
-1.590000e-08
1.654593e-03
-1.797273e-06
-1.621316e-03
-3.146318e-05
-1.590000e-08
-7.696000e-05
2.321800e-03
-1.112500e-05
-2.233699e-03
-1.590000e-08
1.097057e-03
-2.626364e-06
-1.064299e-03
-3.011591e-05
-1.590000e-08
-7.898182e-05
-1.839091e-03
-8.597727e-06
1.926686e-03
-1.590000e-08
1.440361e-02
-1.340867e-05
-1.437759e-02
-1.259467e-05
-1.590000e-08
-2.335567e-04
1.906662e-03
-1.622341e-03
-5.074848e-05
-1.590000e-08
-1.049528e-03
-1.422467e-05
1.075037e-03
-1.126867e-05
-1.590000e-08
2.169343e-03
-1.329400e-05
-2.143252e-03
-1.278100e-05
-1.590000e-08
-5.024000e-05
-2.202534e-03
-4.452500e-05
2.297315e-03
-1.590000e-08
-4.606609e-04
-2.586700e-05
-9.159000e-05
5.781338e-04
-1.590000e-08
3.436268e-04
-2.606000e-06
-3.108559e-04
-3.014900e-05
-1.590000e-08
4.394831e-04
-1.329400e-05
-4.133922e-04
-1.278100e-05
-1.590000e-08
-4.821818e-05
6.285902e-04
-4.705227e-05
-5.333038e-04
-1.590000e-08
1.198015e-03
-2.606000e-06
-1.165244e-03
-3.014900e-05
-1.590000e-08
-1.415391e-03
-1.422467e-05
1.440900e-03
-1.126867e-05
-1.590000e-08
8.765915e-04
-1.797273e-06
-8.433151e-04
-3.146318e-05
-1.590000e-08
3.436268e-04
-2.606000e-06
-3.108559e-04
-3.014900e-05
-1.590000e-08
1.287779e-03
-1.883333e-06
-1.254556e-03
-3.132333e-05
-1.590000e-08
-5.024000e-05
4.439798e-04
-4.452500e-05
-3.491989e-04
-1.590000e-08
9.159840e-04
-1.675333e-06
-8.826314e-04
-3.166133e-05
-1.590000e-08
-2.532267e-04
7.885016e-04
-5.023924e-04
-3.286667e-05
-1.590000e-08
-2.809635e-03
-1.401667e-05
2.835274e-03
-1.160667e-05
-1.590000e-08
-7.898182e-05
-1.575392e-03
-8.597727e-06
1.662988e-03
-1.590000e-08
-2.532267e-04
7.885016e-04
-5.023924e-04
-3.286667e-05
-1.590000e-08
1.204386e-03
-1.007747e-03
-9.966667e-06
-1.866567e-04
-1.590000e-08
1.252352e-03
-1.797273e-06
-1.219076e-03
-3.146318e-05
-1.590000e-08
-2.587679e-03
2.779079e-03
-1.493500e-05
-1.764490e-04
-1.590000e-08
-4.843333e-05
2.772921e-03
-4.678333e-05
-2.677688e-03
-1.590000e-08
1.198015e-03
-2.606000e-06
-1.165244e-03
-3.014900e-05
-1.590000e-08
-2.748609e-03
-2.606000e-06
2.781380e-03
-3.014900e-05
-1.590000e-08
-1.105223e-03
-1.422467e-05
1.130732e-03
-1.126867e-05
-1.590000e-08
-1.788137e-03
-1.410273e-05
1.813722e-03
-1.146682e-05
-1.590000e-08
-4.791333e-05
1.377663e-03
-4.743333e-05
-1.282301e-03
-1.590000e-08
1.198015e-03
-2.606000e-06
-1.165244e-03
-3.014900e-05
-1.590000e-08
-1.956123e-03
-1.250006e-05
1.982710e-03
-1.407115e-05
-1.590000e-08
-5.075818e-05
-7.382526e-04
-4.387727e-05
8.329040e-04
-1.590000e-08
9.716786e-04
-1.675333e-06
-9.383260e-04
-3.166133e-05
-1.590000e-08
-8.230319e-04
-3.227818e-06
8.554142e-04
-2.913855e-05
-1.590000e-08
-5.024000e-05
-4.726742e-04
-4.452500e-05
5.674551e-04
-1.590000e-08
-4.771709e-04
-1.329400e-05
5.032618e-04
-1.278100e-05
-1.590000e-08
5.321797e-04
-1.797273e-06
-4.989034e-04
-3.146318e-05
-1.590000e-08
-6.995402e-03
1.120642e-03
5.897458e-03
-2.268264e-05
-1.590000e-08
-5.231273e-05
-3.483000e-04
-4.193409e-05
4.425627e-04
-1.590000e-08
1.598248e-03
-1.797273e-06
-1.564971e-03
-3.146318e-05
1.244019e-04
-2.485337e-04
-1.553700e-06
1.567526e-04
-3.106703e-05
1.244019e-04
-2.485337e-04
-1.553700e-06
1.567526e-04
-3.106703e-05
1.244019e-04
-2.485337e-04
-1.553700e-06
1.567526e-04
-3.106703e-05
1.244019e-04
-2.485337e-04
-1.553700e-06
1.567526e-04
-3.106703e-05
1.244019e-04
-7.766703e-05
1.474326e-04
-7.767033e-06
-1.864004e-04
1.244019e-04
-6.347445e-06
-1.398037e-05
-9.320037e-05
-1.087370e-05
1.244019e-04
-6.347445e-06
-1.398037e-05
-9.320037e-05
-1.087370e-05
1.244019e-04
5.380460e-04
-1.760973e-06
-6.299567e-04
-3.073022e-05
1.244019e-04
-2.485337e-04
-1.553700e-06
1.567526e-04
-3.106703e-05
1.244019e-04
-2.485337e-04
-1.553700e-06
1.567526e-04
-3.106703e-05
1.244019e-04
-6.347445e-06
-1.398037e-05
-9.320037e-05
-1.087370e-05
1.244019e-04
-6.347445e-06
-1.398037e-05
-9.320037e-05
-1.087370e-05
-1.590000e-08
-1.221375e-05
-1.401667e-05
3.785298e-05
-1.160667e-05
-1.590000e-08
-1.221375e-05
-1.401667e-05
3.785298e-05
-1.160667e-05
-1.590000e-08
-1.221375e-05
-1.401667e-05
3.785298e-05
-1.160667e-05
-1.590000e-08
-2.503667e-04
1.292796e-04
1.565696e-04
-3.546667e-05
-1.590000e-08
-1.213304e-04
-1.883333e-06
1.545529e-04
-3.132333e-05
-1.590000e-08
-2.985681e-03
-1.300067e-05
3.011955e-03
-1.325767e-05
-1.590000e-08
9.159840e-04
-1.675333e-06
-8.826314e-04
-3.166133e-05
-1.590000e-08
-1.221375e-05
-1.401667e-05
3.785298e-05
-1.160667e-05
-1.590000e-08
-2.528242e-03
-1.237885e-05
2.554905e-03
-1.426812e-05
-1.590000e-08
4.382983e-03
9.065278e-04
-5.244183e-03
-4.531185e-05
-1.590000e-08
6.437749e-04
-3.778606e-06
-6.117369e-04
-2.824352e-05
-1.590000e-08
-1.221375e-05
-1.401667e-05
3.785298e-05
-1.160667e-05
-1.590000e-08
5.619843e-05
-1.370783e-04
3.533553e-03
-3.452657e-03
-1.590000e-08
-1.213304e-04
-1.883333e-06
1.545529e-04
-3.132333e-05
-1.590000e-08
-1.221375e-05
-1.401667e-05
3.785298e-05
-1.160667e-05
-1.590000e-08
-7.803333e-05
-2.425642e-03
-9.783333e-06
2.513474e-03
-1.590000e-08
-6.657238e-04
-1.410273e-05
6.913093e-04
-1.146682e-05
9.244450e-04
-2.502548e-04
-1.564350e-06
-6.413437e-04
-3.128208e-05
9.244450e-04
-7.820480e-05
-6.507283e-04
-7.820714e-06
-1.876912e-04
9.244450e-04
-8.055733e-04
-1.407708e-05
-9.384571e-05
-1.094890e-05
9.244450e-04
-2.502548e-04
-1.564350e-06
-6.413437e-04
-3.128208e-05
9.244450e-04
-4.692299e-05
-1.564093e-04
-4.692299e-05
-6.741896e-04
9.244450e-04
9.086138e-04
-1.857683e-06
-1.800396e-03
-3.080541e-05
9.244450e-04
-2.502548e-04
-1.564350e-06
-6.413437e-04
-3.128208e-05
9.244450e-04
-2.502548e-04
-1.564350e-06
-6.413437e-04
-3.128208e-05
9.244450e-04
-2.502548e-04
-1.564350e-06
-6.413437e-04
-3.128208e-05
9.244450e-04
-2.502548e-04
-1.564350e-06
-6.413437e-04
-3.128208e-05
9.244450e-04
-4.692299e-05
-1.564093e-04
-4.692299e-05
-6.741896e-04
9.244450e-04
-2.502548e-04
-1.564350e-06
-6.413437e-04
-3.128208e-05
9.244450e-04
-2.502548e-04
-1.564350e-06
-6.413437e-04
-3.128208e-05
9.244450e-04
-2.502548e-04
-1.564350e-06
-6.413437e-04
-3.128208e-05
9.244450e-04
-8.055733e-04
-1.407708e-05
-9.384571e-05
-1.094890e-05
9.244450e-04
-1.800146e-03
-6.177375e-05
-9.893441e-06
9.473680e-04
9.244450e-04
-7.820480e-05
-6.507283e-04
-7.820714e-06
-1.876912e-04
9.244450e-04
-8.055733e-04
-1.407708e-05
-9.384571e-05
-1.094890e-05
9.244450e-04
-2.502548e-04
-1.564350e-06
-6.413437e-04
-3.128208e-05
9.244450e-04
-7.665026e-05
-3.257341e-03
-9.763895e-06
2.419310e-03
9.244450e-04
-8.055733e-04
-1.407708e-05
-9.384571e-05
-1.094890e-05
-1.590000e-08
-3.238544e-03
-1.389545e-05
3.264259e-03
-1.180364e-05
-1.590000e-08
-7.574545e-05
-3.316102e-03
-1.264318e-05
3.404506e-03
-1.590000e-08
-6.050182e-05
6.251857e-03
-3.169773e-05
-6.159641e-03
-1.590000e-08
2.487087e-03
-2.297190e-03
-1.636000e-05
-1.735213e-04
-1.590000e-08
9.922309e-04
-1.422467e-05
-9.667217e-04
-1.126867e-05
-1.590000e-08
1.198015e-03
-2.606000e-06
-1.165244e-03
-3.014900e-05
-1.590000e-08
-5.024000e-05
-4.726742e-04
-4.452500e-05
5.674551e-04
-1.590000e-08
-1.801036e-04
4.277519e-03
-4.550560e-03
4.531611e-04
-1.590000e-08
1.198015e-03
-2.606000e-06
-1.165244e-03
-3.014900e-05
-1.590000e-08
-1.295710e-02
1.311328e-02
-4.833667e-05
-1.078238e-04
-1.590000e-08
-2.118229e-03
2.231155e-03
-8.935000e-05
-2.356000e-05
-1.590000e-08
-1.188400e-04
-4.593331e-03
4.867223e-03
-1.550364e-04
-1.590000e-08
1.106402e-03
-1.556633e-04
-4.880000e-05
-9.019227e-04
-1.590000e-08
1.458646e-03
-1.262006e-03
-9.966667e-06
-1.866567e-04
-1.590000e-08
-7.876667e-05
5.594759e-04
-8.866667e-06
-4.718267e-04
-1.590000e-08
9.044686e-04
-1.883333e-06
-8.712460e-04
-3.132333e-05
-1.590000e-08
1.654593e-03
-1.797273e-06
-1.621316e-03
-3.146318e-05
-1.590000e-08
1.663859e-02
-1.675333e-06
-1.660523e-02
-3.166133e-05
-1.590000e-08
-1.105223e-03
-1.422467e-05
1.130732e-03
-1.126867e-05
-1.590000e-08
-2.293021e-03
-1.883333e-06
2.326244e-03
-3.132333e-05
-1.590000e-08
-1.213304e-04
-1.883333e-06
1.545529e-04
-3.132333e-05
-1.590000e-08
-1.331559e-03
-1.329400e-05
1.357650e-03
-1.278100e-05
-1.590000e-08
6.107910e-04
-3.020545e-06
-5.782792e-04
-2.947536e-05
-1.590000e-08
6.761744e-04
-1.797273e-06
-6.428980e-04
-3.146318e-05
-1.590000e-08
-4.791333e-05
-1.000602e-03
-4.743333e-05
1.095964e-03
-1.590000e-08
5.321797e-04
-1.797273e-06
-4.989034e-04
-3.146318e-05
1.432300e-02
1.923678e-02
1.631719e-01
6.463941e-02
2.897636e-02
1.954455e-01
