-4.380000e-08
1.942342e-04
-5.416000e-06
-1.028579e-04
-8.591650e-05
-4.380000e-08
1.295185e-04
4.065703e-04
-3.276250e-05
-5.032825e-04
-4.380000e-08
2.557923e-05
-4.898000e-06
6.612082e-05
-8.675825e-05
-4.380000e-08
-2.144875e-04
4.529038e-04
-2.754063e-05
-2.108318e-04
-4.380000e-08
-2.138200e-04
6.713017e-04
-2.837500e-05
-4.290629e-04
-4.380000e-08
-1.326950e-04
5.970077e-05
-1.297813e-04
2.028193e-04
-4.380000e-08
-2.191094e-03
-2.957800e-05
2.267369e-03
-4.665325e-05
-4.380000e-08
-3.998323e-04
7.064224e-04
-2.503906e-04
-5.615563e-05
-4.380000e-08
2.695234e-03
-2.737500e-05
-2.617582e-03
-5.023313e-05
-4.380000e-08
1.329304e-04
-5.416000e-06
-4.155410e-05
-8.591650e-05
-4.380000e-08
5.561961e-03
-3.936750e-05
-5.491804e-03
-3.074531e-05
-4.380000e-08
-1.283500e-03
-4.898000e-06
1.375200e-03
-8.675825e-05
-4.380000e-08
9.156238e-04
-3.890200e-05
-8.451762e-04
-3.150175e-05
-4.380000e-08
1.987374e-04
-4.321078e-04
-1.333425e-04
3.667567e-04
-4.380000e-08
-5.139724e-03
-3.916333e-05
5.210008e-03
-3.107708e-05
-4.380000e-08
6.269532e-03
-4.001719e-05
-2.626031e-04
-5.966867e-03
-4.380000e-08
-6.999469e-04
-5.029688e-06
6.041546e-03
-5.336526e-03
-4.380000e-08
-3.622451e-04
-4.898000e-06
4.539452e-04
-8.675825e-05
-4.380000e-08
-6.070455e-04
-4.898000e-06
6.987456e-04
-8.675825e-05
-4.380000e-08
-2.235555e-04
-3.890200e-05
2.940031e-04
-3.150175e-05
-4.380000e-08
-2.144875e-04
4.529038e-04
-2.754063e-05
-2.108318e-04
-4.380000e-08
-2.131925e-04
1.424637e-04
-2.915937e-05
9.993201e-05
-4.380000e-08
5.561961e-03
-3.936750e-05
-5.491804e-03
-3.074531e-05
-4.380000e-08
1.166296e-04
-3.761500e-05
-4.537763e-05
-3.359313e-05
-4.380000e-08
-1.326950e-04
-9.691986e-05
-1.297813e-04
3.594399e-04
-4.380000e-08
-4.199379e-04
-4.898000e-06
5.116380e-04
-8.675825e-05
-4.380000e-08
1.245349e-03
-5.416000e-06
-1.153973e-03
-8.591650e-05
-4.380000e-08
-2.183583e-04
-3.448111e-03
-2.270208e-05
3.689215e-03
-4.380000e-08
1.886169e-04
-4.174681e-04
-1.381688e-04
3.670637e-04
-4.380000e-08
6.255289e-03
-3.936750e-05
-6.185133e-03
-3.074531e-05
-4.380000e-08
-2.119959e-03
-3.468000e-05
2.193045e-03
-3.836250e-05
-4.380000e-08
-1.559473e-05
3.205535e-04
-2.519375e-04
-5.297750e-05
-4.380000e-08
-2.177050e-04
5.006112e-04
-2.351875e-05
-2.593437e-04
-4.380000e-08
-3.820685e-03
-1.462000e-05
3.906309e-03
-7.096000e-05
-4.380000e-08
-2.056245e-04
-4.898000e-06
2.973245e-04
-8.675825e-05
1.204448e-03
-8.764869e-04
-3.883790e-05
-2.589156e-04
-3.020740e-05
-4.380000e-08
-3.622451e-04
-4.898000e-06
4.539452e-04
-8.675825e-05
-4.380000e-08
-2.183583e-04
-3.448111e-03
-2.270208e-05
3.689215e-03
-4.380000e-08
-2.625445e-04
-4.898000e-06
3.542446e-04
-8.675825e-05
-4.380000e-08
5.290188e-05
2.536882e-04
-2.503906e-04
-5.615563e-05
-4.380000e-08
7.593006e-04
-3.581000e-05
-6.869205e-04
-3.652625e-05
-4.380000e-08
2.549597e-03
-1.474000e-05
-2.464048e-03
-7.076500e-05
-4.380000e-08
-2.046390e-03
3.147247e-03
-9.179518e-04
-1.828613e-04
-4.380000e-08
6.575036e-05
-3.220000e-05
8.885942e-06
-4.239250e-05
-4.380000e-08
-5.375544e-04
-4.898000e-06
6.292545e-04
-8.675825e-05
-4.380000e-08
-1.326950e-04
-1.720674e-04
-1.297813e-04
4.345875e-04
-4.380000e-08
1.124324e-04
4.313559e-04
-2.546125e-05
-5.182833e-04
2.655399e-04
6.242109e-05
-3.883790e-05
-2.589156e-04
-3.020740e-05
2.655399e-04
-2.157631e-04
4.896308e-04
-2.157690e-05
-5.178306e-04
2.655399e-04
6.242109e-05
-3.883790e-05
-2.589156e-04
-3.020740e-05
2.655399e-04
-2.157631e-04
4.896308e-04
-2.157690e-05
-5.178306e-04
2.655399e-04
-2.157631e-04
4.896308e-04
-2.157690e-05
-5.178306e-04
2.655399e-04
-1.294581e-04
-4.315256e-04
-1.294581e-04
4.249021e-04
2.655399e-04
-6.904406e-04
-4.315898e-06
5.155223e-04
-8.630565e-05
2.655399e-04
-1.294581e-04
-4.315256e-04
-1.294581e-04
4.249021e-04
2.655399e-04
-2.157631e-04
4.896308e-04
-2.157690e-05
-5.178306e-04
2.655399e-04
6.242109e-05
-3.883790e-05
-2.589156e-04
-3.020740e-05
2.655399e-04
6.242109e-05
-3.883790e-05
-2.589156e-04
-3.020740e-05
2.655399e-04
-2.157631e-04
4.896308e-04
-2.157690e-05
-5.178306e-04
2.655399e-04
6.242109e-05
-3.883790e-05
-2.589156e-04
-3.020740e-05
2.655399e-04
-1.294581e-04
-4.315256e-04
-1.294581e-04
4.249021e-04
2.655399e-04
6.242109e-05
-3.883790e-05
-2.589156e-04
-3.020740e-05
2.655399e-04
6.242109e-05
-3.883790e-05
-2.589156e-04
-3.020740e-05
2.655399e-04
-1.294581e-04
-4.315256e-04
-1.294581e-04
4.249021e-04
2.655399e-04
-1.294581e-04
-4.315256e-04
-1.294581e-04
4.249021e-04
2.655399e-04
-6.904406e-04
-4.315898e-06
5.155223e-04
-8.630565e-05
2.655399e-04
-6.904406e-04
-4.315898e-06
5.155223e-04
-8.630565e-05
2.655399e-04
6.242109e-05
-3.883790e-05
-2.589156e-04
-3.020740e-05
2.655399e-04
6.242109e-05
-3.883790e-05
-2.589156e-04
-3.020740e-05
2.655399e-04
-6.904406e-04
-4.315898e-06
5.155223e-04
-8.630565e-05
2.655399e-04
-2.009862e-04
-3.831990e-05
4.815429e-06
-3.104915e-05
2.655399e-04
6.242109e-05
-3.883790e-05
-2.589156e-04
-3.020740e-05
2.655399e-04
6.242109e-05
-3.883790e-05
-2.589156e-04
-3.020740e-05
2.655399e-04
-1.294581e-04
-4.315256e-04
-1.294581e-04
4.249021e-04
2.655399e-04
6.242109e-05
-3.883790e-05
-2.589156e-04
-3.020740e-05
2.655399e-04
-1.294581e-04
-4.315256e-04
-1.294581e-04
4.249021e-04
2.655399e-04
-6.904406e-04
-4.315898e-06
5.155223e-04
-8.630565e-05
2.655399e-04
-1.294581e-04
-4.315256e-04
-1.294581e-04
4.249021e-04
2.655399e-04
-1.294581e-04
-4.315256e-04
-1.294581e-04
4.249021e-04
2.655399e-04
-6.904406e-04
-4.315898e-06
5.155223e-04
-8.630565e-05
2.655399e-04
6.242109e-05
-3.883790e-05
-2.589156e-04
-3.020740e-05
2.655399e-04
-2.157631e-04
4.896308e-04
-2.157690e-05
-5.178306e-04
2.655399e-04
-1.294581e-04
-4.315256e-04
-1.294581e-04
4.249021e-04
2.655399e-04
-2.157631e-04
4.896308e-04
-2.157690e-05
-5.178306e-04
2.655399e-04
6.242109e-05
-3.883790e-05
-2.589156e-04
-3.020740e-05
2.655399e-04
-6.904406e-04
-4.315898e-06
5.155223e-04
-8.630565e-05
2.655399e-04
-2.157631e-04
4.896308e-04
-2.157690e-05
-5.178306e-04
2.655399e-04
-1.294581e-04
-4.315256e-04
-1.294581e-04
4.249021e-04
2.655399e-04
-1.294581e-04
-4.315256e-04
-1.294581e-04
4.249021e-04
2.655399e-04
-6.904406e-04
-4.315898e-06
5.155223e-04
-8.630565e-05
2.655399e-04
-6.904406e-04
-4.315898e-06
5.155223e-04
-8.630565e-05
2.655399e-04
-2.157631e-04
4.896308e-04
-2.157690e-05
-5.178306e-04
2.655399e-04
-1.294581e-04
-4.315256e-04
-1.294581e-04
4.249021e-04
2.655399e-04
-6.904406e-04
-4.315898e-06
5.155223e-04
-8.630565e-05
2.655399e-04
-2.157631e-04
4.896308e-04
-2.157690e-05
-5.178306e-04
2.655399e-04
6.242109e-05
-3.883790e-05
-2.589156e-04
-3.020740e-05
2.655399e-04
-2.157631e-04
4.896308e-04
-2.157690e-05
-5.178306e-04
2.655399e-04
-1.294581e-04
-4.315256e-04
-1.294581e-04
4.249021e-04
2.655399e-04
-2.157631e-04
4.896308e-04
-2.157690e-05
-5.178306e-04
2.655399e-04
-1.294581e-04
-4.315256e-04
-1.294581e-04
4.249021e-04
2.655399e-04
6.242109e-05
-3.883790e-05
-2.589156e-04
-3.020740e-05
2.655399e-04
6.242109e-05
-3.883790e-05
-2.589156e-04
-3.020740e-05
2.655399e-04
6.242109e-05
-3.883790e-05
-2.589156e-04
-3.020740e-05
2.655399e-04
-1.294581e-04
-4.315256e-04
-1.294581e-04
4.249021e-04
-4.380000e-08
1.410446e-04
-4.321078e-04
-1.333425e-04
4.244495e-04
-4.380000e-08
5.206174e-05
-3.890200e-05
1.838581e-05
-3.150175e-05
-4.380000e-08
-6.571077e-03
-4.432500e-06
6.663068e-03
-8.751469e-05
-4.380000e-08
1.255024e-03
-3.838400e-05
-1.184253e-03
-3.234350e-05
-4.380000e-08
-6.571077e-03
-4.432500e-06
6.663068e-03
-8.751469e-05
-4.380000e-08
-1.339900e-04
-1.355050e-03
-1.281625e-04
1.617246e-03
-4.380000e-08
-1.326950e-04
3.648296e-05
-1.297813e-04
2.260371e-04
-4.380000e-08
2.829487e-04
-3.784000e-05
-2.118374e-04
-3.322750e-05
-4.380000e-08
5.070895e-03
-4.001719e-05
-2.626031e-04
-4.768231e-03
-4.380000e-08
-1.315312e-04
-6.328632e-03
-1.312359e-04
6.591443e-03
-4.380000e-08
9.367806e-05
-3.890200e-05
-2.323051e-05
-3.150175e-05
-4.380000e-08
1.313538e-04
1.809275e-04
-2.449938e-04
-6.724375e-05
-4.380000e-08
-8.772663e-04
-4.898000e-06
9.689663e-04
-8.675825e-05
-4.380000e-08
-1.398175e-04
-4.315898e-04
4.234606e-04
1.479905e-04
-4.380000e-08
2.557923e-05
-4.898000e-06
6.612082e-05
-8.675825e-05
-4.971790e-03
4.084401e-03
-3.884300e-05
9.576875e-04
-3.145588e-05
-4.380000e-08
-3.521880e-03
4.057776e-03
-3.294469e-05
-5.029082e-04
-4.380000e-08
5.303843e-03
-5.009959e-03
-2.624391e-04
-3.140156e-05
-4.380000e-08
2.391693e-04
-3.890200e-05
-1.687218e-04
-3.150175e-05
-4.380000e-08
6.575036e-05
-3.220000e-05
8.885942e-06
-4.239250e-05
-4.380000e-08
6.575036e-05
-3.220000e-05
8.885942e-06
-4.239250e-05
-4.380000e-08
-7.152452e-04
-3.631200e-05
7.873115e-04
-3.571050e-05
-4.380000e-08
6.575036e-05
-3.220000e-05
8.885942e-06
-4.239250e-05
-4.380000e-08
-4.199379e-04
-4.898000e-06
5.116380e-04
-8.675825e-05
-4.380000e-08
-1.326950e-04
-4.467758e-04
-1.297813e-04
7.092958e-04
-4.380000e-08
-6.571077e-03
-4.432500e-06
6.663068e-03
-8.751469e-05
-4.380000e-08
-6.999469e-04
-5.029688e-06
5.530106e-03
-4.825086e-03
-4.380000e-08
2.292927e-03
-1.802281e-03
-7.585500e-05
-4.147470e-04
-4.380000e-08
9.205476e-05
2.052045e-04
-2.592388e-04
-3.797675e-05
-4.380000e-08
-2.177050e-04
2.920608e-04
-2.351875e-05
-5.079329e-05
-4.380000e-08
-2.177050e-04
5.423730e-04
-2.351875e-05
-3.011054e-04
-4.380000e-08
-1.320417e-04
5.141553e-03
-1.305979e-04
-4.878869e-03
-4.380000e-08
-2.009500e-04
4.641729e-04
-4.446250e-05
-2.187166e-04
-4.380000e-08
-1.326950e-04
5.970077e-05
-1.297813e-04
2.028193e-04
-4.380000e-08
-2.056245e-04
-4.898000e-06
2.973245e-04
-8.675825e-05
-4.380000e-08
-9.403066e-05
-3.838400e-05
1.648020e-04
-3.234350e-05
-4.380000e-08
-8.468218e-04
-3.606100e-05
9.190449e-04
-3.611838e-05
-4.380000e-08
-3.731973e-05
-3.784000e-05
1.084310e-04
-3.322750e-05
-4.380000e-08
-7.729380e-04
-3.631200e-05
8.450043e-04
-3.571050e-05
-4.380000e-08
-2.625445e-04
-4.898000e-06
3.542446e-04
-8.675825e-05
-4.380000e-08
-5.093586e-03
5.388951e-03
-2.610354e-04
-3.428542e-05
-4.380000e-08
-2.625445e-04
-4.898000e-06
3.542446e-04
-8.675825e-05
-4.380000e-08
-5.389558e-04
-5.960000e-06
6.299921e-04
-8.503250e-05
-4.380000e-08
-4.528085e-04
-4.898000e-06
5.445085e-04
-8.675825e-05
-4.380000e-08
-1.398175e-04
-4.315898e-04
4.234606e-04
1.479905e-04
-4.380000e-08
-5.929837e-03
-4.432500e-06
6.021828e-03
-8.751469e-05
-4.380000e-08
5.189701e-04
-4.898000e-06
-4.272700e-04
-8.675825e-05
-4.380000e-08
-3.622451e-04
-4.898000e-06
4.539452e-04
-8.675825e-05
-4.380000e-08
-8.868463e-04
-3.890200e-05
9.572938e-04
-3.150175e-05
-4.380000e-08
-1.398175e-04
-4.315898e-04
1.062270e-04
4.652241e-04
-4.380000e-08
-2.288423e-04
-4.898000e-06
3.205423e-04
-8.675825e-05
-4.380000e-08
6.951647e-05
-3.890200e-05
9.310761e-07
-3.150175e-05
-4.380000e-08
-1.322531e-04
-4.373503e-04
-4.868682e-03
5.438330e-03
-4.380000e-08
-6.839650e-04
-1.720050e-05
-2.959665e-04
9.971758e-04
-4.380000e-08
-1.825445e-03
-3.009600e-05
1.901397e-03
-4.581150e-05
-4.380000e-08
-1.547100e-04
1.962817e-03
-1.022625e-04
-1.705801e-03
-4.380000e-08
-5.389558e-04
-5.960000e-06
6.299921e-04
-8.503250e-05
-4.380000e-08
-1.353500e-04
-2.684533e-04
-1.264625e-04
5.303096e-04
-4.380000e-08
-1.326950e-04
-1.018175e-03
-1.297813e-04
1.280695e-03
-4.380000e-08
-5.929837e-03
-4.432500e-06
6.021828e-03
-8.751469e-05
-4.380000e-08
-1.353500e-04
-2.684533e-04
-1.264625e-04
5.303096e-04
-4.380000e-08
-1.322531e-04
-4.373503e-04
-5.380122e-03
5.949769e-03
-4.380000e-08
-5.093586e-03
5.388951e-03
-2.610354e-04
-3.428542e-05
-4.380000e-08
-1.393000e-04
1.868444e-03
-1.215250e-04
-1.607575e-03
-4.380000e-08
2.993608e-04
-1.321200e-05
-2.128570e-04
-7.324800e-05
-4.380000e-08
-1.315312e-04
-6.328632e-03
-1.312359e-04
6.591443e-03
-4.380000e-08
2.808313e-05
-3.761500e-05
4.316879e-05
-3.359313e-05
-4.380000e-08
-2.177050e-04
5.247728e-04
-2.351875e-05
-2.835053e-04
-4.380000e-08
-1.283500e-03
-4.898000e-06
1.375200e-03
-8.675825e-05
-4.380000e-08
-1.283500e-03
-4.898000e-06
1.375200e-03
-8.675825e-05
3.329206e-06
3.145467e-04
-3.764447e-05
-2.509520e-04
-2.927948e-05
3.329206e-06
-6.692020e-04
-4.184475e-06
7.537092e-04
-8.365197e-05
3.329206e-06
-6.692020e-04
-4.184475e-06
7.537092e-04
-8.365197e-05
3.329206e-06
-1.254770e-04
-4.182520e-04
-1.254770e-04
6.658767e-04
3.329206e-06
-6.692020e-04
-4.184475e-06
7.537092e-04
-8.365197e-05
3.329206e-06
3.145467e-04
-3.764447e-05
-2.509520e-04
-2.927948e-05
3.329206e-06
3.145467e-04
-3.764447e-05
-2.509520e-04
-2.927948e-05
3.329206e-06
-6.692020e-04
-4.184475e-06
7.537092e-04
-8.365197e-05
3.329206e-06
-6.692020e-04
-4.184475e-06
7.537092e-04
-8.365197e-05
3.329206e-06
-6.692020e-04
-4.184475e-06
7.537092e-04
-8.365197e-05
3.329206e-06
-6.692020e-04
-4.184475e-06
7.537092e-04
-8.365197e-05
3.329206e-06
-2.091270e-04
7.286142e-04
-2.091447e-05
-5.019020e-04
3.329206e-06
3.145467e-04
-3.764447e-05
-2.509520e-04
-2.927948e-05
3.329206e-06
-6.692020e-04
-4.184475e-06
7.537092e-04
-8.365197e-05
3.329206e-06
-1.254770e-04
-4.182520e-04
-1.254770e-04
6.658767e-04
3.329206e-06
3.145467e-04
-3.764447e-05
-2.509520e-04
-2.927948e-05
3.329206e-06
-6.692020e-04
-4.184475e-06
7.537092e-04
-8.365197e-05
3.329206e-06
-1.254770e-04
-4.182520e-04
-1.254770e-04
6.658767e-04
3.269706e-04
-2.409878e-05
-3.586895e-05
-2.391040e-04
-2.789895e-05
3.269706e-04
-5.734556e-04
5.172434e-04
-2.355427e-04
-3.521570e-05
3.269706e-04
-1.195539e-04
-3.985039e-04
-1.195539e-04
3.106412e-04
3.269706e-04
-2.409878e-05
-3.586895e-05
-2.391040e-04
-2.789895e-05
3.269706e-04
-1.992539e-04
3.704162e-04
-1.992895e-05
-4.782039e-04
3.269706e-04
-2.409878e-05
-3.586895e-05
-2.391040e-04
-2.789895e-05
3.269706e-04
-2.409878e-05
-3.586895e-05
-2.391040e-04
-2.789895e-05
3.269706e-04
-1.220304e-03
-4.506950e-06
9.767024e-04
-7.886220e-05
3.269706e-04
-2.409878e-05
-3.586895e-05
-2.391040e-04
-2.789895e-05
3.269706e-04
-1.195539e-04
-3.985039e-04
-1.195539e-04
3.106412e-04
3.269706e-04
-2.409878e-05
-3.586895e-05
-2.391040e-04
-2.789895e-05
3.269706e-04
-2.409878e-05
-3.586895e-05
-2.391040e-04
-2.789895e-05
3.269706e-04
-1.195539e-04
-3.985039e-04
-1.195539e-04
3.106412e-04
3.269706e-04
-2.409878e-05
-3.586895e-05
-2.391040e-04
-2.789895e-05
3.269706e-04
-6.376039e-04
-3.988950e-06
3.943262e-04
-7.970395e-05
3.269706e-04
-1.195539e-04
-3.985039e-04
-1.195539e-04
3.106412e-04
3.269706e-04
-6.376039e-04
-3.988950e-06
3.943262e-04
-7.970395e-05
3.269706e-04
-2.409878e-05
-3.586895e-05
-2.391040e-04
-2.789895e-05
3.269706e-04
-1.992539e-04
3.704162e-04
-1.992895e-05
-4.782039e-04
3.269706e-04
-2.409878e-05
-3.586895e-05
-2.391040e-04
-2.789895e-05
3.269706e-04
-1.195539e-04
-3.985039e-04
-1.195539e-04
3.106412e-04
3.269706e-04
-2.409878e-05
-3.586895e-05
-2.391040e-04
-2.789895e-05
3.269706e-04
-2.409878e-05
-3.586895e-05
-2.391040e-04
-2.789895e-05
3.269706e-04
-2.409878e-05
-3.586895e-05
-2.391040e-04
-2.789895e-05
4.422127e-04
-6.060059e-04
-3.793425e-06
2.433426e-04
-7.575592e-05
4.422127e-04
-6.060059e-04
-3.793425e-06
2.433426e-04
-7.575592e-05
4.422127e-04
-1.136309e-04
-3.787559e-04
-1.136309e-04
1.638051e-04
4.422127e-04
-1.543449e-04
-3.409343e-05
-2.272559e-04
-2.651842e-05
4.422127e-04
-6.060059e-04
-3.793425e-06
2.433426e-04
-7.575592e-05
4.422127e-04
-1.136309e-04
-3.787559e-04
-1.136309e-04
1.638051e-04
4.422127e-04
-1.543449e-04
-3.409343e-05
-2.272559e-04
-2.651842e-05
4.422127e-04
-1.893809e-04
2.206176e-04
-1.894343e-05
-4.545059e-04
4.422127e-04
-1.893809e-04
2.206176e-04
-1.894343e-05
-4.545059e-04
4.422127e-04
-1.893809e-04
2.206176e-04
-1.894343e-05
-4.545059e-04
4.422127e-04
-1.543449e-04
-3.409343e-05
-2.272559e-04
-2.651842e-05
4.422127e-04
-6.060059e-04
-3.793425e-06
2.433426e-04
-7.575592e-05
4.422127e-04
-6.060059e-04
-3.793425e-06
2.433426e-04
-7.575592e-05
4.422127e-04
-1.543449e-04
-3.409343e-05
-2.272559e-04
-2.651842e-05
4.422127e-04
-6.060059e-04
-3.793425e-06
2.433426e-04
-7.575592e-05
4.422127e-04
-6.060059e-04
-3.793425e-06
2.433426e-04
-7.575592e-05
4.422127e-04
-1.543449e-04
-3.409343e-05
-2.272559e-04
-2.651842e-05
4.422127e-04
-1.543449e-04
-3.409343e-05
-2.272559e-04
-2.651842e-05
4.422127e-04
-1.543449e-04
-3.409343e-05
-2.272559e-04
-2.651842e-05
4.422127e-04
-6.060059e-04
-3.793425e-06
2.433426e-04
-7.575592e-05
4.422127e-04
-1.136309e-04
-3.787559e-04
-1.136309e-04
1.638051e-04
4.422127e-04
-1.543449e-04
-3.409343e-05
-2.272559e-04
-2.651842e-05
4.422127e-04
-1.543449e-04
-3.409343e-05
-2.272559e-04
-2.651842e-05
4.422127e-04
-1.543449e-04
-3.409343e-05
-2.272559e-04
-2.651842e-05
4.422127e-04
-1.543449e-04
-3.409343e-05
-2.272559e-04
-2.651842e-05
4.422127e-04
-1.543449e-04
-3.409343e-05
-2.272559e-04
-2.651842e-05
4.422127e-04
-1.136309e-04
-3.787559e-04
-1.136309e-04
1.638051e-04
4.422127e-04
-1.893809e-04
2.206176e-04
-1.894343e-05
-4.545059e-04
4.422127e-04
-1.543449e-04
-3.409343e-05
-2.272559e-04
-2.651842e-05
-1.557656e-04
-1.116891e-04
-3.722816e-04
-1.116891e-04
7.514254e-04
-1.557656e-04
-1.116891e-04
-3.722816e-04
-1.116891e-04
7.514254e-04
-1.557656e-04
4.387144e-04
-3.351132e-05
-2.233716e-04
-2.606582e-05
-1.557656e-04
-5.956466e-04
-3.729322e-06
8.296031e-04
-7.446157e-05
2.038696e-03
-5.640485e-04
-3.533798e-06
-1.400600e-03
-7.051355e-05
2.038696e-03
-5.640485e-04
-3.533798e-06
-1.400600e-03
-7.051355e-05
2.038696e-03
-1.770751e-03
-3.173580e-05
-2.115235e-04
-2.468530e-05
2.038696e-03
-1.762710e-04
-1.421751e-03
-1.763480e-05
-4.230385e-04
2.038696e-03
-1.057660e-04
-3.525335e-04
-1.057660e-04
-1.474630e-03
3.152874e-02
7.496220e-02
4.359198e-02
