-2.100000e-09
-6.331034e-06
-1.301978e-03
-6.261207e-06
1.314573e-03
-2.100000e-09
-2.059967e-04
-1.860000e-06
2.093776e-04
-1.518750e-06
-1.807153e-03
1.822996e-03
-1.876050e-06
-1.250691e-05
-1.459153e-06
-1.807153e-03
-1.042243e-05
1.843632e-03
-1.042257e-06
-2.501381e-05
-1.807153e-03
-6.253464e-06
-2.084484e-05
-6.253464e-06
1.840505e-03
-1.807153e-03
-3.335174e-05
-2.084638e-07
1.844883e-03
-4.168981e-06
-1.807153e-03
-3.335174e-05
-2.084638e-07
1.844883e-03
-4.168981e-06
-1.807153e-03
-1.042243e-05
1.843632e-03
-1.042257e-06
-2.501381e-05
-1.807153e-03
1.822996e-03
-1.876050e-06
-1.250691e-05
-1.459153e-06
-1.807153e-03
-6.253464e-06
-2.084484e-05
-6.253464e-06
1.840505e-03
-1.807153e-03
-6.253464e-06
-2.084484e-05
-6.253464e-06
1.840505e-03
-1.807153e-03
-6.253464e-06
-2.084484e-05
-6.253464e-06
1.840505e-03
-1.807153e-03
-3.335174e-05
-2.084638e-07
1.844883e-03
-4.168981e-06
-1.807153e-03
-3.335174e-05
-2.084638e-07
1.844883e-03
-4.168981e-06
-1.807153e-03
-3.335174e-05
-2.084638e-07
1.844883e-03
-4.168981e-06
-1.807153e-03
-1.042243e-05
1.843632e-03
-1.042257e-06
-2.501381e-05
-1.807153e-03
-1.042243e-05
1.843632e-03
-1.042257e-06
-2.501381e-05
-1.807153e-03
1.822996e-03
-1.876050e-06
-1.250691e-05
-1.459153e-06
-1.807153e-03
-3.335174e-05
-2.084638e-07
1.844883e-03
-4.168981e-06
-1.807153e-03
-3.335174e-05
-2.084638e-07
1.844883e-03
-4.168981e-06
-1.807153e-03
-3.335174e-05
-2.084638e-07
1.844883e-03
-4.168981e-06
-1.807153e-03
1.822996e-03
-1.876050e-06
-1.250691e-05
-1.459153e-06
-1.807153e-03
-3.335174e-05
-2.084638e-07
1.844883e-03
-4.168981e-06
-1.807153e-03
-6.253464e-06
-2.084484e-05
-6.253464e-06
1.840505e-03
-1.807153e-03
-1.042243e-05
1.843632e-03
-1.042257e-06
-2.501381e-05
-1.807153e-03
-6.253464e-06
-2.084484e-05
-6.253464e-06
1.840505e-03
-1.807153e-03
-1.042243e-05
1.843632e-03
-1.042257e-06
-2.501381e-05
-1.807153e-03
-1.042243e-05
1.843632e-03
-1.042257e-06
-2.501381e-05
-1.807153e-03
1.822996e-03
-1.876050e-06
-1.250691e-05
-1.459153e-06
-1.807153e-03
-6.253464e-06
-2.084484e-05
-6.253464e-06
1.840505e-03
-1.807153e-03
1.822996e-03
-1.876050e-06
-1.250691e-05
-1.459153e-06
-1.807153e-03
-3.335174e-05
-2.084638e-07
1.844883e-03
-4.168981e-06
-1.807153e-03
1.822996e-03
-1.876050e-06
-1.250691e-05
-1.459153e-06
-1.807153e-03
1.822996e-03
-1.876050e-06
-1.250691e-05
-1.459153e-06
-1.807153e-03
-6.253464e-06
-2.084484e-05
-6.253464e-06
1.840505e-03
-1.807153e-03
-3.335174e-05
-2.084638e-07
1.844883e-03
-4.168981e-06
-1.807153e-03
-3.335174e-05
-2.084638e-07
1.844883e-03
-4.168981e-06
-1.807153e-03
1.822996e-03
-1.876050e-06
-1.250691e-05
-1.459153e-06
-1.807153e-03
-3.335174e-05
-2.084638e-07
1.844883e-03
-4.168981e-06
-1.807153e-03
-3.335174e-05
-2.084638e-07
1.844883e-03
-4.168981e-06
-1.807153e-03
1.822996e-03
-1.876050e-06
-1.250691e-05
-1.459153e-06
-1.807153e-03
1.822996e-03
-1.876050e-06
-1.250691e-05
-1.459153e-06
-1.807153e-03
1.822996e-03
-1.876050e-06
-1.250691e-05
-1.459153e-06
-1.807153e-03
1.822996e-03
-1.876050e-06
-1.250691e-05
-1.459153e-06
-1.807153e-03
-3.335174e-05
-2.084638e-07
1.844883e-03
-4.168981e-06
-1.807153e-03
-3.335174e-05
-2.084638e-07
1.844883e-03
-4.168981e-06
-1.807153e-03
1.822996e-03
-1.876050e-06
-1.250691e-05
-1.459153e-06
-1.807153e-03
-3.335174e-05
-2.084638e-07
1.844883e-03
-4.168981e-06
-1.807153e-03
1.822996e-03
-1.876050e-06
-1.250691e-05
-1.459153e-06
-1.807153e-03
-6.253464e-06
-2.084484e-05
-6.253464e-06
1.840505e-03
-1.807153e-03
1.822996e-03
-1.876050e-06
-1.250691e-05
-1.459153e-06
-1.807153e-03
-6.253464e-06
-2.084484e-05
-6.253464e-06
1.840505e-03
-1.807153e-03
1.822996e-03
-1.876050e-06
-1.250691e-05
-1.459153e-06
-1.586079e-03
-3.275178e-05
-2.047513e-07
1.623130e-03
-4.094019e-06
-1.586079e-03
-1.023497e-05
1.621902e-03
-1.023544e-06
-2.456385e-05
-1.807153e-03
1.601037e-03
-1.846050e-06
2.094707e-04
-1.507903e-06
-1.807153e-03
-1.042243e-05
1.843632e-03
-1.042257e-06
-2.501381e-05
-1.807153e-03
1.822996e-03
-1.876050e-06
-1.250691e-05
-1.459153e-06
-1.807153e-03
-1.042243e-05
1.843632e-03
-1.042257e-06
-2.501381e-05
-1.807153e-03
1.822996e-03
-1.876050e-06
-1.250691e-05
-1.459153e-06
-1.807153e-03
1.822996e-03
-1.876050e-06
-1.250691e-05
-1.459153e-06
-1.807153e-03
1.822996e-03
-1.876050e-06
-1.250691e-05
-1.459153e-06
-1.807153e-03
-6.253464e-06
-2.084484e-05
-6.253464e-06
1.840505e-03
-1.807153e-03
1.822996e-03
-1.876050e-06
-1.250691e-05
-1.459153e-06
-1.807153e-03
-3.335174e-05
-2.084638e-07
1.844883e-03
-4.168981e-06
-1.807153e-03
1.822996e-03
-1.876050e-06
-1.250691e-05
-1.459153e-06
-1.807153e-03
-1.042243e-05
1.843632e-03
-1.042257e-06
-2.501381e-05
-2.100000e-09
-1.817456e-03
1.843618e-03
-1.135345e-06
-2.502466e-05
-2.100000e-09
-1.046897e-05
5.487553e-03
-1.088793e-06
-5.475993e-03
-2.100000e-09
-6.330435e-06
4.169346e-03
-6.261957e-06
-4.156752e-03
-2.100000e-09
5.752651e-03
-5.737767e-03
-1.183000e-05
-3.052000e-06
-2.100000e-09
-6.331034e-06
-1.381343e-03
-6.261207e-06
1.393938e-03
-2.100000e-09
5.573790e-03
-1.877586e-06
-5.570421e-03
-1.490172e-06
-2.100000e-09
-6.331034e-06
-5.556874e-03
-6.261207e-06
5.569468e-03
-2.100000e-09
-5.569534e-03
-2.224138e-07
5.573939e-03
-4.179828e-06
-2.100000e-09
-1.042500e-05
8.589093e-05
-1.143750e-06
-7.432008e-05
-2.100000e-09
-3.339828e-05
-3.636207e-07
1.361024e-03
-1.327260e-03
-2.100000e-09
-8.810666e-03
-1.865652e-06
8.814043e-03
-1.509565e-06
-2.100000e-09
-1.046957e-05
-4.197749e-03
-1.088043e-06
4.209309e-03
-2.100000e-09
-6.331034e-06
-1.422541e-03
-6.261207e-06
1.435136e-03
-2.100000e-09
-6.375000e-06
3.645915e-05
-6.206250e-06
-2.387580e-05
-2.100000e-09
-6.787500e-06
-2.062875e-05
-2.958606e-04
3.232789e-04
-2.100000e-09
5.685478e-03
-1.877586e-06
-5.682109e-03
-1.490172e-06
-2.100000e-09
-6.501724e-06
-2.084638e-05
-5.457200e-03
5.484550e-03
-2.100000e-09
-1.046957e-05
-3.946301e-03
-1.088043e-06
3.957861e-03
-2.100000e-09
-1.040870e-05
-1.190959e-02
-1.164130e-06
1.192117e-02
-2.100000e-09
1.417954e-03
-1.877586e-06
-1.414584e-03
-1.490172e-06
-5.738454e-03
-5.880140e-06
-1.960014e-05
-5.880140e-06
5.769814e-03
-2.100000e-09
-6.375000e-06
-7.039523e-05
-6.206250e-06
8.297858e-05
-2.385014e-03
2.400856e-03
-1.876050e-06
-1.250691e-05
-1.459153e-06
-2.100000e-09
-2.391147e-03
-2.085879e-05
-6.346552e-06
2.418355e-03
-2.100000e-09
-3.339828e-05
-3.636207e-07
2.422697e-03
-2.388933e-03
-2.100000e-09
2.400608e-03
-1.877586e-06
-2.397238e-03
-1.490172e-06
-2.100000e-09
-2.418246e-03
-2.224138e-07
2.422650e-03
-4.179828e-06
-2.100000e-09
2.400608e-03
-1.877586e-06
-2.397238e-03
-1.490172e-06
-2.100000e-09
-2.418246e-03
-2.224138e-07
2.422650e-03
-4.179828e-06
-2.100000e-09
-6.501724e-06
-2.084638e-05
-2.390985e-03
2.418335e-03
-2.100000e-09
2.400810e-03
-2.031207e-06
-1.255345e-05
-2.386223e-03
-2.100000e-09
2.619974e-03
-1.865172e-06
-2.616597e-03
-1.510345e-06
-2.100000e-09
1.822747e-03
-1.877586e-06
-1.819377e-03
-1.490172e-06
-2.100000e-09
-1.393579e-03
-2.224138e-07
1.397983e-03
-4.179828e-06
-2.385014e-03
2.400856e-03
-1.876050e-06
-1.250691e-05
-1.459153e-06
-2.385014e-03
-3.335174e-05
-2.084638e-07
2.422743e-03
-4.168981e-06
-2.385014e-03
-1.042243e-05
2.421492e-03
-1.042257e-06
-2.501381e-05
-2.385014e-03
2.400856e-03
-1.876050e-06
-1.250691e-05
-1.459153e-06
-2.385014e-03
2.400856e-03
-1.876050e-06
-1.250691e-05
-1.459153e-06
-2.385014e-03
-6.253464e-06
-2.084484e-05
-6.253464e-06
2.418366e-03
-2.385014e-03
-6.253464e-06
-2.084484e-05
-6.253464e-06
2.418366e-03
-2.385014e-03
-6.253464e-06
-2.084484e-05
-6.253464e-06
2.418366e-03
-2.385014e-03
-1.036036e-05
1.112349e-02
-1.119843e-06
-8.726995e-03
-2.385014e-03
2.400856e-03
-1.876050e-06
-1.250691e-05
-1.459153e-06
-2.385014e-03
-1.042243e-05
2.421492e-03
-1.042257e-06
-2.501381e-05
-2.385014e-03
2.400856e-03
-1.876050e-06
-1.250691e-05
-1.459153e-06
-2.385014e-03
-3.335174e-05
-2.084638e-07
2.422743e-03
-4.168981e-06
-2.385014e-03
2.400856e-03
-1.876050e-06
-1.250691e-05
-1.459153e-06
-2.385014e-03
-1.042243e-05
2.421492e-03
-1.042257e-06
-2.501381e-05
-2.385014e-03
2.400856e-03
-1.876050e-06
-1.250691e-05
-1.459153e-06
-2.385014e-03
2.400856e-03
-1.876050e-06
-1.250691e-05
-1.459153e-06
-2.385014e-03
-6.253464e-06
-2.084484e-05
-6.253464e-06
2.418366e-03
-2.385014e-03
-3.335174e-05
-2.084638e-07
2.422743e-03
-4.168981e-06
-2.385014e-03
-1.042243e-05
2.421492e-03
-1.042257e-06
-2.501381e-05
-2.385014e-03
-6.253464e-06
-2.084484e-05
-6.253464e-06
2.418366e-03
-2.100000e-09
2.400608e-03
-1.877586e-06
-2.397238e-03
-1.490172e-06
-2.385014e-03
2.400856e-03
-1.876050e-06
-1.250691e-05
-1.459153e-06
-2.385014e-03
2.400856e-03
-1.876050e-06
-1.250691e-05
-1.459153e-06
-2.385014e-03
-1.042243e-05
2.421492e-03
-1.042257e-06
-2.501381e-05
-2.385014e-03
-1.042243e-05
2.421492e-03
-1.042257e-06
-2.501381e-05
-2.385014e-03
2.400856e-03
-1.876050e-06
-1.250691e-05
-1.459153e-06
-2.385014e-03
-6.253464e-06
-2.084484e-05
-6.253464e-06
2.418366e-03
-2.385014e-03
2.400856e-03
-1.876050e-06
-1.250691e-05
-1.459153e-06
-2.385014e-03
2.400856e-03
-1.876050e-06
-1.250691e-05
-1.459153e-06
-2.385014e-03
-6.253464e-06
-2.084484e-05
-6.253464e-06
2.418366e-03
-2.385014e-03
2.400856e-03
-1.876050e-06
-1.250691e-05
-1.459153e-06
-2.385014e-03
-3.335174e-05
-2.084638e-07
2.422743e-03
-4.168981e-06
-2.385014e-03
-6.253464e-06
-2.084484e-05
-6.253464e-06
2.418366e-03
1.552915e-03
-1.537188e-03
-1.862370e-06
-1.241562e-05
-1.448516e-06
3.937927e-03
-1.042393e-05
-3.901443e-03
-1.042407e-06
-2.501741e-05
3.937927e-03
-3.922082e-03
-1.876320e-06
-1.250871e-05
-1.459363e-06
3.937927e-03
-2.418002e-03
-2.209073e-07
-1.515554e-03
-4.149408e-06
3.937927e-03
-1.039289e-05
-1.516858e-03
-1.081200e-06
-2.409595e-03
3.937927e-03
-6.254363e-06
-2.084784e-05
-6.254363e-06
-3.904570e-03
3.937927e-03
-3.315481e-05
-3.621142e-07
-1.515508e-03
-2.388902e-03
-2.100000e-09
-4.107485e-05
-1.860000e-06
4.445570e-05
-1.518750e-06
-2.100000e-09
-1.392950e-03
-2.224138e-07
1.397354e-03
-4.179828e-06
-2.100000e-09
-4.107485e-05
-1.860000e-06
4.445570e-05
-1.518750e-06
-2.100000e-09
-6.331034e-06
-1.422541e-03
-6.261207e-06
1.435136e-03
-2.100000e-09
-1.813287e-03
-2.085879e-05
-6.346552e-06
1.840494e-03
-2.100000e-09
8.718422e-03
-8.704170e-03
-1.242931e-05
-1.820690e-06
-2.100000e-09
5.685680e-03
-2.031207e-06
-1.255345e-05
-5.671093e-03
-2.100000e-09
-4.293384e-03
-1.877826e-06
4.296754e-03
-1.489783e-06
-2.100000e-09
-1.392950e-03
-2.224138e-07
1.397354e-03
-4.179828e-06
-2.100000e-09
7.097515e-04
-2.400000e-07
-7.053582e-04
-4.151250e-06
-2.100000e-09
2.371290e-05
-2.400000e-07
-1.931955e-05
-4.151250e-06
-2.100000e-09
1.417954e-03
-1.877586e-06
-1.414584e-03
-1.490172e-06
-2.100000e-09
4.301241e-03
-2.221739e-07
-4.296837e-03
-4.180217e-06
-2.100000e-09
-1.046897e-05
4.387588e-03
-1.088793e-06
-4.376028e-03
-2.100000e-09
-5.591428e-03
-2.224138e-07
5.595833e-03
-4.179828e-06
-2.100000e-09
-3.429907e-03
-9.328066e-07
3.433867e-03
-3.025439e-06
-2.100000e-09
-2.418246e-03
-2.224138e-07
2.422650e-03
-4.179828e-06
-2.100000e-09
-4.357723e-03
-2.085879e-05
-6.346552e-06
4.384931e-03
-2.100000e-09
7.097515e-04
-2.400000e-07
-7.053582e-04
-4.151250e-06
-1.360772e-03
1.376614e-03
-1.876050e-06
-1.250691e-05
-1.459153e-06
-2.100000e-09
4.156687e-03
-2.221739e-07
-4.152282e-03
-4.180217e-06
-2.100000e-09
-7.273894e-04
-1.860000e-06
7.307703e-04
-1.518750e-06
-2.100000e-09
-3.972198e-03
3.986358e-03
-1.251630e-05
-1.641957e-06
-2.100000e-09
-1.983299e-03
-2.224138e-07
1.987704e-03
-4.179828e-06
-2.100000e-09
8.056800e-03
-1.778000e-06
-8.053368e-03
-1.652000e-06
-2.100000e-09
7.097515e-04
-2.400000e-07
-7.053582e-04
-4.151250e-06
-2.100000e-09
-3.926189e-03
-1.877826e-06
3.929559e-03
-1.489783e-06
-2.100000e-09
-1.817333e-03
8.522575e-04
-1.289018e-06
9.663666e-04
-2.100000e-09
8.509125e-03
-1.135676e-06
-8.505291e-03
-2.695776e-06
-4.720218e-03
4.735827e-03
-1.848420e-06
-1.232254e-05
-1.437670e-06
-4.720218e-03
-3.286002e-05
-2.054211e-07
4.757391e-03
-4.107543e-06
-4.720218e-03
-3.286002e-05
-2.054211e-07
4.757391e-03
-4.107543e-06
3.982632e-03
-8.735475e-03
-2.333211e-07
4.757205e-03
-4.129236e-06
3.982632e-03
1.444451e-04
-2.984935e-07
-4.122756e-03
-4.023330e-06
3.982632e-03
-3.335654e-05
-2.084935e-07
-3.944898e-03
-4.169580e-06
3.982632e-03
8.717548e-03
-2.026364e-05
-8.708541e-03
-3.971376e-03
3.982632e-03
-3.335654e-05
-2.084935e-07
-3.944898e-03
-4.169580e-06
3.982632e-03
-3.335654e-05
-2.084935e-07
-3.944898e-03
-4.169580e-06
3.982632e-03
4.217222e-03
-2.206674e-07
-8.195484e-03
-4.149798e-06
3.982632e-03
-3.966788e-03
-1.876320e-06
-1.250871e-05
-1.459363e-06
3.982632e-03
-3.335654e-05
-2.084935e-07
-3.944898e-03
-4.169580e-06
-2.100000e-09
-2.978861e-03
-1.823238e-06
2.982264e-03
-1.578488e-06
-2.100000e-09
-6.528261e-06
4.506245e-03
3.976694e-03
-8.476408e-03
-2.100000e-09
1.417954e-03
-1.877586e-06
-1.414584e-03
-1.490172e-06
-2.100000e-09
4.216979e-03
-2.221739e-07
-4.212575e-03
-4.180217e-06
-2.100000e-09
1.417954e-03
-1.877586e-06
-1.414584e-03
-1.490172e-06
-2.100000e-09
2.582114e-03
-1.865172e-06
-2.578736e-03
-1.510345e-06
-2.100000e-09
-2.599752e-03
-2.348276e-07
2.604148e-03
-4.159655e-06
2.612539e-03
-2.597643e-03
-1.764140e-06
-1.176014e-05
-1.372140e-06
-2.100000e-09
-6.787500e-06
-2.062875e-05
7.858483e-04
-7.584299e-04
-2.100000e-09
2.582245e-03
-3.220000e-07
-2.577903e-03
-4.018000e-06
-2.100000e-09
-6.375000e-06
3.645915e-05
-6.206250e-06
-2.387580e-05
-2.100000e-09
4.275747e-03
-2.221739e-07
-4.271342e-03
-4.180217e-06
-2.100000e-09
1.375941e-03
-1.877586e-06
-1.372571e-03
-1.490172e-06
-1.908248e-03
-4.968474e-07
1.909986e-03
-5.148566e-08
-1.189632e-06
-2.100000e-09
1.899003e-03
-1.873324e-03
-1.594331e-06
-2.408165e-05
-2.100000e-09
-3.966864e-03
3.981024e-03
-1.251630e-05
-1.641957e-06
-2.100000e-09
1.050175e-02
-6.382219e-07
-1.049761e-02
-3.504139e-06
-2.100000e-09
-6.450000e-06
1.393774e-03
-6.112500e-06
-1.381210e-03
-2.100000e-09
-6.375000e-06
7.224978e-04
-6.206250e-06
-7.099144e-04
-2.100000e-09
-8.273321e-06
9.147278e-03
-3.833349e-06
-9.135169e-03
-2.100000e-09
1.822747e-03
-1.877586e-06
-1.819377e-03
-1.490172e-06
-2.100000e-09
-6.497826e-06
-2.084935e-05
3.935983e-03
-3.908633e-03
-2.100000e-09
7.586420e-04
-2.400000e-07
-7.542487e-04
-4.151250e-06
-2.100000e-09
-1.046897e-05
1.843477e-03
-1.088793e-06
-1.831917e-03
-4.225557e-03
-4.675970e-07
-1.554119e-06
-4.675970e-07
4.228046e-03
4.225563e-03
-4.210783e-03
-1.750460e-06
-1.166885e-05
-1.361503e-06
4.225563e-03
-4.210783e-03
-1.750460e-06
-1.166885e-05
-1.361503e-06
4.225563e-03
-4.210783e-03
-1.750460e-06
-1.166885e-05
-1.361503e-06
4.225563e-03
-3.111668e-05
-1.946335e-07
-4.190362e-03
-3.889720e-06
4.225563e-03
-4.210783e-03
-1.750460e-06
-1.166885e-05
-1.361503e-06
4.225563e-03
-9.724068e-06
-4.191529e-03
-9.725465e-07
-2.333755e-05
4.225563e-03
-5.834503e-06
-1.944798e-05
-5.834503e-06
-4.194446e-03
-2.100000e-09
-3.158217e-05
-1.746652e-06
-4.190828e-03
4.224159e-03
-2.100000e-09
4.195628e-03
-3.341739e-07
-4.191293e-03
-3.998217e-06
-2.100000e-09
-4.211558e-03
4.226531e-03
-1.174630e-05
-3.223957e-06
-2.100000e-09
4.217021e-03
-4.191669e-03
-1.903696e-06
-2.344604e-05
2.275498e-03
-5.787967e-06
-1.929282e-05
-5.787967e-06
-2.244629e-03
2.275498e-03
-9.646498e-06
-2.241735e-03
-9.648034e-07
-2.315136e-05
2.275498e-03
-3.086842e-05
-1.930973e-07
-2.240578e-03
-3.858701e-06
2.275498e-03
-2.260835e-03
-1.736510e-06
-1.157576e-05
-1.350656e-06
2.275498e-03
-3.086842e-05
-1.930973e-07
-2.240578e-03
-3.858701e-06
2.275498e-03
-5.787967e-06
-1.929282e-05
-5.787967e-06
-2.244629e-03
2.275498e-03
-5.787967e-06
-1.929282e-05
-5.787967e-06
-2.244629e-03
2.275498e-03
-5.787967e-06
-1.929282e-05
-5.787967e-06
-2.244629e-03
4.225563e-03
-5.834503e-06
-1.944798e-05
-5.834503e-06
-4.194446e-03
4.225563e-03
-9.693034e-06
-2.241890e-03
-1.011340e-06
-1.972969e-03
4.225563e-03
-5.834503e-06
-1.944798e-05
-5.834503e-06
-4.194446e-03
4.225563e-03
-4.210783e-03
-1.750460e-06
-1.166885e-05
-1.361503e-06
4.225563e-03
-9.724068e-06
-4.191529e-03
-9.725465e-07
-2.333755e-05
4.225563e-03
-4.210783e-03
-1.750460e-06
-1.166885e-05
-1.361503e-06
4.225563e-03
-4.210783e-03
-1.750460e-06
-1.166885e-05
-1.361503e-06
-2.100000e-09
3.954727e-03
-2.221739e-07
-3.950323e-03
-4.180217e-06
-2.100000e-09
-1.046897e-05
1.438183e-03
-1.088793e-06
-1.426623e-03
-2.100000e-09
4.200842e-03
-2.221739e-07
-4.196437e-03
-4.180217e-06
-2.100000e-09
-6.330435e-06
4.169346e-03
-6.261957e-06
-4.156752e-03
-2.100000e-09
-1.046957e-05
-3.951635e-03
-1.088043e-06
3.963194e-03
2.588864e-01
