4.966568e-02
2.786876e-02
1.172788e-02
1.743528e-02
1.069182e-02
1.806497e-02
1.641079e-02
1.353539e-02
1.711941e-02
1.733558e-02
-1.794458e-02
4.150729e-03
-1.636943e-03
-1.430162e-02
-2.059130e-02
3.763216e-03
1.116785e-03
-1.538887e-03
6.175148e-03
1.341601e-03
-1.417783e-04
-5.603927e-03
-8.451880e-03
-3.836150e-02
-3.906901e-03
6.773836e-03
-1.392233e-02
4.172510e-03
-9.879320e-03
-8.115903e-04
-2.113704e-02
1.646601e-03
-4.113963e-03
-1.979640e-02
-3.280451e-03
3.907494e-03
-1.014081e-02
3.007756e-04
-4.442129e-03
4.539010e-03
-3.347493e-02
-5.283298e-02
-1.002579e-02
-2.004356e-02
-6.813312e-03
-2.144592e-02
-2.169223e-02
-9.941936e-03
-1.554203e-02
-1.776327e-02
6.186133e-02
1.426202e-02
