5.498460e-03
1.155365e-02
1.654745e-02
5.813306e-02
1.728547e-02
1.859014e-02
1.418259e-02
1.649641e-02
2.233027e-02
1.111159e-02
5.069956e-03
-3.363791e-04
-5.382392e-03
6.900765e-03
-7.401091e-03
6.956283e-04
-3.155769e-03
-1.206242e-03
1.063860e-03
2.361924e-03
-3.552739e-03
-1.712684e-02
1.456542e-03
-3.436360e-02
-1.775163e-02
-8.092399e-03
9.947774e-04
4.983448e-03
1.395864e-02
9.183050e-03
3.232366e-03
-4.661379e-03
-2.347270e-03
-2.194981e-02
-1.410052e-02
-4.877790e-03
1.231805e-04
-1.798635e-02
-2.076293e-02
3.567817e-03
-1.600402e-02
-2.185674e-02
-3.590454e-02
-1.815208e-02
-2.071167e-02
-1.707926e-02
-3.124103e-02
-1.703168e-02
-2.133885e-02
-9.743860e-03
5.250615e-02
2.180522e-02
