2.228874e-02
1.086958e-02
2.007939e-02
1.585690e-02
1.126231e-02
1.819198e-02
1.351717e-02
1.574585e-02
2.501148e-02
1.361856e-02
-8.074088e-03
1.505231e-03
-6.577143e-04
1.890232e-03
6.423204e-04
-1.472417e-02
8.061480e-03
6.515780e-03
-1.228666e-03
-6.223531e-04
-2.542554e-02
-2.383167e-03
-5.567647e-03
-1.832612e-02
6.253378e-03
-6.976613e-03
-1.020360e-03
4.333337e-03
4.506322e-03
1.514661e-03
7.032684e-03
1.336420e-03
-1.821536e-03
-4.890125e-03
8.261704e-03
-1.023634e-02
-4.026656e-03
-1.515396e-03
3.930302e-03
1.534036e-03
-7.443210e-03
-2.643946e-02
-1.706145e-02
-2.533578e-02
-1.379272e-02
-1.683940e-02
-1.758110e-02
-1.450850e-02
-1.906785e-02
-1.669946e-02
6.514889e-02
7.620143e-02
