1.495178e-02
9.056051e-03
6.205364e-03
2.758878e-02
1.542610e-02
1.686757e-02
1.503219e-02
1.838772e-02
2.285281e-02
2.517317e-02
-4.336273e-03
1.917163e-03
1.687401e-03
-7.414114e-03
4.398772e-03
-1.779497e-03
-5.500624e-03
-3.314353e-03
-1.723342e-02
-2.330720e-02
-4.749098e-03
6.503894e-04
-1.344612e-03
2.865829e-03
-1.118842e-02
-3.314263e-03
-2.326309e-04
-4.628079e-03
-1.765781e-03
6.860013e-03
-6.355518e-03
-1.697931e-04
2.860146e-03
-4.891986e-03
-5.147579e-03
-1.940054e-02
-1.044920e-04
7.964598e-03
-3.736228e-03
-1.054646e-02
-2.224416e-02
-2.647451e-02
-3.001043e-02
-1.107239e-02
-2.687421e-02
-1.029931e-02
-3.621067e-02
-1.346635e-02
-3.686958e-02
-1.994761e-02
5.138778e-02
3.768996e-02
