3.422652e-02
1.512578e-02
-4.813940e-03
1.882699e-02
1.653416e-02
2.162877e-02
1.918974e-02
2.016776e-02
1.341956e-02
2.312058e-02
-7.113481e-03
3.151497e-03
2.582054e-02
-1.458861e-03
-1.057990e-02
1.698701e-03
-1.596054e-02
-5.480384e-03
-3.572492e-03
-3.285337e-03
2.606191e-03
-6.870259e-03
2.935444e-03
4.647373e-04
-3.274092e-03
1.592305e-03
-1.015252e-03
-7.406956e-03
-7.144269e-03
-1.764737e-03
7.931021e-03
-4.303977e-02
-8.768376e-03
9.538419e-03
-3.873439e-03
-4.950798e-03
2.365580e-03
1.238334e-03
1.617050e-03
-2.437670e-03
-1.727575e-02
-2.036562e-02
-1.597414e-02
-1.782513e-02
-2.156483e-02
-2.789639e-02
-8.117251e-03
-7.723912e-03
-1.240935e-02
-2.715708e-02
2.450516e-02
2.971819e-02
