2.403309e-02
2.307119e-02
1.509299e-02
1.640301e-02
1.393310e-02
1.893406e-02
3.939394e-02
5.019913e-02
1.755866e-02
1.628263e-02
2.045130e-03
1.595024e-03
3.237022e-04
-4.325991e-03
-7.842562e-03
6.138777e-03
-2.715816e-03
-1.871272e-03
2.879704e-03
-4.514558e-03
2.283042e-03
-1.072174e-02
-6.351990e-03
2.474562e-03
3.100520e-03
-2.679731e-03
4.609589e-03
4.616704e-03
-9.014863e-04
-7.426100e-03
-1.151026e-02
-1.096628e-02
1.470536e-03
3.375907e-03
5.965813e-03
-2.031036e-02
-2.068059e-04
-2.948549e-03
2.883053e-03
-1.859323e-03
-4.621978e-02
-2.211930e-02
-1.245902e-02
-2.390384e-02
-2.621755e-02
-1.595691e-02
-2.387534e-02
-3.044801e-02
-1.247486e-02
-4.442220e-02
1.866443e-02
1.976509e-02
