1.663500e-02
1.260135e-02
7.584467e-03
1.945229e-02
1.752935e-02
2.202757e-02
1.432935e-02
9.270426e-03
2.581923e-02
6.478314e-03
2.985434e-03
8.266911e-03
-2.043427e-03
3.812046e-04
-3.173361e-03
3.707154e-04
-8.025995e-04
2.149809e-03
-7.138451e-03
5.386492e-03
4.461300e-03
-8.051594e-04
-1.087576e-02
4.494940e-03
-7.759569e-04
-5.872765e-03
4.620854e-03
-1.284909e-03
-4.861399e-03
1.465962e-03
-4.592061e-03
-1.437314e-02
7.513195e-03
-1.056285e-02
-1.864562e-02
-8.247123e-03
2.034278e-03
-1.300970e-04
-3.672273e-03
7.579561e-03
-1.462451e-02
-1.300816e-02
-1.144763e-02
-1.921961e-02
-1.435341e-02
-1.612239e-02
-2.849951e-02
-2.237701e-02
-1.994235e-02
-1.322732e-02
6.210534e-02
6.431729e-02
