1.390419e-02
1.170807e-02
2.100370e-02
1.284573e-02
2.192240e-02
9.076448e-03
6.964473e-03
2.271455e-02
2.321164e-02
8.682312e-04
-1.436672e-02
-1.280059e-03
-9.525785e-03
-8.831485e-03
-6.858809e-04
-2.367848e-03
-9.885671e-03
1.488146e-02
-2.771079e-03
2.421627e-04
-1.992248e-03
-5.870678e-03
-4.308906e-04
-1.247082e-02
2.628457e-02
-1.162909e-02
8.107077e-03
-2.632690e-02
1.561586e-03
7.951172e-03
3.585897e-03
-6.134332e-03
-1.177579e-03
-4.827257e-03
4.620152e-03
-2.360258e-02
-1.224805e-02
2.541412e-03
4.287665e-03
-5.148325e-03
-1.740122e-02
-1.899869e-02
-4.194910e-02
-3.027090e-02
-1.361180e-02
-1.103977e-02
-2.023270e-02
-1.098065e-02
-2.382588e-02
-1.401119e-02
3.210468e-02
5.189013e-02
