1.614529e-02
1.566701e-02
1.157864e-02
1.078651e-02
1.574304e-02
1.206968e-02
2.355055e-02
9.247498e-03
6.536781e-03
1.004932e-02
9.274950e-03
-4.751289e-03
-3.886056e-04
-3.862326e-03
-1.078696e-03
-6.040258e-03
-6.105578e-03
8.986565e-03
3.449932e-03
-2.386975e-03
1.035772e-03
4.402450e-03
-4.712496e-03
5.577736e-03
8.362598e-03
-4.982664e-03
2.113381e-03
5.686442e-03
9.835841e-03
-5.132600e-03
-2.780102e-02
1.237387e-03
-9.155305e-03
6.455737e-03
-2.183980e-02
-6.532700e-03
-1.425966e-02
-2.500679e-02
-1.607003e-02
-8.983903e-03
-2.354178e-02
-1.068736e-02
-3.781101e-02
-7.943509e-03
-1.495469e-02
-7.626385e-03
-1.572134e-02
-2.157142e-02
-2.300132e-02
-2.073527e-02
4.680463e-02
6.094217e-02
