1.457800e-02
2.009541e-02
2.439205e-02
1.859921e-02
2.105184e-02
1.641885e-02
2.415974e-02
1.498546e-02
1.679596e-02
1.910565e-02
4.370939e-03
-1.863538e-02
2.966955e-03
4.584779e-03
-1.686718e-02
2.164417e-03
1.910765e-03
-5.279152e-03
5.159401e-03
-7.829260e-03
2.064208e-03
3.117338e-03
-7.191744e-03
-6.883926e-03
-4.282588e-03
4.379383e-03
-1.376883e-02
-5.301969e-03
-7.595926e-03
3.014015e-03
-1.032999e-03
-8.050008e-03
5.213844e-03
1.167208e-02
-4.091620e-03
5.242725e-03
-2.544000e-03
2.834874e-04
-1.165670e-02
-8.402433e-03
-4.893624e-03
-1.197163e-02
-1.418912e-02
-2.113507e-02
-1.714793e-02
-6.911582e-04
-9.074882e-03
-3.224984e-02
-1.396748e-02
-1.203028e-02
4.149050e-02
5.794794e-02
