2.255218e-02
1.956123e-02
1.046219e-02
1.487266e-02
1.097946e-02
1.530554e-02
1.816145e-02
2.399023e-02
1.966366e-02
1.934438e-02
-1.026297e-03
-7.493921e-03
-1.331535e-02
6.420320e-03
-1.026219e-02
-2.126494e-05
4.073826e-03
-8.963166e-03
-3.167524e-03
-2.046663e-02
-4.364189e-03
-1.246141e-02
-1.190980e-02
1.997767e-04
-1.243802e-02
-4.196785e-04
-9.288154e-03
2.685536e-03
-8.112205e-03
4.362437e-03
-5.620078e-04
-8.021550e-03
-6.064673e-04
-1.515110e-02
4.315266e-03
-1.496367e-02
-6.760556e-03
-5.138980e-04
-4.975977e-03
8.339253e-03
-1.732036e-02
-1.238226e-02
-1.582136e-02
-2.041574e-02
-1.337367e-02
-9.041381e-03
-1.706948e-02
-1.048506e-02
-1.377455e-02
-1.834296e-02
4.425692e-02
5.359128e-02
