1.917026e-02
3.686574e-02
2.004451e-02
2.210384e-02
1.782630e-02
2.645220e-02
1.939022e-02
2.275235e-02
2.037956e-02
1.277483e-02
9.327611e-03
-1.972528e-02
5.207732e-03
-1.217261e-03
-2.122636e-03
1.169001e-02
-1.768625e-02
6.486145e-03
-6.607018e-03
-5.179300e-03
-2.434154e-03
-1.216300e-02
7.297848e-03
6.658590e-03
8.849364e-05
1.032197e-03
1.018545e-02
2.726477e-03
-8.617967e-03
-6.270539e-03
-4.722957e-03
-1.634226e-04
3.147989e-03
4.399745e-03
-9.013586e-03
-1.871175e-02
6.110542e-03
8.638745e-04
7.671844e-03
-4.714761e-04
-1.513779e-02
-2.363089e-03
-2.288353e-02
-2.903836e-02
-1.600678e-02
-1.515643e-02
-1.335260e-02
-1.769303e-02
-2.748351e-02
-1.574741e-02
5.254518e-02
3.418073e-02
