1.457590e-02
1.104369e-02
1.339228e-02
2.035696e-02
1.484462e-02
8.523652e-03
2.195015e-02
9.547053e-03
1.766381e-02
1.285803e-02
-2.170403e-03
-9.572147e-04
-1.326928e-03
-2.206657e-02
-4.872883e-03
3.074802e-04
-9.625134e-04
-5.423482e-03
-2.289004e-02
1.201629e-02
-6.968425e-03
-6.641359e-03
9.456621e-04
-1.137584e-02
4.419434e-03
-8.692377e-03
-3.191506e-03
-2.839442e-02
-2.561417e-02
-2.638621e-02
-2.053156e-02
2.645412e-03
-8.837796e-03
1.103319e-03
6.696246e-03
9.158507e-03
2.441778e-03
2.824982e-03
6.144151e-03
1.259254e-03
-1.995719e-02
-1.192318e-02
-8.994843e-03
-2.406694e-02
-1.522777e-02
-2.297963e-02
-1.399687e-02
-2.595609e-02
-1.859125e-02
-1.488975e-02
5.197052e-02
5.046555e-02
