2.697116e-03
1.442906e-02
1.696557e-02
1.812503e-02
1.102723e-02
1.590819e-02
1.898365e-02
2.017023e-02
3.193041e-02
4.656943e-03
-1.552810e-02
-2.345905e-03
-1.729894e-02
6.378359e-03
-2.441449e-02
4.914312e-03
1.589477e-03
7.215744e-03
-1.454187e-03
-6.615125e-03
-2.192320e-03
1.214270e-02
5.443325e-05
2.637891e-03
-3.479922e-03
-9.404510e-04
6.869111e-03
6.860020e-05
-4.960587e-03
-1.642676e-02
-4.154733e-04
2.416838e-03
-4.798082e-03
-1.013064e-03
4.359830e-03
1.166409e-03
-2.422771e-03
-1.107796e-02
-6.684600e-04
6.502255e-03
-1.135029e-02
-1.040602e-02
-1.733160e-02
-2.264415e-02
-4.684515e-02
-9.188229e-03
-1.590861e-02
-1.632020e-02
-3.320988e-02
-7.518641e-03
4.991661e-02
5.000262e-02
