1.414938e-02
1.433531e-02
1.235733e-02
1.377092e-02
1.728476e-02
3.023565e-02
1.504020e-02
1.606479e-02
4.020171e-02
1.798592e-02
-8.799448e-03
-4.220688e-03
-2.564407e-02
3.945700e-03
-8.414453e-03
3.516097e-03
1.146244e-03
-1.813909e-02
-1.171885e-03
-6.537601e-03
-7.921308e-03
-6.596720e-03
2.131255e-03
-4.750088e-03
-3.736325e-03
6.636327e-03
-7.128606e-03
-1.002781e-02
-2.861594e-03
-7.770336e-03
8.570956e-03
2.376142e-03
-7.049075e-03
6.481646e-03
5.677886e-03
7.734220e-03
-2.368763e-03
5.551366e-03
2.878945e-03
-1.709053e-03
-1.298884e-02
-1.228186e-02
-1.525458e-02
-2.259890e-02
-2.284877e-02
-1.329876e-02
-3.922463e-02
-1.263574e-02
-2.248843e-02
-9.846547e-03
5.115592e-02
4.082403e-02
