1.233524e-02
2.386025e-02
-5.348498e-03
1.161645e-02
2.511736e-02
1.475712e-02
7.475673e-03
1.079632e-02
2.329829e-02
1.001336e-02
-7.144507e-03
-3.901878e-03
-1.192660e-03
-1.717926e-03
-1.364007e-02
4.519782e-03
3.061584e-03
-9.988915e-03
-1.626287e-02
-2.217365e-02
-9.223995e-03
-4.744371e-03
5.490427e-03
2.777295e-03
8.033443e-03
1.147414e-03
-9.920385e-03
1.361458e-02
-9.306263e-03
2.332952e-03
-1.120678e-04
-1.356694e-03
2.161990e-03
-2.647941e-03
8.307111e-03
8.053069e-03
3.251424e-03
-2.288921e-02
-1.478463e-02
-1.944978e-03
-2.980024e-02
-1.375504e-02
-1.334144e-02
-4.942092e-02
-8.108349e-03
-3.451174e-03
-4.533951e-03
-3.032957e-02
-2.759199e-02
-1.395974e-02
5.084774e-02
4.373602e-02
