2.580794e-02
9.375864e-03
1.646468e-02
1.732002e-02
3.099455e-02
7.684267e-03
2.692011e-03
2.305879e-02
2.041695e-02
1.629010e-02
6.513429e-04
-2.155209e-02
-1.602612e-03
9.060077e-03
7.625245e-03
9.479528e-03
5.362359e-03
7.845851e-03
-2.717930e-02
5.764131e-03
-1.251021e-02
-5.576767e-03
-2.786456e-03
-1.558062e-02
-9.782835e-03
-5.506587e-03
-3.274737e-03
-2.553340e-03
-6.057112e-03
5.906470e-03
7.447472e-03
-2.371150e-02
4.738325e-03
-1.279263e-02
-5.400139e-03
-1.514343e-03
-2.645221e-03
2.315121e-03
-1.640858e-02
1.097782e-03
-2.678336e-02
-5.537185e-03
-3.095311e-03
-3.883272e-02
-1.385614e-02
-1.998629e-02
-1.053292e-02
-1.821466e-02
-1.014370e-02
-1.577325e-02
5.877132e-02
4.595696e-02
