-6.152834e-03
1.904128e-02
2.015369e-02
9.566263e-03
-1.303076e-03
2.165802e-02
1.035868e-02
2.132545e-02
1.659537e-02
1.776553e-02
-5.504377e-03
9.008209e-03
2.838703e-03
-5.095263e-04
-1.111007e-02
2.987952e-03
-3.662444e-04
-5.371030e-03
-4.664883e-03
-2.919099e-02
4.807845e-03
1.492750e-03
-4.227644e-05
-2.902081e-03
-3.783232e-03
-1.991344e-02
-7.713580e-03
5.530449e-02
-1.448584e-02
-3.889030e-02
-5.650806e-03
-2.428858e-03
7.994689e-04
6.140233e-03
-1.412294e-02
-1.230543e-04
-9.937364e-03
4.635460e-03
2.829041e-03
-3.059618e-03
-2.208260e-02
-3.035453e-02
-2.371417e-02
-2.842345e-02
-2.869416e-02
-3.125699e-02
-1.133117e-02
-2.232886e-02
-1.673126e-02
-2.297653e-02
4.190170e-02
-2.055965e-03
