1.252678e-02
1.562112e-02
1.202519e-02
2.020945e-02
1.260619e-02
1.419462e-02
2.031358e-02
1.699847e-02
1.505744e-02
1.847084e-02
4.000585e-03
-5.430335e-03
-2.763925e-02
8.926891e-04
-4.772559e-03
-1.495766e-04
-1.037635e-02
-3.660213e-03
5.006271e-03
-8.390869e-03
-4.919024e-03
3.167596e-03
-1.610205e-02
5.528051e-03
-3.789733e-03
1.900032e-02
-2.443095e-03
1.154801e-04
-2.248723e-02
3.791145e-03
-3.961784e-03
-3.556001e-02
-3.914310e-04
-2.368209e-03
4.223161e-03
-9.422618e-05
-8.280215e-03
1.472363e-03
-7.773002e-03
-9.466686e-03
-2.001225e-02
-1.205806e-02
-2.181250e-02
-4.772973e-03
-3.207552e-02
-1.641231e-02
-1.026637e-02
-1.063885e-02
-1.517483e-02
-2.372879e-02
4.833480e-02
3.098448e-02
