3.206344e-03
3.871642e-03
1.014252e-02
1.145238e-02
1.722333e-02
2.233159e-02
1.660464e-02
1.379225e-02
2.296115e-02
1.194568e-02
-1.291284e-02
1.319338e-03
-6.343978e-03
-1.477520e-03
5.434872e-03
7.600190e-03
4.733519e-03
5.769598e-03
-1.120963e-02
-2.375287e-02
-5.188783e-03
4.205405e-03
2.855732e-03
-4.639318e-03
5.349610e-03
-2.049942e-03
9.760718e-03
-9.216099e-03
-3.213244e-03
-1.647699e-03
5.751063e-04
-4.148720e-03
-4.745992e-03
2.467809e-03
-5.088181e-03
-9.103155e-03
-3.964846e-03
-3.885941e-03
-8.131336e-03
-1.333924e-02
-2.760230e-02
-1.632031e-03
-2.088381e-02
-2.992449e-02
-1.309650e-02
-2.797144e-02
-5.346082e-02
-1.335069e-02
-5.867657e-03
-2.421997e-02
5.536462e-02
4.634072e-02
