-3.330000e-08
1.852181e-03
-2.717533e-05
-1.797122e-03
-2.785133e-05
-3.330000e-08
-1.005667e-04
6.835336e-04
-9.906667e-05
-4.838670e-04
-3.330000e-08
9.566960e-04
-7.321752e-04
-1.984938e-04
-2.599375e-05
-3.330000e-08
-2.629920e-02
-1.443667e-05
2.636222e-02
-4.855167e-05
-3.330000e-08
7.737838e-04
-3.520000e-06
-7.039392e-04
-6.629125e-05
-3.330000e-08
-1.649200e-04
-2.851931e-03
-1.862500e-05
3.035510e-03
-3.330000e-08
7.997822e-05
3.351451e-04
-1.775000e-05
-3.973400e-04
-3.330000e-08
-8.450275e-03
-2.922333e-05
8.504055e-03
-2.452333e-05
-3.330000e-08
-4.738892e-04
-3.936667e-06
5.434733e-04
-6.561417e-05
-3.330000e-08
-1.097583e-04
-3.254925e-04
-2.944998e-04
7.297839e-04
-3.330000e-08
7.061475e-05
-4.203333e-06
-1.197288e-06
-6.518083e-05
-3.330000e-08
-3.178520e-03
-2.933800e-05
3.232229e-03
-2.433700e-05
-3.330000e-08
-1.014167e-04
-3.993151e-04
-9.800417e-05
5.987693e-04
-3.330000e-08
2.898834e-03
-3.962000e-06
-2.829265e-03
-6.557300e-05
-3.330000e-08
6.863519e-04
-3.520000e-06
-6.165074e-04
-6.629125e-05
-3.330000e-08
-5.291333e-04
2.521231e-03
-1.922131e-03
-6.993333e-05
-3.330000e-08
-5.248000e-04
1.006604e-03
-2.936531e-03
2.454761e-03
7.549250e-05
1.715859e-04
-2.925979e-05
-1.950608e-04
-2.275779e-05
7.549250e-05
1.715859e-04
-2.925979e-05
-1.950608e-04
-2.275779e-05
-3.330000e-08
-5.241100e-04
8.609664e-05
5.125467e-04
-7.450000e-05
-3.330000e-08
-1.046400e-04
-2.069298e-03
-9.397500e-05
2.267946e-03
-3.330000e-08
-4.386334e-04
-3.962000e-06
5.082017e-04
-6.557300e-05
-3.330000e-08
-1.531505e-03
-3.520000e-06
1.601349e-03
-6.629125e-05
2.564410e-04
-5.288002e-04
-3.305250e-06
3.417647e-04
-6.610025e-05
2.564410e-04
-5.260255e-06
-2.974525e-05
-1.983002e-04
-2.313525e-05
2.564410e-04
-5.260255e-06
-2.974525e-05
-1.983002e-04
-2.313525e-05
2.564410e-04
-9.915025e-05
-3.305003e-04
-9.915025e-05
2.723597e-04
2.564410e-04
-5.288002e-04
-3.305250e-06
3.417647e-04
-6.610025e-05
2.564410e-04
-5.288002e-04
-3.305250e-06
3.417647e-04
-6.610025e-05
2.564410e-04
-5.288002e-04
-3.305250e-06
3.417647e-04
-6.610025e-05
2.564410e-04
-5.260255e-06
-2.974525e-05
-1.983002e-04
-2.313525e-05
2.564410e-04
-9.915025e-05
-3.305003e-04
-9.915025e-05
2.723597e-04
2.564410e-04
-5.260255e-06
-2.974525e-05
-1.983002e-04
-2.313525e-05
2.564410e-04
-5.288002e-04
-3.305250e-06
3.417647e-04
-6.610025e-05
2.564410e-04
-5.288002e-04
-3.305250e-06
3.417647e-04
-6.610025e-05
2.564410e-04
-5.260255e-06
-2.974525e-05
-1.983002e-04
-2.313525e-05
2.564410e-04
-9.915025e-05
-3.305003e-04
-9.915025e-05
2.723597e-04
2.564410e-04
-5.288002e-04
-3.305250e-06
3.417647e-04
-6.610025e-05
2.564410e-04
-1.652503e-04
3.219347e-04
-1.652525e-05
-3.966003e-04
2.564410e-04
-5.260255e-06
-2.974525e-05
-1.983002e-04
-2.313525e-05
2.564410e-04
-9.915025e-05
-3.305003e-04
-9.915025e-05
2.723597e-04
2.564410e-04
-1.652503e-04
3.219347e-04
-1.652525e-05
-3.966003e-04
2.564410e-04
-1.652503e-04
3.219347e-04
-1.652525e-05
-3.966003e-04
2.564410e-04
-5.260255e-06
-2.974525e-05
-1.983002e-04
-2.313525e-05
2.564410e-04
-5.288002e-04
-3.305250e-06
3.417647e-04
-6.610025e-05
2.564410e-04
-9.915025e-05
-3.305003e-04
-9.915025e-05
2.723597e-04
2.564410e-04
-5.288002e-04
-3.305250e-06
3.417647e-04
-6.610025e-05
2.564410e-04
-1.652503e-04
3.219347e-04
-1.652525e-05
-3.966003e-04
2.564410e-04
-5.260255e-06
-2.974525e-05
-1.983002e-04
-2.313525e-05
2.564410e-04
-9.915025e-05
-3.305003e-04
-9.915025e-05
2.723597e-04
2.564410e-04
-5.288002e-04
-3.305250e-06
3.417647e-04
-6.610025e-05
2.564410e-04
-1.652503e-04
3.219347e-04
-1.652525e-05
-3.966003e-04
2.564410e-04
-5.260255e-06
-2.974525e-05
-1.983002e-04
-2.313525e-05
2.564410e-04
-5.288002e-04
-3.305250e-06
3.417647e-04
-6.610025e-05
2.564410e-04
-5.288002e-04
-3.305250e-06
3.417647e-04
-6.610025e-05
2.564410e-04
-5.288002e-04
-3.305250e-06
3.417647e-04
-6.610025e-05
2.564410e-04
-1.652503e-04
3.219347e-04
-1.652525e-05
-3.966003e-04
2.564410e-04
-1.652503e-04
3.219347e-04
-1.652525e-05
-3.966003e-04
2.564410e-04
-9.962525e-05
1.153839e-03
-9.855650e-05
-1.212098e-03
2.564410e-04
-5.288002e-04
-3.305250e-06
3.417647e-04
-6.610025e-05
2.564410e-04
-1.652503e-04
3.219347e-04
-1.652525e-05
-3.966003e-04
2.564410e-04
-9.915025e-05
-3.305003e-04
-9.915025e-05
2.723597e-04
2.564410e-04
-5.288002e-04
-3.305250e-06
3.417647e-04
-6.610025e-05
2.564410e-04
-1.652503e-04
3.219347e-04
-1.652525e-05
-3.966003e-04
2.564410e-04
-5.260255e-06
-2.974525e-05
-1.983002e-04
-2.313525e-05
-3.330000e-08
-1.649833e-04
5.807400e-04
-1.854583e-05
-3.971775e-04
-3.330000e-08
-5.229417e-04
-1.083750e-05
6.739318e-04
-1.401193e-04
-3.330000e-08
-9.906530e-03
1.015767e-02
-1.732533e-04
-7.785133e-05
-3.330000e-08
-2.131868e-03
-6.124667e-06
2.200085e-03
-6.205867e-05
-3.330000e-08
4.435080e-06
-2.981000e-05
4.897822e-05
-2.357000e-05
-3.330000e-08
-5.225300e-04
-1.115100e-05
-2.826895e-03
3.360610e-03
-3.330000e-08
-1.090000e-04
-6.845298e-03
-8.852500e-05
7.042857e-03
-3.330000e-08
-1.646333e-04
3.992109e-03
-1.898333e-05
-3.808459e-03
-3.330000e-08
-1.110700e-04
1.658370e-02
-8.593750e-05
-1.638665e-02
-3.330000e-08
4.259915e-03
-3.596667e-06
-4.190118e-03
-6.616667e-05
-3.330000e-08
-1.658333e-04
-1.945077e-03
-1.748333e-05
2.128427e-03
-1.344189e-03
-9.753079e-05
-3.251008e-04
-9.753079e-05
1.864351e-03
-3.330000e-08
-6.127777e-03
-2.943667e-05
6.181424e-03
-2.417667e-05
-3.330000e-08
-1.014167e-04
-5.227465e-04
-9.800417e-05
7.222006e-04
-3.330000e-08
6.933479e-03
-3.863333e-06
-6.863849e-03
-6.573333e-05
-3.330000e-08
3.223859e-04
-2.936333e-05
-2.686935e-04
-2.429583e-05
-3.330000e-08
-4.699205e-03
-2.760267e-05
4.753997e-03
-2.715692e-05
-3.330000e-08
-1.598233e-04
-5.985488e-03
-2.499583e-05
6.170340e-03
-3.330000e-08
-4.738892e-04
-3.936667e-06
5.434733e-04
-6.561417e-05
-3.330000e-08
-1.647667e-04
-4.174069e-03
-1.881667e-05
4.357685e-03
-1.229532e-03
-1.625508e-04
1.798460e-03
-1.625579e-05
-3.901208e-04
-3.330000e-08
-1.014167e-04
-2.465815e-03
-9.800417e-05
2.665269e-03
-3.330000e-08
-3.496676e-03
-4.835333e-06
3.565698e-03
-6.415383e-05
-3.330000e-08
-6.020726e-04
-3.936667e-06
6.716568e-04
-6.561417e-05
-3.330000e-08
-4.658429e-03
-5.858000e-06
4.726812e-03
-6.249200e-05
2.518662e-03
-2.268114e-03
-2.967033e-05
-1.978003e-04
-2.307700e-05
-3.330000e-08
1.580413e-03
-2.933800e-05
-1.526705e-03
-2.433700e-05
-3.330000e-08
-1.014167e-04
-5.227465e-04
-9.800417e-05
7.222006e-04
-3.330000e-08
-1.605817e-04
-4.381075e-03
-2.404792e-05
4.565738e-03
-3.330000e-08
-6.611139e-04
-2.966600e-05
7.146172e-04
-2.380400e-05
-3.330000e-08
-1.075533e-04
7.564201e-04
-9.033333e-05
-5.585001e-04
-3.330000e-08
-1.369162e-04
-3.115300e-05
-1.994100e-04
3.675125e-04
-3.330000e-08
-5.284667e-04
-6.630000e-06
-2.069968e-03
2.605098e-03
-3.330000e-08
-3.964554e-05
-3.434000e-06
1.095438e-04
-6.643100e-05
-3.330000e-08
4.741837e-04
-3.530000e-06
-4.043454e-04
-6.627500e-05
-3.330000e-08
-5.225300e-04
-1.115100e-05
1.135860e-03
-6.021461e-04
-3.330000e-08
4.824336e-04
-3.596667e-06
-4.126370e-04
-6.616667e-05
-3.330000e-08
-5.229417e-04
-1.083750e-05
1.024547e-03
-4.907342e-04
-3.330000e-08
-1.045767e-04
-2.103138e-03
-9.405417e-05
2.301803e-03
-3.330000e-08
-2.841218e-04
-3.490000e-06
3.539851e-04
-6.634000e-05
-3.330000e-08
-6.127777e-03
-2.943667e-05
6.181424e-03
-2.417667e-05
-3.330000e-08
-4.386334e-04
-3.962000e-06
5.082017e-04
-6.557300e-05
-3.330000e-08
-1.386062e-04
-2.986600e-05
1.919845e-04
-2.347900e-05
-3.330000e-08
-1.660250e-04
-7.247267e-04
-1.724375e-05
9.080288e-04
-3.330000e-08
3.676346e-03
-3.447789e-03
-1.946667e-04
-3.385667e-05
-3.330000e-08
1.442644e-04
-2.970333e-05
-9.078447e-05
-2.374333e-05
-3.330000e-08
2.089682e-03
-3.258110e-04
-1.022700e-04
-1.661567e-03
2.181178e-03
-5.201608e-04
-3.251790e-06
-1.592744e-03
-6.502079e-05
2.181178e-03
-5.201608e-04
-3.251790e-06
-1.592744e-03
-6.502079e-05
-3.330000e-08
-5.352661e-04
7.598594e-04
-1.984250e-04
-2.613500e-05
-3.330000e-08
3.347101e-03
-3.596667e-06
-3.277304e-03
-6.616667e-05
-3.330000e-08
-1.660250e-04
1.722688e-03
-1.724375e-05
-1.539386e-03
-3.330000e-08
-1.743658e-03
-3.962000e-06
1.813226e-03
-6.557300e-05
-3.330000e-08
1.251818e-03
-2.978000e-05
-1.198386e-03
-2.361875e-05
-3.330000e-08
-9.936600e-03
-2.970333e-05
9.990080e-03
-2.374333e-05
-3.330000e-08
2.024662e-03
-1.612960e-03
-2.099500e-05
-3.906730e-04
-3.330000e-08
-6.400954e-04
-2.977000e-05
6.935337e-04
-2.363500e-05
-3.330000e-08
-5.284667e-04
-6.630000e-06
-4.116370e-04
9.467670e-04
-3.330000e-08
-7.947563e-04
-3.962000e-06
8.643246e-04
-6.557300e-05
-3.330000e-08
9.273766e-04
-2.978000e-05
-8.739446e-04
-2.361875e-05
-3.330000e-08
-1.063922e-03
-3.962000e-06
1.133490e-03
-6.557300e-05
-3.330000e-08
-5.284667e-04
-6.630000e-06
-1.922964e-03
2.458094e-03
-3.330000e-08
-3.025102e-03
-3.936667e-06
3.094686e-03
-6.561417e-05
1.007335e-03
-7.567873e-04
-2.967033e-05
-1.978003e-04
-2.307700e-05
1.007335e-03
-7.567873e-04
-2.967033e-05
-1.978003e-04
-2.307700e-05
1.007335e-03
-9.890033e-05
-3.296670e-04
-9.890033e-05
-4.798673e-04
1.007335e-03
-5.274670e-04
-3.297000e-06
-4.106373e-04
-6.593367e-05
1.007335e-03
-1.648337e-04
-4.304173e-04
-1.648367e-05
-3.956003e-04
1.007335e-03
3.840440e-04
-2.948033e-05
-1.338513e-03
-2.338575e-05
1.007335e-03
-9.890033e-05
-3.296670e-04
-9.890033e-05
-4.798673e-04
1.007335e-03
-7.567873e-04
-2.967033e-05
-1.978003e-04
-2.307700e-05
1.007335e-03
-5.274670e-04
-3.297000e-06
-4.106373e-04
-6.593367e-05
1.007335e-03
-9.890033e-05
-3.296670e-04
-9.890033e-05
-4.798673e-04
1.007335e-03
-7.567873e-04
-2.967033e-05
-1.978003e-04
-2.307700e-05
1.007335e-03
-7.567873e-04
-2.967033e-05
-1.978003e-04
-2.307700e-05
1.007335e-03
-9.890033e-05
-3.296670e-04
-9.890033e-05
-4.798673e-04
1.007335e-03
-7.567873e-04
-2.967033e-05
-1.978003e-04
-2.307700e-05
1.007335e-03
-9.890033e-05
-3.296670e-04
-9.890033e-05
-4.798673e-04
1.007335e-03
-5.274670e-04
-3.297000e-06
-4.106373e-04
-6.593367e-05
1.007335e-03
-5.274670e-04
-3.297000e-06
-4.106373e-04
-6.593367e-05
1.007335e-03
-5.274670e-04
-3.297000e-06
-4.106373e-04
-6.593367e-05
1.007335e-03
-5.274670e-04
-3.297000e-06
-4.106373e-04
-6.593367e-05
1.007335e-03
-7.567873e-04
-2.967033e-05
-1.978003e-04
-2.307700e-05
1.007335e-03
-7.567873e-04
-2.967033e-05
-1.978003e-04
-2.307700e-05
1.007335e-03
-7.567873e-04
-2.967033e-05
-1.978003e-04
-2.307700e-05
1.007335e-03
-5.274670e-04
-3.297000e-06
-4.106373e-04
-6.593367e-05
1.007335e-03
-7.567873e-04
-2.967033e-05
-1.978003e-04
-2.307700e-05
1.007335e-03
-1.648337e-04
-4.304173e-04
-1.648367e-05
-3.956003e-04
1.007335e-03
-9.890033e-05
-3.296670e-04
-9.890033e-05
-4.798673e-04
1.007335e-03
-1.648337e-04
-4.304173e-04
-1.648367e-05
-3.956003e-04
1.007335e-03
-1.648337e-04
-4.304173e-04
-1.648367e-05
-3.956003e-04
1.007335e-03
-9.890033e-05
-3.296670e-04
-9.890033e-05
-4.798673e-04
1.007335e-03
-7.567873e-04
-2.967033e-05
-1.978003e-04
-2.307700e-05
1.007335e-03
-7.567873e-04
-2.967033e-05
-1.978003e-04
-2.307700e-05
1.007335e-03
-7.567873e-04
-2.967033e-05
-1.978003e-04
-2.307700e-05
1.007335e-03
-9.890033e-05
-3.296670e-04
-9.890033e-05
-4.798673e-04
1.007335e-03
-9.890033e-05
-3.296670e-04
-9.890033e-05
-4.798673e-04
1.007335e-03
-9.890033e-05
-3.296670e-04
-9.890033e-05
-4.798673e-04
1.007335e-03
-7.567873e-04
-2.967033e-05
-1.978003e-04
-2.307700e-05
1.007335e-03
-5.274670e-04
-3.297000e-06
-4.106373e-04
-6.593367e-05
1.007335e-03
-5.274670e-04
-3.297000e-06
-4.106373e-04
-6.593367e-05
1.007335e-03
-9.890033e-05
-3.296670e-04
-9.890033e-05
-4.798673e-04
1.007335e-03
-9.890033e-05
-3.296670e-04
-9.890033e-05
-4.798673e-04
1.007335e-03
-7.567873e-04
-2.967033e-05
-1.978003e-04
-2.307700e-05
-3.330000e-08
8.450670e-04
-4.307170e-04
-1.848333e-05
-3.958333e-04
-3.330000e-08
-7.947563e-04
-3.962000e-06
8.643246e-04
-6.557300e-05
-3.330000e-08
-5.225300e-04
-1.115100e-05
1.932038e-03
-1.398324e-03
-3.330000e-08
2.583294e-04
-3.530000e-06
-1.884911e-04
-6.627500e-05
-3.330000e-08
-1.658333e-04
-2.092081e-03
-1.748333e-05
2.275431e-03
-3.330000e-08
-5.284667e-04
-6.630000e-06
-4.116370e-04
9.467670e-04
-3.330000e-08
-1.074900e-04
3.094192e-03
-9.041250e-05
-2.896256e-03
-3.330000e-08
-2.247877e-03
-2.970333e-05
2.301357e-03
-2.374333e-05
-3.330000e-08
-1.410805e-04
-3.434000e-06
2.109788e-04
-6.643100e-05
-3.330000e-08
-5.225300e-04
-1.115100e-05
5.105717e-04
2.314264e-05
-3.330000e-08
-1.063922e-03
-3.962000e-06
1.133490e-03
-6.557300e-05
-3.330000e-08
-1.658333e-04
-3.298417e-03
-1.748333e-05
3.481767e-03
-3.330000e-08
-1.005667e-04
2.169290e-03
-9.906667e-05
-1.969623e-03
-3.330000e-08
-1.658333e-04
-3.298417e-03
-1.748333e-05
3.481767e-03
-3.330000e-08
3.814272e-04
-3.634000e-06
-3.116539e-04
-6.610600e-05
-3.330000e-08
7.737838e-04
-3.520000e-06
-7.039392e-04
-6.629125e-05
-3.330000e-08
-7.947563e-04
-3.962000e-06
8.643246e-04
-6.557300e-05
-3.330000e-08
-4.283634e-04
-1.178300e-05
1.835691e-03
-1.395511e-03
-3.330000e-08
1.589467e-04
-2.933800e-05
-1.052384e-04
-2.433700e-05
-3.330000e-08
-1.646333e-04
3.992109e-03
-1.898333e-05
-3.808459e-03
-3.330000e-08
-1.005667e-04
6.835336e-04
-9.906667e-05
-4.838670e-04
-3.330000e-08
-1.649833e-04
5.807400e-04
-1.854583e-05
-3.971775e-04
-3.330000e-08
-4.075117e-03
4.303674e-03
-1.946667e-04
-3.385667e-05
1.213515e-03
-9.622388e-04
-2.975649e-05
-1.983752e-04
-2.314399e-05
-3.330000e-08
-1.021467e-04
1.666820e-03
-9.709167e-05
-1.467548e-03
-3.330000e-08
-7.947563e-04
-3.962000e-06
8.643246e-04
-6.557300e-05
-3.330000e-08
-6.598739e-03
-2.770333e-05
6.653469e-03
-2.699333e-05
-2.806304e-04
-5.201608e-04
-3.251790e-06
8.690638e-04
-6.502079e-05
-3.330000e-08
-1.563767e-04
-1.036955e-02
-2.930417e-05
1.055527e-02
-3.330000e-08
-7.621203e-04
-2.970333e-05
8.156003e-04
-2.374333e-05
-3.330000e-08
-1.014167e-04
-7.499300e-04
-9.800417e-05
9.493842e-04
-3.330000e-08
-1.658333e-04
-3.298417e-03
-1.748333e-05
3.481767e-03
-3.330000e-08
-1.031500e-04
-3.305250e-04
8.230120e-04
-3.893037e-04
-3.330000e-08
-1.005667e-04
7.682458e-03
-9.906667e-05
-7.482791e-03
-3.330000e-08
-1.016063e-04
-3.317006e-04
-1.007665e-02
1.050999e-02
-3.330000e-08
2.901295e-04
-3.318170e-04
-1.002900e-04
1.420108e-04
2.564410e-04
-9.915025e-05
-3.305003e-04
-9.915025e-05
2.723597e-04
2.564410e-04
-9.915025e-05
-3.305003e-04
-9.915025e-05
2.723597e-04
2.564410e-04
-1.652503e-04
3.219347e-04
-1.652525e-05
-3.966003e-04
2.564410e-04
-1.652503e-04
3.219347e-04
-1.652525e-05
-3.966003e-04
2.564410e-04
-1.652503e-04
3.219347e-04
-1.652525e-05
-3.966003e-04
2.564410e-04
-9.915025e-05
-3.305003e-04
-9.915025e-05
2.723597e-04
2.564410e-04
-5.260255e-06
-2.974525e-05
-1.983002e-04
-2.313525e-05
2.564410e-04
-1.652503e-04
3.219347e-04
-1.652525e-05
-3.966003e-04
2.564410e-04
-5.260255e-06
-2.974525e-05
-1.983002e-04
-2.313525e-05
2.564410e-04
-5.260255e-06
-2.974525e-05
-1.983002e-04
-2.313525e-05
2.564410e-04
-9.915025e-05
-3.305003e-04
-9.915025e-05
2.723597e-04
2.564410e-04
-1.652503e-04
3.219347e-04
-1.652525e-05
-3.966003e-04
2.564410e-04
-1.652503e-04
3.219347e-04
-1.652525e-05
-3.966003e-04
2.564410e-04
-1.652503e-04
3.219347e-04
-1.652525e-05
-3.966003e-04
2.564410e-04
-1.652503e-04
3.219347e-04
-1.652525e-05
-3.966003e-04
2.564410e-04
-5.260255e-06
-2.974525e-05
-1.983002e-04
-2.313525e-05
2.564410e-04
-5.260255e-06
-2.974525e-05
-1.983002e-04
-2.313525e-05
2.564410e-04
-5.260255e-06
-2.974525e-05
-1.983002e-04
-2.313525e-05
2.564410e-04
-5.288002e-04
-3.305250e-06
3.417647e-04
-6.610025e-05
2.564410e-04
-9.915025e-05
-3.305003e-04
-9.915025e-05
2.723597e-04
2.564410e-04
-1.652503e-04
3.219347e-04
-1.652525e-05
-3.966003e-04
2.564410e-04
-5.260255e-06
-2.974525e-05
-1.983002e-04
-2.313525e-05
2.564410e-04
-5.288002e-04
-3.305250e-06
3.417647e-04
-6.610025e-05
2.564410e-04
-5.288002e-04
-3.305250e-06
3.417647e-04
-6.610025e-05
2.564410e-04
-5.288002e-04
-3.305250e-06
3.417647e-04
-6.610025e-05
2.564410e-04
-5.260255e-06
-2.974525e-05
-1.983002e-04
-2.313525e-05
2.564410e-04
-5.288002e-04
-3.305250e-06
3.417647e-04
-6.610025e-05
2.564410e-04
-9.915025e-05
-3.305003e-04
-9.915025e-05
2.723597e-04
2.564410e-04
-5.260255e-06
-2.974525e-05
-1.983002e-04
-2.313525e-05
2.564410e-04
-5.288002e-04
-3.305250e-06
3.417647e-04
-6.610025e-05
2.564410e-04
-9.915025e-05
-3.305003e-04
-9.915025e-05
2.723597e-04
2.564410e-04
-5.260255e-06
-2.974525e-05
-1.983002e-04
-2.313525e-05
2.564410e-04
-5.288002e-04
-3.305250e-06
3.417647e-04
-6.610025e-05
2.564410e-04
-5.260255e-06
-2.974525e-05
-1.983002e-04
-2.313525e-05
2.564410e-04
-5.288002e-04
-3.305250e-06
3.417647e-04
-6.610025e-05
2.564410e-04
-9.915025e-05
-3.305003e-04
-9.915025e-05
2.723597e-04
2.564410e-04
-1.652503e-04
3.219347e-04
-1.652525e-05
-3.966003e-04
2.564410e-04
-1.652503e-04
3.219347e-04
-1.652525e-05
-3.966003e-04
2.564410e-04
-5.260255e-06
-2.974525e-05
-1.983002e-04
-2.313525e-05
2.564410e-04
-9.915025e-05
-3.305003e-04
-9.915025e-05
2.723597e-04
2.564410e-04
-5.288002e-04
-3.305250e-06
3.417647e-04
-6.610025e-05
-3.330000e-08
-6.010005e-06
-3.224500e-05
-1.990500e-04
2.373383e-04
-3.330000e-08
-2.247877e-03
-2.970333e-05
2.301357e-03
-2.374333e-05
-3.330000e-08
-3.142109e-04
-3.490000e-06
3.840742e-04
-6.634000e-05
-3.330000e-08
-6.009458e-03
-2.249400e-05
6.067444e-03
-3.545850e-05
-3.330000e-08
-1.014167e-04
-7.740786e-03
-9.800417e-05
7.940240e-03
-3.330000e-08
-1.595133e-04
-9.792673e-05
-2.538333e-05
2.828567e-04
-3.330000e-08
-4.239511e-04
-3.596667e-06
4.937478e-04
-6.616667e-05
-3.330000e-08
-5.225300e-04
-1.115100e-05
1.135860e-03
-6.021461e-04
-3.330000e-08
-1.660250e-04
-7.247267e-04
-1.724375e-05
9.080288e-04
2.181178e-03
-5.201608e-04
-3.251790e-06
-1.592744e-03
-6.502079e-05
-3.330000e-08
-3.626787e-03
-2.970333e-05
3.680267e-03
-2.374333e-05
-3.330000e-08
-4.539602e-03
-2.970333e-05
4.593082e-03
-2.374333e-05
-3.330000e-08
-1.841386e-03
-3.962000e-06
1.910954e-03
-6.557300e-05
-3.330000e-08
-1.638333e-04
-9.498535e-03
-1.998333e-05
9.682385e-03
9.107252e-03
-9.753079e-05
-3.251008e-04
-9.753079e-05
-8.587089e-03
