-6.760000e-08
-1.061883e-03
-2.177500e-05
-3.883961e-03
4.967687e-03
-6.760000e-08
1.162075e-03
-6.235667e-05
-4.051000e-04
-6.945503e-04
-6.760000e-08
-1.185159e-03
-7.720000e-06
1.326586e-03
-1.336400e-04
-6.760000e-08
-7.767452e-03
-6.836364e-06
7.909432e-03
-1.350759e-04
-6.760000e-08
-2.099250e-04
7.601662e-04
-1.938938e-04
-3.562798e-04
-6.760000e-08
-4.139544e-04
-7.973333e-06
5.552237e-04
-1.332283e-04
-6.760000e-08
-3.358429e-04
1.770080e-03
-3.649643e-05
-1.397673e-03
-6.760000e-08
-3.364250e-04
1.202356e-03
-3.576875e-05
-8.300944e-04
-6.760000e-08
-3.364250e-04
6.012540e-04
-3.576875e-05
-2.289927e-04
-6.760000e-08
9.525466e-04
-6.800625e-05
-4.032375e-04
-4.812353e-04
-6.760000e-08
5.668885e-04
-7.390000e-06
-4.252547e-04
-1.341763e-04
-6.760000e-08
6.331457e-03
-5.495186e-03
-4.214167e-05
-7.940617e-04
-6.760000e-08
-6.011789e-04
-5.988000e-05
7.100065e-04
-4.888000e-05
-6.760000e-08
-2.251418e-03
2.713541e-03
-3.969375e-04
-6.511750e-05
-6.760000e-08
5.668885e-04
-7.390000e-06
-4.252547e-04
-1.341763e-04
-6.760000e-08
9.423091e-04
-6.021000e-05
-8.336878e-04
-4.834375e-05
-6.760000e-08
5.399733e-03
-6.076364e-05
-5.291458e-03
-4.744409e-05
-6.760000e-08
-6.619524e-04
1.500060e-03
-4.040000e-05
-7.976400e-04
-6.760000e-08
-9.875429e-04
-5.733000e-05
1.097964e-03
-5.302375e-05
-6.760000e-08
-2.184000e-04
-6.641200e-04
-3.257364e-04
1.208324e-03
-6.760000e-08
1.907818e-05
-5.958000e-05
8.993692e-05
-4.936750e-05
-6.760000e-08
-3.356000e-04
-3.572991e-03
-3.680000e-05
3.945458e-03
-6.760000e-08
-3.364250e-04
-6.387739e-04
-3.576875e-05
1.011035e-03
-6.760000e-08
-4.497371e-04
-8.335000e-06
6.326272e-03
-5.868133e-03
-6.760000e-08
2.958989e-03
-2.122718e-03
-4.214167e-05
-7.940617e-04
-6.760000e-08
8.879174e-04
-5.988000e-05
-7.790898e-04
-4.888000e-05
-6.760000e-08
1.700971e-03
-8.020000e-06
-1.559731e-03
-1.331525e-04
-6.760000e-08
-3.340250e-04
1.613014e-04
-3.876875e-05
2.115599e-04
-6.760000e-08
-5.866911e-04
-7.390000e-06
7.283250e-04
-1.341763e-04
-6.760000e-08
2.645829e-02
-1.597238e-05
-2.632202e-02
-1.202299e-04
-6.760000e-08
3.242066e-02
-3.189189e-02
-3.337399e-04
-1.949599e-04
-6.760000e-08
-1.371346e-04
5.989189e-04
-3.972583e-04
-6.445833e-05
-6.760000e-08
-2.052000e-04
-9.820724e-04
-1.998000e-04
1.387140e-03
-6.760000e-08
6.258754e-03
-5.805213e-03
-4.050750e-04
-4.839864e-05
-6.760000e-08
7.371702e-04
-7.390000e-06
-5.955364e-04
-1.341763e-04
-6.760000e-08
-2.052000e-04
-1.267053e-03
-1.998000e-04
1.672121e-03
-6.760000e-08
-2.089833e-04
1.836219e-04
-1.950708e-04
2.204999e-04
-6.760000e-08
3.092890e-04
-9.310000e-06
-1.688551e-04
-1.310563e-04
-6.760000e-08
-3.364250e-04
6.513960e-04
-3.576875e-05
-2.791347e-04
-6.760000e-08
-2.052000e-04
-1.859054e-04
-1.998000e-04
5.909730e-04
-6.760000e-08
-2.043750e-04
-1.184228e-03
-2.008313e-04
1.589502e-03
-6.760000e-08
-5.529997e-04
-7.390000e-06
6.946335e-04
-1.341763e-04
-6.760000e-08
4.137400e-03
-4.112762e-04
8.162081e-03
-1.188814e-02
-6.760000e-08
-2.052000e-04
-8.089832e-04
-1.998000e-04
1.214051e-03
-6.760000e-08
-3.364250e-04
5.493743e-04
-3.576875e-05
-1.771130e-04
-6.760000e-08
-2.043750e-04
-1.780199e-04
-2.008313e-04
5.832937e-04
-6.760000e-08
-1.677333e-03
-7.720000e-06
1.818761e-03
-1.336400e-04
-6.760000e-08
3.340649e-05
-7.720000e-06
1.080211e-04
-1.336400e-04
-6.760000e-08
-3.329374e-03
-6.070667e-05
3.437685e-03
-4.753667e-05
-6.760000e-08
1.393292e-03
-5.551848e-04
-4.040000e-05
-7.976400e-04
-6.760000e-08
-2.052000e-04
4.840581e-04
-1.998000e-04
-7.899051e-05
-6.760000e-08
-2.043750e-04
-4.928505e-04
-2.008313e-04
8.981244e-04
-6.760000e-08
2.626200e-03
-6.401688e-04
-2.146125e-04
-1.771351e-03
-6.760000e-08
3.340649e-05
-7.720000e-06
1.080211e-04
-1.336400e-04
-6.760000e-08
9.872150e-04
-1.024000e-05
-8.473624e-04
-1.295450e-04
-6.760000e-08
4.016511e-05
-5.988000e-05
6.866249e-05
-4.888000e-05
-6.760000e-08
4.016511e-05
-5.988000e-05
6.866249e-05
-4.888000e-05
-6.760000e-08
-5.961854e-04
-7.720000e-06
7.376130e-04
-1.336400e-04
-6.760000e-08
-2.199077e-03
-5.766000e-05
2.309292e-03
-5.248750e-05
-6.760000e-08
1.669554e-03
-7.973333e-06
-1.528285e-03
-1.332283e-04
-6.760000e-08
6.337640e-04
-5.988000e-05
-5.249364e-04
-4.888000e-05
-6.760000e-08
-2.031333e-04
-2.613984e-03
-2.023833e-04
3.019568e-03
-6.760000e-08
-3.324500e-04
-7.230166e-04
-4.073750e-05
1.096272e-03
-6.760000e-08
-2.043750e-04
-9.418645e-05
-2.008313e-04
4.994603e-04
-6.760000e-08
-1.201536e-03
-7.720000e-06
1.342964e-03
-1.336400e-04
-6.760000e-08
-6.983062e-04
1.171956e-03
-3.860063e-04
-8.757625e-05
-6.760000e-08
-2.058333e-04
2.808328e-03
-1.990083e-04
-2.403419e-03
-6.760000e-08
-1.592900e-03
-7.390000e-06
1.734533e-03
-1.341763e-04
-6.760000e-08
-1.185159e-03
-7.720000e-06
1.326586e-03
-1.336400e-04
-6.760000e-08
4.029781e-03
-7.973333e-06
-3.888511e-03
-1.332283e-04
-6.760000e-08
-3.378091e-04
6.916117e-03
-3.403864e-05
-6.544202e-03
-6.760000e-08
-8.579620e-04
1.698462e-03
-3.813125e-05
-8.023013e-04
-6.760000e-08
-2.043750e-04
-9.418645e-05
-2.008313e-04
4.994603e-04
-6.760000e-08
-2.184000e-04
-6.641200e-04
8.460848e-04
3.650277e-05
-6.760000e-08
6.389573e-04
-6.021000e-05
-5.303359e-04
-4.834375e-05
-6.760000e-08
1.572682e-03
-5.997714e-05
-1.463915e-03
-4.872214e-05
-6.760000e-08
1.301826e-03
-4.613259e-04
-3.813125e-05
-8.023013e-04
-6.760000e-08
-3.319333e-04
-5.240400e-03
-4.138333e-05
5.613785e-03
-6.760000e-08
-2.043750e-04
-6.730882e-04
-2.008313e-04
1.078362e-03
-6.760000e-08
7.507630e-04
-6.688338e-04
-2.051625e-04
1.233009e-04
-6.760000e-08
-3.356000e-04
9.666214e-04
-3.680000e-05
-5.941538e-04
-6.760000e-08
-1.103959e-03
-7.390000e-06
1.245593e-03
-1.341763e-04
-6.760000e-08
-2.184000e-04
-6.641200e-04
1.637903e-03
-7.553151e-04
-6.760000e-08
-3.356000e-04
-5.661048e-04
-3.680000e-05
9.385724e-04
-6.760000e-08
-5.028577e-04
-7.390000e-06
6.444915e-04
-1.341763e-04
-6.760000e-08
1.891874e-05
-6.021000e-05
8.970261e-05
-4.834375e-05
-6.760000e-08
-1.185159e-03
-7.720000e-06
1.326586e-03
-1.336400e-04
-6.760000e-08
-2.964586e-03
-5.962667e-05
3.073572e-03
-4.929167e-05
-6.760000e-08
2.839595e-04
5.565406e-04
-3.813125e-05
-8.023013e-04
-6.760000e-08
-2.456870e-03
-7.756190e-06
2.598275e-03
-1.335812e-04
-6.760000e-08
3.340649e-05
-7.720000e-06
1.080211e-04
-1.336400e-04
-6.760000e-08
9.421809e-04
-8.350000e-06
-8.011470e-04
-1.326163e-04
-6.760000e-08
-5.879789e-04
1.047926e-03
-3.990000e-04
-6.088000e-05
-6.760000e-08
-1.294705e-03
-6.800625e-05
-4.032375e-04
1.766016e-03
-6.760000e-08
7.646894e-04
-6.070667e-05
-6.563785e-04
-4.753667e-05
-6.760000e-08
-2.106333e-04
1.547715e-03
-1.930083e-04
-1.144006e-03
-6.760000e-08
2.841301e-05
-5.988000e-05
8.041459e-05
-4.888000e-05
-6.760000e-08
-1.185159e-03
-7.720000e-06
1.326586e-03
-1.336400e-04
-6.760000e-08
3.337494e-04
-6.021000e-05
-2.251280e-04
-4.834375e-05
-6.760000e-08
-3.288667e-04
-1.667245e-03
-4.521667e-05
2.041396e-03
-6.760000e-08
5.242245e-04
-6.800625e-05
-4.032375e-04
-5.291319e-05
-6.760000e-08
-3.349667e-04
-1.574001e-03
-3.759167e-05
1.946627e-03
-6.760000e-08
-2.392118e-04
-8.350000e-06
3.802457e-04
-1.326163e-04
-6.760000e-08
-2.052000e-04
4.840581e-04
-1.998000e-04
-7.899051e-05
-6.760000e-08
-2.282550e-03
-5.892000e-05
2.391977e-03
-5.044000e-05
-6.760000e-08
-1.720698e-04
-5.988000e-05
2.808974e-04
-4.888000e-05
-6.760000e-08
-2.392118e-04
-8.350000e-06
3.802457e-04
-1.326163e-04
-6.760000e-08
-1.185159e-03
-7.720000e-06
1.326586e-03
-1.336400e-04
-6.760000e-08
2.837722e-03
-5.974667e-05
-2.728811e-03
-4.909667e-05
-6.760000e-08
-1.185159e-03
-7.720000e-06
1.326586e-03
-1.336400e-04
-1.728860e-03
-1.078933e-03
-6.743500e-06
2.949404e-03
-1.348668e-04
-6.760000e-08
-3.332000e-04
2.143531e-03
-3.980000e-05
-1.770463e-03
-6.760000e-08
-7.852566e-04
-5.832000e-05
8.950592e-04
-5.141500e-05
-6.760000e-08
-3.358429e-04
1.595740e-03
-3.649643e-05
-1.223333e-03
-6.760000e-08
-3.376667e-04
-2.660784e-03
-3.421667e-05
3.032735e-03
-6.760000e-08
-1.619363e-03
-5.962667e-05
1.728349e-03
-4.929167e-05
-6.760000e-08
-7.829170e-04
-7.390000e-06
9.245509e-04
-1.341763e-04
-6.760000e-08
-2.043750e-04
1.145841e-03
-2.008313e-04
-7.405676e-04
-6.760000e-08
-1.332462e-03
-6.893333e-06
1.474406e-03
-1.349833e-04
-6.760000e-08
-5.935150e-04
-5.958000e-05
7.025301e-04
-4.936750e-05
-6.760000e-08
-1.219263e-03
-7.720000e-06
1.360691e-03
-1.336400e-04
-6.760000e-08
-3.356000e-04
1.489140e-03
-3.680000e-05
-1.116672e-03
-6.760000e-08
-1.602680e-03
2.064464e-03
-3.972583e-04
-6.445833e-05
-6.760000e-08
1.611182e-04
-6.021000e-05
-5.249690e-05
-4.834375e-05
-6.760000e-08
-3.349667e-04
-2.136520e-03
-3.759167e-05
2.509146e-03
-6.760000e-08
-3.356000e-04
1.298324e-03
-3.680000e-05
-9.258564e-04
-6.760000e-08
-2.043750e-04
-6.730882e-04
-2.008313e-04
1.078362e-03
-6.760000e-08
-5.380572e-04
-5.988000e-05
6.468848e-04
-4.888000e-05
-6.760000e-08
-1.592900e-03
-7.390000e-06
1.734533e-03
-1.341763e-04
-1.660460e-04
-3.296012e-04
8.497071e-04
-3.620120e-05
-3.178587e-04
-1.660460e-04
-1.992012e-04
-6.640012e-04
-1.992012e-04
1.228450e-03
-1.660460e-04
-1.992012e-04
-6.640012e-04
-1.992012e-04
1.228450e-03
-1.660460e-04
6.706896e-04
-5.976120e-05
-3.984012e-04
-4.648120e-05
-1.660460e-04
-1.062401e-03
-6.641200e-06
1.367890e-03
-1.328012e-04
-1.660460e-04
6.706896e-04
-5.976120e-05
-3.984012e-04
-4.648120e-05
-1.660460e-04
6.706896e-04
-5.976120e-05
-3.984012e-04
-4.648120e-05
-6.760000e-08
2.761601e-03
-6.893333e-06
-2.619657e-03
-1.349833e-04
-6.760000e-08
-6.079375e-04
-7.720000e-06
7.493651e-04
-1.336400e-04
-6.760000e-08
-2.052000e-04
-1.011867e-03
-1.998000e-04
1.416935e-03
-6.760000e-08
-1.185159e-03
-7.720000e-06
1.326586e-03
-1.336400e-04
-6.760000e-08
3.976333e-03
-7.720000e-06
-3.834905e-03
-1.336400e-04
-6.760000e-08
-2.043750e-04
-9.418645e-05
-2.008313e-04
4.994603e-04
-6.760000e-08
-5.529997e-04
-7.390000e-06
6.946335e-04
-1.341763e-04
-6.760000e-08
-4.535232e-06
-6.800625e-05
-4.032375e-04
4.758466e-04
-6.760000e-08
-2.043750e-04
-3.202194e-04
-2.008313e-04
7.254932e-04
-6.760000e-08
-2.225167e-04
-6.609850e-04
2.616400e-03
-1.732831e-03
-6.760000e-08
-3.356000e-04
1.393543e-04
-3.680000e-05
2.331133e-04
-6.760000e-08
-3.364250e-04
1.608478e-03
-3.576875e-05
-1.236217e-03
-6.760000e-08
-7.288906e-04
-7.390000e-06
8.705245e-04
-1.341763e-04
-6.760000e-08
-2.058333e-04
3.386033e-03
-1.990083e-04
-2.981124e-03
-6.760000e-08
7.377811e-05
-7.720000e-06
6.764949e-05
-1.336400e-04
-6.760000e-08
-1.455690e-03
-7.720000e-06
1.597117e-03
-1.336400e-04
-6.760000e-08
-6.646611e-03
7.154844e-03
-3.532125e-04
-1.549525e-04
-6.760000e-08
-2.647125e-04
-6.288513e-04
5.074875e-03
-4.181243e-03
-6.760000e-08
-2.088667e-04
5.747468e-03
-1.952167e-04
-5.343317e-03
-6.760000e-08
-3.316250e-04
-3.543721e-03
-4.176875e-05
3.917183e-03
-6.760000e-08
-5.947839e-03
-4.206000e-05
6.067804e-03
-7.783750e-05
-6.760000e-08
-1.230665e-03
-5.988000e-05
1.339492e-03
-4.888000e-05
-6.760000e-08
9.423091e-04
-6.021000e-05
-8.336878e-04
-4.834375e-05
-6.760000e-08
-3.349667e-04
5.095070e-04
-3.759167e-05
-1.368811e-04
-6.760000e-08
-5.252057e-04
-5.988000e-05
6.340333e-04
-4.888000e-05
-6.760000e-08
-1.081319e-04
5.656870e-04
-4.012688e-04
-5.621875e-05
-6.760000e-08
-3.292250e-04
-3.830833e-03
-4.476875e-05
4.204894e-03
-6.760000e-08
-7.767452e-03
-6.836364e-06
7.909432e-03
-1.350759e-04
-6.760000e-08
2.572954e-04
-5.925000e-05
-1.480741e-04
-4.990375e-05
-6.760000e-08
-3.356000e-04
7.047251e-04
-3.680000e-05
-3.322575e-04
-6.760000e-08
-9.015218e-04
-7.390000e-06
1.043156e-03
-1.341763e-04
-6.760000e-08
-3.364250e-04
9.999181e-04
-3.576875e-05
-6.276568e-04
-6.760000e-08
8.966065e-04
-6.650800e-04
-2.064000e-04
-2.505889e-05
-6.760000e-08
-1.123502e-03
-6.893333e-06
1.265446e-03
-1.349833e-04
-6.760000e-08
-1.201536e-03
-7.720000e-06
1.342964e-03
-1.336400e-04
-6.760000e-08
1.611182e-04
-6.021000e-05
-5.249690e-05
-4.834375e-05
-6.760000e-08
-2.971517e-05
-7.720000e-06
1.711428e-04
-1.336400e-04
-6.760000e-08
7.540753e-04
-9.940000e-06
-6.140352e-04
-1.300325e-04
-6.760000e-08
-3.364250e-04
1.608478e-03
-3.576875e-05
-1.236217e-03
-6.760000e-08
2.552625e-04
-6.650800e-04
-2.064000e-04
6.162851e-04
-6.760000e-08
-4.544105e-03
-5.988000e-05
4.652933e-03
-4.888000e-05
-6.760000e-08
-3.094512e-04
-1.568004e-03
-6.948601e-05
1.947008e-03
-6.760000e-08
-2.971517e-05
-7.720000e-06
1.711428e-04
-1.336400e-04
-6.760000e-08
1.051591e-03
-7.973333e-06
-9.103214e-04
-1.332283e-04
-6.760000e-08
-3.378091e-04
6.926572e-03
-3.403864e-05
-6.554657e-03
-6.760000e-08
-6.079375e-04
-7.720000e-06
7.493651e-04
-1.336400e-04
-6.760000e-08
-5.529997e-04
-7.390000e-06
6.946335e-04
-1.341763e-04
-6.760000e-08
-2.052000e-04
1.172383e-03
-1.998000e-04
-7.673151e-04
-6.760000e-08
-6.280697e-04
1.090192e-03
-3.969375e-04
-6.511750e-05
-6.760000e-08
-3.378091e-04
6.068601e-03
-3.403864e-05
-5.696685e-03
-6.760000e-08
-7.941140e-04
-5.925000e-05
9.033353e-04
-4.990375e-05
-6.760000e-08
-2.043750e-04
-1.101410e-03
-2.008313e-04
1.506684e-03
-6.760000e-08
2.855345e-04
9.819509e-04
-4.010000e-05
-1.227318e-03
-6.760000e-08
-2.074083e-04
4.015885e-03
-1.970396e-04
-3.611370e-03
-6.760000e-08
1.051591e-03
-7.973333e-06
-9.103214e-04
-1.332283e-04
-6.760000e-08
3.200746e-03
-2.745826e-03
-4.037667e-04
-5.108667e-05
-6.760000e-08
-3.356000e-04
4.924902e-04
-3.680000e-05
-1.200226e-04
-6.760000e-08
2.015391e-03
-8.603333e-06
-1.874516e-03
-1.322046e-04
-6.760000e-08
-3.018621e-03
-5.974667e-05
3.127532e-03
-4.909667e-05
-6.760000e-08
6.132668e-05
-5.958000e-05
4.768842e-05
-4.936750e-05
-6.760000e-08
1.160128e-03
-7.061740e-04
-4.046833e-04
-4.920333e-05
-6.760000e-08
-2.043750e-04
-1.184228e-03
-2.008313e-04
1.589502e-03
-6.760000e-08
-2.039992e-03
-6.893333e-06
2.181936e-03
-1.349833e-04
-6.760000e-08
7.445195e-04
-8.205000e-05
-9.093058e-04
2.469039e-04
-6.760000e-08
7.371702e-04
-7.390000e-06
-5.955364e-04
-1.341763e-04
-6.760000e-08
-3.356000e-04
6.678242e-04
-3.680000e-05
-2.953566e-04
-6.760000e-08
3.340649e-05
-7.720000e-06
1.080211e-04
-1.336400e-04
-6.760000e-08
1.697807e-04
2.877744e-04
-4.012688e-04
-5.621875e-05
-6.760000e-08
-2.353969e-04
-6.688338e-04
-2.051625e-04
1.109461e-03
-6.760000e-08
-5.866911e-04
-7.390000e-06
7.283250e-04
-1.341763e-04
-6.760000e-08
1.025127e-03
-6.021000e-05
-9.165058e-04
-4.834375e-05
-6.760000e-08
-3.360917e-04
1.732547e-03
-3.618542e-05
-1.360203e-03
-6.760000e-08
5.361870e-04
-6.021000e-05
-4.275656e-04
-4.834375e-05
-6.760000e-08
1.040551e-03
-8.350000e-06
-8.995172e-04
-1.326163e-04
-6.760000e-08
7.723402e-04
-1.551625e-05
-9.714157e-04
2.146594e-04
-6.760000e-08
-2.043750e-04
-3.202194e-04
-2.008313e-04
7.254932e-04
-6.760000e-08
7.278436e-03
-6.580278e-03
-1.731104e-04
-5.249804e-04
-6.760000e-08
2.232072e-03
-7.973333e-06
-2.090803e-03
-1.332283e-04
-6.760000e-08
-2.052000e-04
1.172383e-03
-1.998000e-04
-7.673151e-04
-6.760000e-08
-1.134661e-03
-6.021000e-05
1.243282e-03
-4.834375e-05
-6.760000e-08
-7.288906e-04
-7.390000e-06
8.705245e-04
-1.341763e-04
-6.760000e-08
2.528637e-03
-6.621983e-04
-2.073500e-04
-1.659021e-03
-6.760000e-08
-9.308528e-04
-5.925000e-05
1.040074e-03
-4.990375e-05
-6.760000e-08
-2.043750e-04
9.755598e-04
-2.008313e-04
-5.702859e-04
-6.760000e-08
-3.356000e-04
1.298324e-03
-3.680000e-05
-9.258564e-04
-6.760000e-08
-6.955367e-04
-5.958000e-05
8.045518e-04
-4.936750e-05
-6.760000e-08
-6.415505e-04
-5.988000e-05
7.503781e-04
-4.888000e-05
-6.760000e-08
-3.325667e-04
-1.239665e-03
-4.059167e-05
1.612891e-03
-6.760000e-08
-3.950750e-04
-8.350000e-06
5.361089e-04
-1.326163e-04
-6.760000e-08
6.173865e-04
-5.988000e-05
-5.085589e-04
-4.888000e-05
-6.760000e-08
-2.130375e-04
-6.682038e-04
7.590317e-04
1.222771e-04
-6.760000e-08
-1.185159e-03
-7.720000e-06
1.326586e-03
-1.336400e-04
-6.760000e-08
-1.201536e-03
-7.720000e-06
1.342964e-03
-1.336400e-04
-6.760000e-08
-3.542290e-03
-5.962667e-05
3.651276e-03
-4.929167e-05
-6.760000e-08
9.423091e-04
-6.021000e-05
-8.336878e-04
-4.834375e-05
-6.760000e-08
8.879174e-04
-5.988000e-05
-7.790898e-04
-4.888000e-05
-6.760000e-08
-2.052000e-04
-1.976575e-04
-1.998000e-04
6.027251e-04
-6.760000e-08
3.607493e-04
-7.517250e-05
-4.008750e-04
1.153658e-04
-6.760000e-08
-2.052000e-04
-1.859054e-04
-1.998000e-04
5.909730e-04
-6.760000e-08
1.741392e-03
-7.973333e-06
-1.600122e-03
-1.332283e-04
-6.760000e-08
-2.043750e-04
-4.928505e-04
-2.008313e-04
8.981244e-04
-6.760000e-08
1.741392e-03
-7.973333e-06
-1.600122e-03
-1.332283e-04
-6.760000e-08
-1.045644e-03
-6.021000e-05
1.154265e-03
-4.834375e-05
-6.760000e-08
-2.043750e-04
1.145841e-03
-2.008313e-04
-7.405676e-04
-6.760000e-08
-2.076000e-04
-1.573126e-03
-1.968000e-04
1.977593e-03
-6.760000e-08
-6.079375e-04
-7.720000e-06
7.493651e-04
-1.336400e-04
-6.760000e-08
-2.043750e-04
1.145841e-03
-2.008313e-04
-7.405676e-04
-6.760000e-08
-2.181400e-03
-5.125667e-05
2.295617e-03
-6.289292e-05
-6.760000e-08
5.668885e-04
-7.390000e-06
-4.252547e-04
-1.341763e-04
-6.760000e-08
-3.356000e-04
1.552477e-03
-3.680000e-05
-1.180010e-03
-6.760000e-08
8.334848e-04
-6.650800e-04
-2.064000e-04
3.806277e-05
-6.760000e-08
1.741392e-03
-7.973333e-06
-1.600122e-03
-1.332283e-04
-6.760000e-08
6.173865e-04
-5.988000e-05
-5.085589e-04
-4.888000e-05
-6.760000e-08
5.139870e-04
-6.021000e-05
-4.053657e-04
-4.834375e-05
-6.760000e-08
-5.967505e-03
-6.836364e-06
6.109485e-03
-1.350759e-04
-6.760000e-08
1.781505e-03
-5.997714e-05
-1.672738e-03
-4.872214e-05
-4.423961e-04
9.479622e-04
-5.987036e-05
-3.991297e-04
-4.656608e-05
-4.423961e-04
9.479622e-04
-5.987036e-05
-3.991297e-04
-4.656608e-05
-4.423961e-04
-1.995654e-04
-6.652154e-04
-1.995654e-04
1.506742e-03
1.750430e-03
-1.963307e-04
-6.544307e-04
-1.963307e-04
-7.033378e-04
1.750430e-03
-1.253058e-03
-5.890073e-05
-3.926593e-04
-4.581216e-05
6.661259e-04
-1.930961e-04
-6.436461e-04
-1.930961e-04
3.637124e-04
4.945739e-05
-1.898615e-04
-6.328615e-04
-1.898615e-04
9.631270e-04
1.157139e-03
-7.007367e-04
-5.405255e-05
-3.603076e-04
-4.204255e-05
1.157139e-03
-9.608076e-04
-6.012550e-06
-7.021170e-05
-1.201076e-04
1.157139e-03
-9.608076e-04
-6.012550e-06
-7.021170e-05
-1.201076e-04
1.157139e-03
-9.608076e-04
-6.012550e-06
-7.021170e-05
-1.201076e-04
1.157139e-03
-7.007367e-04
-5.405255e-05
-3.603076e-04
-4.204255e-05
1.157139e-03
-1.801576e-04
-6.005076e-04
-1.801576e-04
-1.963167e-04
1.157139e-03
-1.801576e-04
-6.005076e-04
-1.801576e-04
-1.963167e-04
