-1.181265e-04
3.654455e-04
-2.928826e-05
-1.952508e-04
-2.277992e-05
-3.330000e-08
-4.312066e-04
-2.990500e-05
4.845605e-04
-2.341562e-05
-3.330000e-08
-1.658333e-04
1.198868e-03
-1.748333e-05
-1.015518e-03
-3.330000e-08
-1.001917e-04
-1.941813e-03
-9.953542e-05
2.141573e-03
-3.330000e-08
-1.034111e-04
-2.118921e-03
-9.551111e-05
2.317877e-03
-3.330000e-08
-1.014786e-03
-2.970333e-05
1.068266e-03
-2.374333e-05
-3.330000e-08
-1.215098e-03
-2.926778e-05
1.268851e-03
-2.445111e-05
-3.330000e-08
-1.744397e-03
-2.985333e-05
1.797783e-03
-2.349958e-05
-3.330000e-08
6.261695e-04
-4.016487e-04
-1.984938e-04
-2.599375e-05
-3.330000e-08
-1.659167e-04
3.429967e-03
-1.737917e-05
-3.246638e-03
-3.330000e-08
-1.113111e-04
-3.243100e-04
-3.363074e-03
3.798728e-03
-3.330000e-08
-1.683527e-03
-2.936333e-05
1.737219e-03
-2.429583e-05
-3.330000e-08
-1.211111e-04
-6.877634e-05
-7.338611e-05
2.633069e-04
-3.330000e-08
-1.001917e-04
1.665079e-03
-9.953542e-05
-1.465318e-03
-3.330000e-08
-3.569759e-03
-4.032222e-06
3.639283e-03
-6.545889e-05
-3.330000e-08
7.951479e-03
-3.446667e-06
-7.881588e-03
-6.641042e-05
-3.330000e-08
8.897765e-03
-2.913032e-05
-8.843927e-03
-2.467447e-05
-3.330000e-08
-5.213889e-04
-1.202000e-05
1.712829e-04
3.621593e-04
-3.330000e-08
-5.284667e-04
-6.630000e-06
-8.718308e-05
6.223131e-04
-3.330000e-08
-1.003136e-04
-3.326850e-04
-2.817718e-03
3.250750e-03
-3.330000e-08
-1.652556e-04
-9.157340e-03
-1.820556e-05
9.340834e-03
-3.330000e-08
-1.662083e-04
-1.671684e-03
-1.701458e-05
1.854940e-03
-3.330000e-08
1.579797e-04
-3.596667e-06
-8.818308e-05
-6.616667e-05
-3.330000e-08
-1.005667e-04
4.078334e-04
-9.906667e-05
-2.081667e-04
-3.330000e-08
3.533129e-04
-2.936333e-05
-2.996204e-04
-2.429583e-05
-3.330000e-08
-1.014167e-04
-8.248714e-05
-9.800417e-05
2.819413e-04
-3.330000e-08
2.461850e-04
-2.803222e-05
-1.916606e-04
-2.645889e-05
-3.330000e-08
-1.001917e-04
1.777146e-03
-9.953542e-05
-1.577386e-03
-3.330000e-08
-2.301317e-03
-3.317260e-04
-1.003200e-04
2.733397e-03
-3.330000e-08
3.182427e-03
-2.959100e-03
-1.996250e-04
-2.366955e-05
-3.330000e-08
-1.662200e-04
1.925655e-03
-1.700000e-05
-1.742402e-03
-3.330000e-08
-1.020944e-04
2.173222e-02
-9.715694e-05
-2.153294e-02
-3.330000e-08
-1.625583e-04
-1.032704e-02
-2.157708e-05
1.051120e-02
-3.330000e-08
-1.160778e-04
-3.206800e-04
6.579326e-03
-6.142535e-03
-3.330000e-08
-5.229417e-04
-1.083750e-05
7.048587e-04
-1.710462e-04
-3.330000e-08
3.612680e-03
-3.596667e-06
-3.542883e-03
-6.616667e-05
-3.330000e-08
-1.643083e-04
-1.847176e-03
-1.938958e-05
2.030907e-03
-3.330000e-08
-1.662083e-04
-1.671684e-03
-1.701458e-05
1.854940e-03
-3.330000e-08
4.345977e-03
-3.520000e-06
-4.276133e-03
-6.629125e-05
-3.330000e-08
-1.662083e-04
-1.527363e-03
-1.701458e-05
1.710619e-03
-3.330000e-08
-5.049391e-03
-1.599048e-03
6.680850e-03
-3.237750e-05
-3.330000e-08
1.403840e-03
-3.936667e-06
-1.334256e-03
-6.561417e-05
-3.330000e-08
-1.622917e-04
-1.894241e-02
-2.191042e-05
1.912665e-02
-3.330000e-08
-1.647444e-04
8.196390e-04
-1.884444e-05
-6.360168e-04
2.543423e-04
-9.726754e-05
-3.242231e-04
-9.726754e-05
2.644159e-04
-3.330000e-08
-4.864201e-04
-2.970333e-05
5.399000e-04
-2.374333e-05
-3.330000e-08
-3.841667e-04
-1.165200e-04
1.162030e-02
-1.111958e-02
-3.330000e-08
-1.128122e-02
1.163119e-02
-7.953333e-05
-2.704033e-04
-3.330000e-08
-1.684349e-02
-2.928222e-05
1.689723e-02
-2.442764e-05
-3.330000e-08
-1.333225e-03
-3.308388e-04
-1.006125e-04
1.764710e-03
-3.330000e-08
-1.615222e-04
-1.747711e-02
-2.287222e-05
1.766153e-02
-3.330000e-08
7.271369e-05
3.391713e-04
-2.082083e-05
-3.910308e-04
-3.330000e-08
-1.200972e-04
-1.668506e-02
-7.465347e-05
1.687985e-02
-3.330000e-08
-5.229417e-04
-1.083750e-05
-4.744439e-04
1.008256e-03
-3.330000e-08
-1.664364e-04
3.376912e-03
-1.672955e-05
-3.193713e-03
-3.330000e-08
6.597429e-04
-3.442000e-06
-5.898496e-04
-6.641800e-05
-3.330000e-08
6.082045e-04
-3.460000e-06
-5.383224e-04
-6.638875e-05
-3.330000e-08
8.260382e-04
-3.442000e-06
-7.561449e-04
-6.641800e-05
-3.330000e-08
-1.005667e-04
-4.800700e-04
-9.906667e-05
6.797366e-04
-3.330000e-08
6.082045e-04
-3.460000e-06
-5.383224e-04
-6.638875e-05
-3.330000e-08
2.914676e-03
-5.538889e-06
-2.846093e-03
-6.301056e-05
-3.330000e-08
-1.664364e-04
3.490727e-03
-1.672955e-05
-3.307528e-03
-3.330000e-08
2.979902e-03
-2.994455e-05
-2.926573e-03
-2.335136e-05
-3.330000e-08
-1.016556e-04
-1.936058e-03
-9.770556e-05
2.135453e-03
-3.330000e-08
4.240763e-03
-3.563333e-06
-4.170945e-03
-6.622083e-05
-3.330000e-08
-1.652556e-04
-4.224615e-04
-1.820556e-05
6.059559e-04
-3.330000e-08
-4.287693e-03
-2.173000e-05
4.346156e-03
-3.670000e-05
-3.330000e-08
-1.042333e-04
-3.297000e-04
1.167166e-03
-7.331998e-04
-3.330000e-08
-1.662200e-04
3.870450e-03
-1.700000e-05
-3.687197e-03
-3.330000e-08
-1.014167e-04
-1.331470e-03
-9.800417e-05
1.530925e-03
-3.330000e-08
-1.003136e-04
-3.326850e-04
-2.195439e-03
2.628471e-03
-3.330000e-08
-2.628259e-03
-3.355455e-06
2.698207e-03
-6.655864e-05
-2.096243e-03
2.349082e-03
-2.994140e-05
-1.996091e-04
-2.328776e-05
-3.330000e-08
-1.113111e-04
-3.243100e-04
2.224639e-03
-1.788985e-03
-3.330000e-08
-1.662083e-04
-2.021985e-03
-1.701458e-05
2.205241e-03
-3.330000e-08
-1.003750e-04
2.606507e-03
-9.930625e-05
-2.406792e-03
1.447466e-03
-9.726754e-05
-3.242231e-04
-9.726754e-05
-9.287081e-04
-3.330000e-08
4.428432e-04
-3.260992e-04
-1.021750e-04
-1.453576e-05
-3.330000e-08
8.704984e-04
-2.970333e-05
-8.170185e-04
-2.374333e-05
-3.330000e-08
-1.660250e-04
-4.296920e-03
-1.724375e-05
4.480222e-03
-3.330000e-08
1.038992e-03
-3.315213e-04
-1.003875e-04
-6.070499e-04
-3.330000e-08
-1.660250e-04
-4.296920e-03
-1.724375e-05
4.480222e-03
-3.330000e-08
-1.682875e-04
-5.572462e-04
1.123542e-03
-3.979750e-04
-3.330000e-08
-3.880505e-03
-3.355455e-06
3.950452e-03
-6.655864e-05
-3.330000e-08
-1.014167e-04
1.606597e-03
-9.800417e-05
-1.407143e-03
-3.330000e-08
-5.284667e-04
-6.630000e-06
-6.643031e-04
1.199433e-03
-9.787048e-04
1.229981e-03
-2.975649e-05
-1.983752e-04
-2.314399e-05
-9.787048e-04
-9.918774e-05
-3.306252e-04
-9.918774e-05
1.507706e-03
-1.031793e-03
-1.663409e-04
1.613987e-03
-1.663412e-05
-3.992182e-04
-1.031793e-03
1.284632e-03
-2.994140e-05
-1.996091e-04
-2.328776e-05
-1.031793e-03
-1.663409e-04
1.613987e-03
-1.663412e-05
-3.992182e-04
-1.031793e-03
-9.980458e-05
-3.326819e-04
-9.980458e-05
1.564084e-03
-1.031793e-03
-1.663409e-04
1.613987e-03
-1.663412e-05
-3.992182e-04
-1.031793e-03
-9.980458e-05
-3.326819e-04
-9.980458e-05
1.564084e-03
-1.031793e-03
-5.322909e-04
-3.326850e-06
1.633948e-03
-6.653640e-05
-1.031793e-03
-1.017004e-04
-3.312381e-04
4.268630e-03
-2.803898e-03
-1.031793e-03
-5.322909e-04
-3.326850e-06
1.633948e-03
-6.653640e-05
-1.031793e-03
-9.980458e-05
-3.326819e-04
-9.980458e-05
1.564084e-03
-1.031793e-03
-1.663409e-04
1.613987e-03
-1.663412e-05
-3.992182e-04
-1.031793e-03
1.284632e-03
-2.994140e-05
-1.996091e-04
-2.328776e-05
-1.031793e-03
-1.663409e-04
1.613987e-03
-1.663412e-05
-3.992182e-04
-1.031793e-03
-9.980458e-05
-3.326819e-04
-9.980458e-05
1.564084e-03
-1.031793e-03
-9.980458e-05
-3.326819e-04
-9.980458e-05
1.564084e-03
-1.031793e-03
-9.980458e-05
-3.326819e-04
-9.980458e-05
1.564084e-03
-1.031793e-03
1.284632e-03
-2.994140e-05
-1.996091e-04
-2.328776e-05
-1.031793e-03
1.284632e-03
-2.994140e-05
-1.996091e-04
-2.328776e-05
-1.031793e-03
1.284632e-03
-2.994140e-05
-1.996091e-04
-2.328776e-05
-1.031793e-03
-1.663409e-04
1.613987e-03
-1.663412e-05
-3.992182e-04
-1.031793e-03
-9.980458e-05
-3.326819e-04
-9.980458e-05
1.564084e-03
-1.031793e-03
-5.322909e-04
-3.326850e-06
1.633948e-03
-6.653640e-05
-1.031793e-03
-9.980458e-05
-3.326819e-04
-9.980458e-05
1.564084e-03
-3.330000e-08
1.284123e-03
-2.994455e-05
-1.230793e-03
-2.335136e-05
-3.330000e-08
-1.197859e-03
1.613958e-03
-1.682500e-05
-3.992405e-04
-3.330000e-08
-1.131323e-03
-3.327105e-04
-9.999545e-05
1.564062e-03
-3.330000e-08
-1.197859e-03
1.613958e-03
-1.682500e-05
-3.992405e-04
-3.330000e-08
-1.563809e-03
-3.355455e-06
1.633757e-03
-6.655864e-05
-3.330000e-08
-1.131323e-03
-3.327105e-04
-9.999545e-05
1.564062e-03
-3.330000e-08
1.284473e-03
-1.061145e-03
-1.996250e-04
-2.366955e-05
-3.330000e-08
1.284473e-03
-1.061145e-03
-1.996250e-04
-2.366955e-05
-3.330000e-08
-9.996364e-05
-1.363885e-03
-9.982045e-05
1.563703e-03
-3.330000e-08
1.284473e-03
-1.061145e-03
-1.996250e-04
-2.366955e-05
-3.330000e-08
-1.014167e-04
-4.302421e-04
-9.800417e-05
6.296962e-04
-3.330000e-08
-1.197859e-03
1.613958e-03
-1.682500e-05
-3.992405e-04
-3.330000e-08
-1.664364e-04
1.613669e-03
-1.672955e-05
-1.430469e-03
-1.031793e-03
-1.345300e-03
2.780830e-03
-2.812301e-05
-3.756138e-04
-1.031793e-03
3.494198e-04
-2.872806e-05
7.363611e-04
-2.525943e-05
-1.031793e-03
-3.670465e-04
-1.291669e-04
-1.119596e-02
1.272397e-02
-1.031793e-03
6.827958e-05
2.217786e-03
-1.098627e-03
-1.556453e-04
-1.031793e-03
-1.325733e-03
2.199796e-03
2.841421e-04
-1.264114e-04
-1.031793e-03
-8.920581e-04
2.199093e-03
-1.499716e-04
-1.252703e-04
1.031217e-03
-8.469421e-04
-2.182792e-05
-1.454681e-04
-1.697928e-05
1.031217e-03
-8.469421e-04
-2.182792e-05
-1.454681e-04
-1.697928e-05
1.031217e-03
-7.273860e-05
-2.424409e-04
-7.273860e-05
-6.432994e-04
2.214492e-03
-2.059929e-03
-1.831183e-05
-1.220054e-04
-1.424542e-05
2.214492e-03
-2.059929e-03
-1.831183e-05
-1.220054e-04
-1.424542e-05
2.214492e-03
-6.100918e-05
-2.033337e-04
-6.100918e-05
-1.889140e-03
1.031217e-03
1.114586e-03
-2.269635e-03
-3.773204e-05
1.615631e-04
1.031217e-03
1.111314e-03
-1.862158e-03
-3.364176e-05
-2.467317e-04
1.031217e-03
-2.908006e-03
8.966694e-04
-2.208343e-05
1.002202e-03
-1.031793e-03
-1.663409e-04
1.613987e-03
-1.663412e-05
-3.992182e-04
-1.031793e-03
-1.076268e-04
9.581327e-04
-9.002680e-05
2.713143e-04
-1.031793e-03
-1.076268e-04
9.581327e-04
-9.002680e-05
2.713143e-04
-1.031793e-03
5.209267e-05
1.225282e-03
-1.780980e-04
-6.748331e-05
-1.031793e-03
5.991489e-05
-6.553251e-05
-1.878758e-04
1.225287e-03
-1.031793e-03
-1.013212e-04
1.291645e-03
-9.790874e-05
-6.062200e-05
-3.330000e-08
7.427613e-04
-6.458889e-06
-6.747535e-04
-6.151556e-05
-3.330000e-08
-1.022448e-03
-2.684111e-05
1.077717e-03
-2.839444e-05
-3.330000e-08
7.427613e-04
-6.458889e-06
-6.747535e-04
-6.151556e-05
-3.330000e-08
7.427613e-04
-6.458889e-06
-6.747535e-04
-6.151556e-05
-3.330000e-08
-1.022448e-03
-2.684111e-05
1.077717e-03
-2.839444e-05
-3.330000e-08
-1.043222e-04
3.950317e-03
-9.437222e-05
-3.751589e-03
-3.330000e-08
-1.022448e-03
-2.684111e-05
1.077717e-03
-2.839444e-05
-3.330000e-08
7.427613e-04
-6.458889e-06
-6.747535e-04
-6.151556e-05
-3.330000e-08
1.859595e-03
-2.926778e-05
-1.805843e-03
-2.445111e-05
-3.330000e-08
-1.022448e-03
-2.684111e-05
1.077717e-03
-2.839444e-05
-3.330000e-08
-1.014167e-04
2.225591e-04
-9.800417e-05
-2.310493e-05
-3.330000e-08
7.948716e-03
-6.105556e-06
-7.880487e-03
-6.208972e-05
-3.330000e-08
-8.821430e-03
9.075845e-03
-1.701458e-04
-8.423583e-05
-3.330000e-08
9.956945e-04
-7.666480e-04
-1.942022e-04
-3.481089e-05
-3.330000e-08
-1.001800e-04
-1.596653e-03
-9.955000e-05
1.796417e-03
-3.330000e-08
1.432072e-03
-1.196813e-03
-1.883111e-04
-4.691444e-05
-3.330000e-08
-3.880505e-03
-3.355455e-06
3.950452e-03
-6.655864e-05
-3.330000e-08
-3.259589e-03
-3.355455e-06
3.329536e-03
-6.655864e-05
-3.330000e-08
4.428432e-04
-3.260992e-04
-1.021750e-04
-1.453576e-05
-3.330000e-08
-1.014167e-04
-1.331470e-03
-9.800417e-05
1.530925e-03
-3.330000e-08
-1.014167e-04
2.225591e-04
-9.800417e-05
-2.310493e-05
-3.330000e-08
-9.484583e-03
-2.947222e-05
9.538207e-03
-2.411889e-05
2.030989e-03
-1.802304e-03
-2.708321e-05
-1.805365e-04
-2.106543e-05
2.030989e-03
-2.717112e-03
-2.526321e-05
7.354094e-04
-2.402293e-05
2.030989e-03
-9.026988e-05
-3.008921e-04
-9.026988e-05
-1.549557e-03
2.030989e-03
-1.802304e-03
-2.708321e-05
-1.805365e-04
-2.106543e-05
2.030989e-03
-4.814254e-04
-3.012100e-06
-1.486371e-03
-6.018099e-05
2.030989e-03
-9.026988e-05
-3.008921e-04
-9.026988e-05
-1.549557e-03
2.030989e-03
-1.802304e-03
-2.708321e-05
-1.805365e-04
-2.106543e-05
2.030989e-03
-4.814254e-04
-3.012100e-06
-1.486371e-03
-6.018099e-05
2.030989e-03
-1.504477e-04
-1.504424e-03
-1.504766e-05
-3.610699e-04
2.030989e-03
-5.060687e-03
2.360290e-04
2.892424e-03
-9.875488e-05
2.030989e-03
-1.802304e-03
-2.708321e-05
-1.805365e-04
-2.106543e-05
2.030989e-03
-4.814254e-04
-3.012100e-06
-1.486371e-03
-6.018099e-05
2.030989e-03
-1.327365e-04
-1.277787e-03
4.432203e-03
-5.052669e-03
2.030989e-03
-3.415332e-03
1.590343e-03
-1.763657e-04
-2.963460e-05
2.030989e-03
-9.026988e-05
-3.008921e-04
-9.026988e-05
-1.549557e-03
2.030989e-03
-4.814254e-04
-3.012100e-06
-1.486371e-03
-6.018099e-05
2.030989e-03
-1.802304e-03
-2.708321e-05
-1.805365e-04
-2.106543e-05
2.030989e-03
-4.814254e-04
-3.012100e-06
-1.486371e-03
-6.018099e-05
-3.330000e-08
-3.930203e-03
-2.863667e-05
3.984350e-03
-2.547667e-05
-3.330000e-08
-3.917898e-03
4.118790e-03
-1.656350e-04
-3.522333e-05
-3.330000e-08
4.696473e-03
-1.424777e-03
-3.225992e-03
-4.567000e-05
-3.330000e-08
-5.213889e-04
-1.202000e-05
-8.632539e-04
1.396696e-03
-3.330000e-08
-1.000625e-04
3.516368e-04
-9.969688e-05
-1.518441e-04
-3.330000e-08
8.144078e-06
2.169326e-04
-1.979667e-04
-2.707667e-05
2.407373e-04
-9.890033e-05
-3.296670e-04
-9.890033e-05
2.867304e-04
2.407373e-04
-1.648337e-04
3.361804e-04
-1.648367e-05
-3.956003e-04
2.407373e-04
9.810411e-06
-2.967033e-05
-1.978003e-04
-2.307700e-05
2.407373e-04
-5.274670e-04
-3.297000e-06
3.559604e-04
-6.593367e-05
2.407373e-04
-5.274670e-04
-3.297000e-06
3.559604e-04
-6.593367e-05
2.407373e-04
9.810411e-06
-2.967033e-05
-1.978003e-04
-2.307700e-05
2.407373e-04
-1.648337e-04
3.361804e-04
-1.648367e-05
-3.956003e-04
2.407373e-04
-1.648337e-04
3.361804e-04
-1.648367e-05
-3.956003e-04
2.407373e-04
9.810411e-06
-2.967033e-05
-1.978003e-04
-2.307700e-05
2.407373e-04
-9.890033e-05
-3.296670e-04
-9.890033e-05
2.867304e-04
2.407373e-04
-5.274670e-04
-3.297000e-06
3.559604e-04
-6.593367e-05
2.407373e-04
-1.648337e-04
3.361804e-04
-1.648367e-05
-3.956003e-04
-3.330000e-08
-1.662083e-04
-1.527363e-03
-1.701458e-05
1.710619e-03
-3.330000e-08
-1.657697e-04
3.447468e-03
-1.756288e-05
-3.264102e-03
-3.330000e-08
5.290906e-03
-8.363333e-06
-5.224089e-03
-5.842083e-05
-3.330000e-08
-1.097583e-04
-3.254925e-04
9.773072e-04
-5.420230e-04
-3.330000e-08
-2.385267e-04
4.667611e-04
-1.949722e-04
-3.322889e-05
4.129295e-04
-5.187564e-04
-3.243100e-06
1.739154e-04
-6.484532e-05
4.129295e-04
-5.187564e-04
-3.243100e-06
1.739154e-04
-6.484532e-05
4.129295e-04
-9.726754e-05
-3.242231e-04
-9.726754e-05
1.058287e-04
4.129295e-04
-1.665180e-04
-2.918088e-05
-1.945342e-04
-2.269643e-05
4.129295e-04
-5.187564e-04
-3.243100e-06
1.739154e-04
-6.484532e-05
4.129295e-04
-1.621120e-04
1.544620e-04
-1.621199e-05
-3.890675e-04
4.129295e-04
-1.621120e-04
1.544620e-04
-1.621199e-05
-3.890675e-04
4.129295e-04
-9.726754e-05
-3.242231e-04
-9.726754e-05
1.058287e-04
4.129295e-04
-1.665180e-04
-2.918088e-05
-1.945342e-04
-2.269643e-05
4.129295e-04
-5.187564e-04
-3.243100e-06
1.739154e-04
-6.484532e-05
4.129295e-04
-1.621120e-04
1.544620e-04
-1.621199e-05
-3.890675e-04
4.129295e-04
-1.665180e-04
-2.918088e-05
-1.945342e-04
-2.269643e-05
4.129295e-04
-5.187564e-04
-3.243100e-06
1.739154e-04
-6.484532e-05
4.129295e-04
-1.665180e-04
-2.918088e-05
-1.945342e-04
-2.269643e-05
4.129295e-04
-1.665180e-04
-2.918088e-05
-1.945342e-04
-2.269643e-05
4.129295e-04
-5.187564e-04
-3.243100e-06
1.739154e-04
-6.484532e-05
4.129295e-04
-1.665180e-04
-2.918088e-05
-1.945342e-04
-2.269643e-05
4.129295e-04
-5.187564e-04
-3.243100e-06
1.739154e-04
-6.484532e-05
4.129295e-04
-1.665180e-04
-2.918088e-05
-1.945342e-04
-2.269643e-05
4.129295e-04
-9.726754e-05
-3.242231e-04
-9.726754e-05
1.058287e-04
4.129295e-04
-1.665180e-04
-2.918088e-05
-1.945342e-04
-2.269643e-05
4.129295e-04
-1.665180e-04
-2.918088e-05
-1.945342e-04
-2.269643e-05
4.129295e-04
-9.726754e-05
-3.242231e-04
-9.726754e-05
1.058287e-04
4.129295e-04
-1.665180e-04
-2.918088e-05
-1.945342e-04
-2.269643e-05
4.129295e-04
-1.665180e-04
-2.918088e-05
-1.945342e-04
-2.269643e-05
4.129295e-04
-9.726754e-05
-3.242231e-04
-9.726754e-05
1.058287e-04
4.129295e-04
-1.621120e-04
1.544620e-04
-1.621199e-05
-3.890675e-04
4.129295e-04
-1.665180e-04
-2.918088e-05
-1.945342e-04
-2.269643e-05
4.129295e-04
-5.187564e-04
-3.243100e-06
1.739154e-04
-6.484532e-05
4.129295e-04
-1.665180e-04
-2.918088e-05
-1.945342e-04
-2.269643e-05
4.129295e-04
-9.726754e-05
-3.242231e-04
-9.726754e-05
1.058287e-04
4.129295e-04
-1.027787e-04
-3.629273e-04
-9.037866e-05
1.431551e-04
4.129295e-04
-9.726754e-05
-3.242231e-04
-9.726754e-05
1.058287e-04
4.129295e-04
-5.187564e-04
-3.243100e-06
1.739154e-04
-6.484532e-05
4.129295e-04
-1.665180e-04
-2.918088e-05
-1.945342e-04
-2.269643e-05
4.129295e-04
-1.665180e-04
-2.918088e-05
-1.945342e-04
-2.269643e-05
4.129295e-04
-1.665180e-04
-2.918088e-05
-1.945342e-04
-2.269643e-05
4.129295e-04
-1.665180e-04
-2.918088e-05
-1.945342e-04
-2.269643e-05
4.129295e-04
-9.726754e-05
-3.242231e-04
-9.726754e-05
1.058287e-04
-3.330000e-08
-5.213889e-04
-1.202000e-05
1.036622e-04
4.297800e-04
-3.330000e-08
-1.161333e-04
1.369583e-03
-7.960833e-05
-1.173808e-03
-3.330000e-08
-2.073620e-03
-2.926778e-05
2.127373e-03
-2.445111e-05
-3.330000e-08
8.802548e-03
-1.244000e-05
-8.738278e-03
-5.179625e-05
-3.330000e-08
-2.073620e-03
-2.926778e-05
2.127373e-03
-2.445111e-05
-3.330000e-08
-1.636500e-04
6.211817e-05
-2.021250e-05
1.217776e-04
-3.330000e-08
-1.647444e-04
1.456851e-04
-1.884444e-05
3.793706e-05
-3.330000e-08
-1.097583e-04
-3.254925e-04
4.508057e-04
-1.552159e-05
-3.330000e-08
-1.014167e-04
-4.029645e-04
-9.800417e-05
6.024187e-04
-3.330000e-08
-1.649833e-04
6.800254e-04
-1.854583e-05
-4.964629e-04
-3.330000e-08
-3.410862e-03
-2.936333e-05
3.464554e-03
-2.429583e-05
-3.330000e-08
4.882850e-04
-6.043333e-06
-4.200176e-04
-6.219083e-05
-3.330000e-08
-1.014167e-04
7.490605e-04
-9.800417e-05
-5.496064e-04
-3.330000e-08
5.145838e-03
-4.762228e-03
-4.763333e-05
-3.359433e-04
-3.330000e-08
-3.524216e-03
3.784431e-03
-1.646458e-04
-9.553583e-05
-3.330000e-08
-1.079889e-04
-3.268400e-04
7.986311e-03
-7.551449e-03
-3.330000e-08
2.182482e-02
-8.371111e-06
-2.175801e-02
-5.840819e-05
-3.330000e-08
-1.920858e-03
-2.875667e-05
1.974930e-03
-2.528167e-05
-3.330000e-08
-1.534228e-03
-3.936667e-06
1.603812e-03
-6.561417e-05
-3.330000e-08
-1.150185e-03
-3.596667e-06
1.219982e-03
-6.616667e-05
5.346746e-04
-1.627091e-04
3.480682e-05
-1.627159e-05
-3.905008e-04
5.346746e-04
-1.627091e-04
3.480682e-05
-1.627159e-05
-3.905008e-04
5.346746e-04
-9.762576e-05
-3.254174e-04
-9.762576e-05
-1.400568e-05
-3.330000e-08
-2.911466e-04
5.186882e-04
-1.956292e-04
-3.187917e-05
-3.330000e-08
-2.911466e-04
5.186882e-04
-1.956292e-04
-3.187917e-05
-3.330000e-08
-2.896299e-04
-3.687083e-05
-1.975250e-04
5.240591e-04
-3.330000e-08
3.777599e-04
3.412507e-05
-2.082083e-05
-3.910308e-04
-3.330000e-08
-1.014167e-04
2.225591e-04
-9.800417e-05
-2.310493e-05
5.346746e-04
-1.627091e-04
3.480682e-05
-1.627159e-05
-3.905008e-04
5.346746e-04
-2.873557e-04
-2.928826e-05
-1.952508e-04
-2.277992e-05
5.346746e-04
-2.873557e-04
-2.928826e-05
-1.952508e-04
-2.277992e-05
5.346746e-04
-9.762576e-05
-3.254174e-04
-9.762576e-05
-1.400568e-05
5.346746e-04
-9.762576e-05
-3.254174e-04
-9.762576e-05
-1.400568e-05
5.346746e-04
-9.762576e-05
-3.254174e-04
-9.762576e-05
-1.400568e-05
5.346746e-04
-1.627091e-04
3.480682e-05
-1.627159e-05
-3.905008e-04
5.346746e-04
-2.873557e-04
-2.928826e-05
-1.952508e-04
-2.277992e-05
5.346746e-04
-2.873557e-04
-2.928826e-05
-1.952508e-04
-2.277992e-05
5.346746e-04
-2.873557e-04
-2.928826e-05
-1.952508e-04
-2.277992e-05
5.346746e-04
-5.206674e-04
-3.254925e-06
5.433182e-05
-6.508409e-05
5.346746e-04
-1.611924e-04
-3.632126e-03
-1.816742e-05
3.276811e-03
5.346746e-04
-5.206674e-04
-3.254925e-06
5.433182e-05
-6.508409e-05
5.346746e-04
-1.627091e-04
3.480682e-05
-1.627159e-05
-3.905008e-04
5.346746e-04
-1.627091e-04
3.480682e-05
-1.627159e-05
-3.905008e-04
5.346746e-04
-9.762576e-05
-3.254174e-04
-9.762576e-05
-1.400568e-05
5.346746e-04
-1.627091e-04
3.480682e-05
-1.627159e-05
-3.905008e-04
5.346746e-04
-2.873557e-04
-2.928826e-05
-1.952508e-04
-2.277992e-05
5.346746e-04
-5.206674e-04
-3.254925e-06
5.433182e-05
-6.508409e-05
5.346746e-04
-5.206674e-04
-3.254925e-06
5.433182e-05
-6.508409e-05
5.346746e-04
-2.873557e-04
-2.928826e-05
-1.952508e-04
-2.277992e-05
5.346746e-04
-5.206674e-04
-3.254925e-06
5.433182e-05
-6.508409e-05
5.346746e-04
-5.206674e-04
-3.254925e-06
5.433182e-05
-6.508409e-05
5.346746e-04
-5.206674e-04
-3.254925e-06
5.433182e-05
-6.508409e-05
5.346746e-04
-5.206674e-04
-3.254925e-06
5.433182e-05
-6.508409e-05
5.346746e-04
-2.873557e-04
-2.928826e-05
-1.952508e-04
-2.277992e-05
5.346746e-04
-1.627091e-04
3.480682e-05
-1.627159e-05
-3.905008e-04
5.346746e-04
-1.627091e-04
3.480682e-05
-1.627159e-05
-3.905008e-04
5.346746e-04
-9.762576e-05
-3.254174e-04
-9.762576e-05
-1.400568e-05
5.346746e-04
-2.873557e-04
-2.928826e-05
-1.952508e-04
-2.277992e-05
5.346746e-04
-5.206674e-04
-3.254925e-06
5.433182e-05
-6.508409e-05
5.346746e-04
-2.873557e-04
-2.928826e-05
-1.952508e-04
-2.277992e-05
5.346746e-04
-2.873557e-04
-2.928826e-05
-1.952508e-04
-2.277992e-05
5.346746e-04
-2.873557e-04
-2.928826e-05
-1.952508e-04
-2.277992e-05
5.346746e-04
-9.762576e-05
-3.254174e-04
-9.762576e-05
-1.400568e-05
5.346746e-04
-9.810076e-05
-1.691535e-03
-9.703201e-05
1.351993e-03
5.346746e-04
-2.873557e-04
-2.928826e-05
-1.952508e-04
-2.277992e-05
5.346746e-04
-1.627091e-04
3.480682e-05
-1.627159e-05
-3.905008e-04
5.346746e-04
-2.873557e-04
-2.928826e-05
-1.952508e-04
-2.277992e-05
5.346746e-04
-5.250432e-03
-1.089492e-04
1.202325e-04
4.704474e-03
5.346746e-04
-1.627091e-04
3.480682e-05
-1.627159e-05
-3.905008e-04
5.346746e-04
-2.873557e-04
-2.928826e-05
-1.952508e-04
-2.277992e-05
5.346746e-04
-1.627091e-04
3.480682e-05
-1.627159e-05
-3.905008e-04
5.346746e-04
-2.873557e-04
-2.928826e-05
-1.952508e-04
-2.277992e-05
5.346746e-04
-9.762576e-05
-3.254174e-04
-9.762576e-05
-1.400568e-05
5.346746e-04
-2.873557e-04
-2.928826e-05
-1.952508e-04
-2.277992e-05
5.346746e-04
-5.206674e-04
-3.254925e-06
5.433182e-05
-6.508409e-05
5.346746e-04
-1.627091e-04
3.480682e-05
-1.627159e-05
-3.905008e-04
5.346746e-04
-9.762576e-05
-3.254174e-04
-9.762576e-05
-1.400568e-05
5.346746e-04
-9.762576e-05
-3.254174e-04
-9.762576e-05
-1.400568e-05
5.346746e-04
-9.762576e-05
-3.254174e-04
-9.762576e-05
-1.400568e-05
5.346746e-04
-2.873557e-04
-2.928826e-05
-1.952508e-04
-2.277992e-05
-3.330000e-08
-1.660250e-04
-3.620983e-03
-1.724375e-05
3.804285e-03
-3.330000e-08
-1.097583e-04
-3.254925e-04
1.834844e-03
-1.399560e-03
-7.225531e-04
-2.620944e-05
-1.952750e-07
7.522617e-04
-3.303886e-06
-7.225531e-04
7.350825e-04
-1.504164e-06
-9.848331e-06
-1.176942e-06
-7.225531e-04
-2.620944e-05
-1.952750e-07
7.522617e-04
-3.303886e-06
-7.225531e-04
7.350825e-04
-1.504164e-06
-9.848331e-06
-1.176942e-06
-7.225531e-04
-8.212219e-06
7.512800e-04
-8.497194e-07
-1.966500e-05
-7.225531e-04
7.350825e-04
-1.504164e-06
-9.848331e-06
-1.176942e-06
-7.225531e-04
-4.939997e-06
-1.639278e-05
-4.939997e-06
7.488258e-04
-7.225531e-04
-8.212219e-06
7.512800e-04
-8.497194e-07
-1.966500e-05
-7.225531e-04
7.350825e-04
-1.504164e-06
-9.848331e-06
-1.176942e-06
-7.225531e-04
-2.620944e-05
-1.952750e-07
7.522617e-04
-3.303886e-06
-7.225531e-04
7.350825e-04
-1.504164e-06
-9.848331e-06
-1.176942e-06
-7.225531e-04
-8.212219e-06
7.512800e-04
-8.497194e-07
-1.966500e-05
-7.225531e-04
-2.620944e-05
-1.952750e-07
7.522617e-04
-3.303886e-06
-7.225531e-04
7.350825e-04
-1.504164e-06
-9.848331e-06
-1.176942e-06
-7.225531e-04
7.350825e-04
-1.504164e-06
-9.848331e-06
-1.176942e-06
-7.225531e-04
7.350825e-04
-1.504164e-06
-9.848331e-06
-1.176942e-06
-7.225531e-04
7.350825e-04
-1.504164e-06
-9.848331e-06
-1.176942e-06
-7.225531e-04
-8.212219e-06
7.512800e-04
-8.497194e-07
-1.966500e-05
-7.225531e-04
7.350825e-04
-1.504164e-06
-9.848331e-06
-1.176942e-06
-7.225531e-04
7.350825e-04
-1.504164e-06
-9.848331e-06
-1.176942e-06
-7.225531e-04
-4.939997e-06
-1.639278e-05
-4.939997e-06
7.488258e-04
-3.330000e-08
-1.640027e-03
-5.001111e-06
1.708946e-03
-6.388444e-05
-3.330000e-08
4.014833e-04
-2.970333e-05
-3.480033e-04
-2.374333e-05
-3.330000e-08
2.916300e-02
-1.988556e-05
-2.910338e-02
-3.969722e-05
-3.330000e-08
-1.805615e-04
-2.926778e-05
2.343137e-04
-2.445111e-05
-3.330000e-08
9.054132e-03
-1.602333e-05
-8.992102e-03
-4.597333e-05
-3.330000e-08
-1.368256e-03
-2.936333e-05
1.421949e-03
-2.429583e-05
-3.330000e-08
1.491180e-03
-5.284639e-05
-1.922583e-04
-1.246041e-03
-9.084895e-05
-9.762576e-05
-3.254174e-04
-9.762576e-05
6.115179e-04
-9.084895e-05
3.381679e-04
-2.928826e-05
-1.952508e-04
-2.277992e-05
-9.084895e-05
-9.762576e-05
-3.254174e-04
-9.762576e-05
6.115179e-04
-9.084895e-05
3.381679e-04
-2.928826e-05
-1.952508e-04
-2.277992e-05
-9.084895e-05
3.381679e-04
-2.928826e-05
-1.952508e-04
-2.277992e-05
-9.084895e-05
3.381679e-04
-2.928826e-05
-1.952508e-04
-2.277992e-05
-9.084895e-05
-1.627091e-04
6.603304e-04
-1.627159e-05
-3.905008e-04
-9.084895e-05
3.381679e-04
-2.928826e-05
-1.952508e-04
-2.277992e-05
-9.084895e-05
-9.762576e-05
-3.254174e-04
-9.762576e-05
6.115179e-04
-9.084895e-05
-5.206674e-04
-3.254925e-06
6.798554e-04
-6.508409e-05
-9.084895e-05
-9.762576e-05
-3.254174e-04
-9.762576e-05
6.115179e-04
-9.084895e-05
-5.206674e-04
-3.254925e-06
6.798554e-04
-6.508409e-05
-9.084895e-05
-5.206674e-04
-3.254925e-06
6.798554e-04
-6.508409e-05
-9.084895e-05
-1.627091e-04
6.603304e-04
-1.627159e-05
-3.905008e-04
-9.084895e-05
3.381679e-04
-2.928826e-05
-1.952508e-04
-2.277992e-05
-9.084895e-05
-5.206674e-04
-3.254925e-06
6.798554e-04
-6.508409e-05
-9.084895e-05
-5.206674e-04
-3.254925e-06
6.798554e-04
-6.508409e-05
-9.084895e-05
-5.206674e-04
-3.254925e-06
6.798554e-04
-6.508409e-05
-9.084895e-05
-5.206674e-04
-3.254925e-06
6.798554e-04
-6.508409e-05
-9.084895e-05
-5.206674e-04
-3.254925e-06
6.798554e-04
-6.508409e-05
-9.084895e-05
-9.762576e-05
-3.254174e-04
-9.762576e-05
6.115179e-04
-9.084895e-05
3.381679e-04
-2.928826e-05
-1.952508e-04
-2.277992e-05
-9.084895e-05
-5.206674e-04
-3.254925e-06
6.798554e-04
-6.508409e-05
-9.084895e-05
-5.206674e-04
-3.254925e-06
6.798554e-04
-6.508409e-05
-9.084895e-05
3.381679e-04
-2.928826e-05
-1.952508e-04
-2.277992e-05
-9.084895e-05
-1.627091e-04
6.603304e-04
-1.627159e-05
-3.905008e-04
-9.084895e-05
-5.206674e-04
-3.254925e-06
6.798554e-04
-6.508409e-05
-9.084895e-05
3.381679e-04
-2.928826e-05
-1.952508e-04
-2.277992e-05
-9.084895e-05
-5.206674e-04
-3.254925e-06
6.798554e-04
-6.508409e-05
-9.084895e-05
-1.627091e-04
6.603304e-04
-1.627159e-05
-3.905008e-04
-9.084895e-05
3.381679e-04
-2.928826e-05
-1.952508e-04
-2.277992e-05
-9.084895e-05
3.381679e-04
-2.928826e-05
-1.952508e-04
-2.277992e-05
-9.084895e-05
-9.762576e-05
-3.254174e-04
-9.762576e-05
6.115179e-04
-9.084895e-05
3.381679e-04
-2.928826e-05
-1.952508e-04
-2.277992e-05
-9.084895e-05
-9.762576e-05
-3.254174e-04
-9.762576e-05
6.115179e-04
-9.084895e-05
3.381679e-04
-2.928826e-05
-1.952508e-04
-2.277992e-05
-9.084895e-05
-9.762576e-05
-3.254174e-04
-9.762576e-05
6.115179e-04
-9.084895e-05
-5.206674e-04
-3.254925e-06
6.798554e-04
-6.508409e-05
-9.084895e-05
-1.627091e-04
6.603304e-04
-1.627159e-05
-3.905008e-04
-9.084895e-05
-1.627091e-04
6.603304e-04
-1.627159e-05
-3.905008e-04
-9.084895e-05
-1.627091e-04
6.603304e-04
-1.627159e-05
-3.905008e-04
-9.084895e-05
-1.627091e-04
6.603304e-04
-1.627159e-05
-3.905008e-04
-9.084895e-05
-9.762576e-05
-3.254174e-04
-9.762576e-05
6.115179e-04
-3.330000e-08
-7.834653e-03
-2.947222e-05
7.888278e-03
-2.411889e-05
-3.330000e-08
-1.011444e-04
6.722448e-04
-9.834444e-05
-4.727226e-04
-3.330000e-08
1.274737e-03
-2.985333e-05
-1.221351e-03
-2.349958e-05
-3.330000e-08
-5.475036e-04
-4.078788e-06
6.169989e-04
-6.538322e-05
-3.330000e-08
6.149537e-03
-4.325556e-06
-6.080196e-03
-6.498222e-05
-3.330000e-08
-3.956969e-03
5.010101e-03
-1.010865e-03
-4.223333e-05
-3.330000e-08
-3.031053e-03
-2.943667e-05
3.084700e-03
-2.417667e-05
-3.330000e-08
-1.647444e-04
3.840340e-03
-1.884444e-05
-3.656717e-03
-3.330000e-08
3.514093e-03
-2.926778e-05
-3.460341e-03
-2.445111e-05
-3.330000e-08
1.922439e-03
-2.759667e-05
-1.867642e-03
-2.716667e-05
-3.330000e-08
-1.623222e-04
-3.911088e-03
-2.187222e-05
4.095316e-03
-3.330000e-08
-5.229417e-04
-1.083750e-05
-4.744439e-04
1.008256e-03
-3.330000e-08
-8.259897e-04
-2.936333e-05
8.796822e-04
-2.429583e-05
-3.330000e-08
1.819422e-03
-3.520000e-06
-1.749578e-03
-6.629125e-05
-3.330000e-08
-1.899844e-03
-3.520000e-06
1.969688e-03
-6.629125e-05
-3.330000e-08
-7.530677e-04
-2.875667e-05
8.071393e-04
-2.528167e-05
-3.330000e-08
5.463030e-04
-3.936667e-06
-4.767189e-04
-6.561417e-05
-3.330000e-08
-2.911466e-04
5.186882e-04
-1.956292e-04
-3.187917e-05
-3.330000e-08
2.794150e-03
-2.546775e-03
-1.768222e-04
-7.051889e-05
-3.330000e-08
-1.648773e-03
-2.856556e-05
1.702964e-03
-2.559222e-05
-3.330000e-08
-1.377035e-03
-2.947222e-05
1.430660e-03
-2.411889e-05
-3.330000e-08
3.612680e-03
-3.596667e-06
-3.542883e-03
-6.616667e-05
-3.330000e-08
1.300362e-03
-3.446667e-06
-1.230471e-03
-6.641042e-05
-3.330000e-08
-1.660250e-04
-1.770365e-03
-1.724375e-05
1.953667e-03
-3.330000e-08
3.670040e-03
-3.520000e-06
-3.600195e-03
-6.629125e-05
-3.330000e-08
-1.662083e-04
1.603838e-03
-1.701458e-05
-1.420582e-03
-3.330000e-08
-1.054358e-04
-3.287843e-04
5.182951e-03
-4.748698e-03
-3.330000e-08
-1.097583e-04
-3.254925e-04
9.773072e-04
-5.420230e-04
6.828811e-04
-4.323334e-04
-2.967033e-05
-1.978003e-04
-2.307700e-05
6.828811e-04
-5.274670e-04
-3.297000e-06
-8.618342e-05
-6.593367e-05
6.828811e-04
-1.635892e-04
-8.196157e-03
-1.803922e-05
7.694904e-03
6.828811e-04
-4.323334e-04
-2.967033e-05
-1.978003e-04
-2.307700e-05
6.828811e-04
-4.323334e-04
-2.967033e-05
-1.978003e-04
-2.307700e-05
6.828811e-04
-9.890033e-05
-3.296670e-04
-9.890033e-05
-1.554134e-04
6.828811e-04
-9.890033e-05
-3.296670e-04
-9.890033e-05
-1.554134e-04
6.828811e-04
-9.890033e-05
-3.296670e-04
-9.890033e-05
-1.554134e-04
6.828811e-04
-5.274670e-04
-3.297000e-06
-8.618342e-05
-6.593367e-05
6.828811e-04
-1.648337e-04
-1.059634e-04
-1.648367e-05
-3.956003e-04
6.828811e-04
-9.890033e-05
-3.296670e-04
-9.890033e-05
-1.554134e-04
6.828811e-04
-5.274670e-04
-3.297000e-06
-8.618342e-05
-6.593367e-05
6.828811e-04
-4.323334e-04
-2.967033e-05
-1.978003e-04
-2.307700e-05
6.828811e-04
-5.274670e-04
-3.297000e-06
-8.618342e-05
-6.593367e-05
6.828811e-04
-4.323334e-04
-2.967033e-05
-1.978003e-04
-2.307700e-05
6.828811e-04
-5.274670e-04
-3.297000e-06
-8.618342e-05
-6.593367e-05
6.828811e-04
-1.648337e-04
-1.059634e-04
-1.648367e-05
-3.956003e-04
6.828811e-04
-9.890033e-05
-3.296670e-04
-9.890033e-05
-1.554134e-04
6.828811e-04
-4.323334e-04
-2.967033e-05
-1.978003e-04
-2.307700e-05
6.828811e-04
-9.890033e-05
-3.296670e-04
-9.890033e-05
-1.554134e-04
6.828811e-04
-4.323334e-04
-2.967033e-05
-1.978003e-04
-2.307700e-05
6.828811e-04
-5.274670e-04
-3.297000e-06
-8.618342e-05
-6.593367e-05
6.828811e-04
-4.323334e-04
-2.967033e-05
-1.978003e-04
-2.307700e-05
6.828811e-04
-5.231337e-04
-6.597000e-06
-1.418175e-03
1.265024e-03
6.828811e-04
-2.766417e-04
-6.203667e-06
-3.388254e-04
-6.121033e-05
6.828811e-04
-1.648337e-04
-1.059634e-04
-1.648367e-05
-3.956003e-04
6.828811e-04
-5.274670e-04
-3.297000e-06
-8.618342e-05
-6.593367e-05
6.828811e-04
-1.648337e-04
-1.059634e-04
-1.648367e-05
-3.956003e-04
6.828811e-04
-4.323334e-04
-2.967033e-05
-1.978003e-04
-2.307700e-05
6.828811e-04
-4.801132e-03
-2.955367e-05
4.171072e-03
-2.326658e-05
6.828811e-04
-1.648337e-04
-1.059634e-04
-1.648367e-05
-3.956003e-04
6.828811e-04
-4.323334e-04
-2.967033e-05
-1.978003e-04
-2.307700e-05
6.828811e-04
-5.274670e-04
-3.297000e-06
-8.618342e-05
-6.593367e-05
6.828811e-04
-1.648337e-04
-1.059634e-04
-1.648367e-05
-3.956003e-04
6.828811e-04
-4.323334e-04
-2.967033e-05
-1.978003e-04
-2.307700e-05
6.828811e-04
-9.896397e-05
-3.261786e-03
-9.882079e-05
2.776690e-03
6.828811e-04
-4.323334e-04
-2.967033e-05
-1.978003e-04
-2.307700e-05
6.828811e-04
-9.890033e-05
-3.296670e-04
-9.890033e-05
-1.554134e-04
6.828811e-04
-5.274670e-04
-3.297000e-06
-8.618342e-05
-6.593367e-05
6.828811e-04
-9.890033e-05
-3.296670e-04
-9.890033e-05
-1.554134e-04
6.828811e-04
-9.890033e-05
-3.296670e-04
-9.890033e-05
-1.554134e-04
6.828811e-04
-5.274670e-04
-3.297000e-06
-8.618342e-05
-6.593367e-05
6.828811e-04
-1.648337e-04
-1.059634e-04
-1.648367e-05
-3.956003e-04
6.828811e-04
-4.323334e-04
-2.967033e-05
-1.978003e-04
-2.307700e-05
6.828811e-04
-2.062482e-03
-2.917256e-05
1.432659e-03
-2.388589e-05
6.828811e-04
-1.648337e-04
-1.059634e-04
-1.648367e-05
-3.956003e-04
6.828811e-04
-9.890033e-05
-3.296670e-04
-9.890033e-05
-1.554134e-04
6.828811e-04
-1.648337e-04
-1.059634e-04
-1.648367e-05
-3.956003e-04
6.828811e-04
-4.323334e-04
-2.967033e-05
-1.978003e-04
-2.307700e-05
6.828811e-04
-1.648337e-04
-1.059634e-04
-1.648367e-05
-3.956003e-04
6.828811e-04
-5.274670e-04
-3.297000e-06
-8.618342e-05
-6.593367e-05
6.828811e-04
-5.274670e-04
-3.297000e-06
-8.618342e-05
-6.593367e-05
6.828811e-04
-9.890033e-05
-3.296670e-04
-9.890033e-05
-1.554134e-04
6.828811e-04
-1.648337e-04
-1.059634e-04
-1.648367e-05
-3.956003e-04
6.828811e-04
-9.890033e-05
-3.296670e-04
-9.890033e-05
-1.554134e-04
6.828811e-04
-5.274670e-04
-3.297000e-06
-8.618342e-05
-6.593367e-05
6.828811e-04
-5.274670e-04
-3.297000e-06
-8.618342e-05
-6.593367e-05
6.828811e-04
-5.274670e-04
-3.297000e-06
-8.618342e-05
-6.593367e-05
6.828811e-04
-5.274670e-04
-3.297000e-06
-8.618342e-05
-6.593367e-05
6.828811e-04
-1.648337e-04
-1.059634e-04
-1.648367e-05
-3.956003e-04
6.828811e-04
-4.323334e-04
-2.967033e-05
-1.978003e-04
-2.307700e-05
6.828811e-04
-9.890033e-05
-3.296670e-04
-9.890033e-05
-1.554134e-04
6.828811e-04
-9.890033e-05
-3.296670e-04
-9.890033e-05
-1.554134e-04
6.828811e-04
-4.323334e-04
-2.967033e-05
-1.978003e-04
-2.307700e-05
6.828811e-04
-4.323334e-04
-2.967033e-05
-1.978003e-04
-2.307700e-05
6.828811e-04
-4.323334e-04
-2.967033e-05
-1.978003e-04
-2.307700e-05
6.828811e-04
-1.648337e-04
-1.059634e-04
-1.648367e-05
-3.956003e-04
6.828811e-04
-4.323334e-04
-2.967033e-05
-1.978003e-04
-2.307700e-05
6.828811e-04
-5.274670e-04
-3.297000e-06
-8.618342e-05
-6.593367e-05
6.828811e-04
-1.648337e-04
-1.059634e-04
-1.648367e-05
-3.956003e-04
6.828811e-04
-9.890033e-05
-3.296670e-04
-9.890033e-05
-1.554134e-04
6.828811e-04
-1.645420e-04
-2.360431e-03
-1.684825e-05
1.858940e-03
6.828811e-04
-1.648337e-04
-1.059634e-04
-1.648367e-05
-3.956003e-04
6.828811e-04
-4.323334e-04
-2.967033e-05
-1.978003e-04
-2.307700e-05
6.828811e-04
-5.274670e-04
-3.297000e-06
-8.618342e-05
-6.593367e-05
6.828811e-04
1.409173e-03
-3.903667e-06
-2.023202e-03
-6.494783e-05
6.828811e-04
-1.648337e-04
-1.059634e-04
-1.648367e-05
-3.956003e-04
6.828811e-04
2.512131e-03
-2.964488e-05
-3.142249e-03
-2.311836e-05
-3.330000e-08
-1.005667e-04
3.590797e-04
-9.906667e-05
-1.594131e-04
-3.330000e-08
-1.658333e-04
-1.092964e-04
-1.748333e-05
2.926464e-04
-3.330000e-08
-1.647444e-04
7.806445e-05
-1.884444e-05
1.055577e-04
-3.330000e-08
-1.005667e-04
-9.490851e-04
-9.906667e-05
1.148752e-03
-3.330000e-08
5.463030e-04
-3.936667e-06
-4.767189e-04
-6.561417e-05
4.805502e-04
-9.726754e-05
-3.242231e-04
-9.726754e-05
3.820802e-05
4.805502e-04
-9.726754e-05
-3.242231e-04
-9.726754e-05
3.820802e-05
4.805502e-04
-5.187564e-04
-3.243100e-06
1.062947e-04
-6.484532e-05
4.805502e-04
-5.187564e-04
-3.243100e-06
1.062947e-04
-6.484532e-05
-3.330000e-08
-1.795260e-03
5.198882e-04
1.309234e-03
-3.382917e-05
-3.330000e-08
-1.368256e-03
-2.936333e-05
1.421949e-03
-2.429583e-05
-3.330000e-08
-4.711229e-03
-2.978000e-05
4.764662e-03
-2.361875e-05
-3.330000e-08
2.176689e-03
-7.915518e-03
-5.411667e-05
5.792979e-03
-3.330000e-08
1.226181e-03
-2.978000e-05
-1.172749e-03
-2.361875e-05
-3.330000e-08
1.292056e-03
-8.808639e-04
-2.147778e-05
-3.896811e-04
-3.330000e-08
-2.911466e-04
5.186882e-04
-1.956292e-04
-3.187917e-05
-3.330000e-08
-3.880505e-03
-3.355455e-06
3.950452e-03
-6.655864e-05
-3.330000e-08
-2.911466e-04
5.186882e-04
-1.956292e-04
-3.187917e-05
5.574048e-05
-1.653127e-04
5.228540e-04
-1.653149e-05
-3.967502e-04
5.574048e-05
-1.653127e-04
5.228540e-04
-1.653149e-05
-3.967502e-04
5.574048e-05
1.955352e-04
-2.975649e-05
-1.983752e-04
-2.314399e-05
5.574048e-05
-5.290002e-04
-3.306487e-06
5.426915e-04
-6.612524e-05
5.574048e-05
-1.653127e-04
5.228540e-04
-1.653149e-05
-3.967502e-04
5.574048e-05
1.955352e-04
-2.975649e-05
-1.983752e-04
-2.314399e-05
5.574048e-05
-5.290002e-04
-3.306487e-06
5.426915e-04
-6.612524e-05
5.574048e-05
-5.290002e-04
-3.306487e-06
5.426915e-04
-6.612524e-05
5.574048e-05
1.955352e-04
-2.975649e-05
-1.983752e-04
-2.314399e-05
5.574048e-05
-3.487247e-04
5.189017e-04
-1.942044e-04
-3.171315e-05
5.574048e-05
-1.653127e-04
5.228540e-04
-1.653149e-05
-3.967502e-04
5.574048e-05
1.955352e-04
-2.975649e-05
-1.983752e-04
-2.314399e-05
5.574048e-05
3.456515e-03
-2.905427e-05
-3.458916e-03
-2.428510e-05
5.574048e-05
1.955352e-04
-2.975649e-05
-1.983752e-04
-2.314399e-05
5.574048e-05
1.955352e-04
-2.975649e-05
-1.983752e-04
-2.314399e-05
5.574048e-05
-9.985440e-05
4.102081e-04
-9.835440e-05
-2.677398e-04
5.574048e-05
-5.290002e-04
-3.306487e-06
5.426915e-04
-6.612524e-05
5.574048e-05
1.955352e-04
-2.975649e-05
-1.983752e-04
-2.314399e-05
5.574048e-05
1.955352e-04
-2.975649e-05
-1.983752e-04
-2.314399e-05
5.574048e-05
-1.653127e-04
5.228540e-04
-1.653149e-05
-3.967502e-04
5.574048e-05
1.955352e-04
-2.975649e-05
-1.983752e-04
-2.314399e-05
5.574048e-05
1.955352e-04
-2.975649e-05
-1.983752e-04
-2.314399e-05
5.574048e-05
-5.290002e-04
-3.306487e-06
5.426915e-04
-6.612524e-05
5.574048e-05
1.955352e-04
-2.975649e-05
-1.983752e-04
-2.314399e-05
5.574048e-05
-9.918774e-05
-3.306252e-04
-9.918774e-05
4.732602e-04
5.574048e-05
-9.918774e-05
-3.306252e-04
-9.918774e-05
4.732602e-04
5.574048e-05
-9.918774e-05
-3.306252e-04
-9.918774e-05
4.732602e-04
5.574048e-05
1.955352e-04
-2.975649e-05
-1.983752e-04
-2.314399e-05
5.574048e-05
-1.631294e-04
1.354483e-03
-1.926065e-05
-1.227834e-03
5.574048e-05
-9.918774e-05
-3.306252e-04
-9.918774e-05
4.732602e-04
5.574048e-05
1.955352e-04
-2.975649e-05
-1.983752e-04
-2.314399e-05
-3.330000e-08
1.300362e-03
-3.446667e-06
-1.230471e-03
-6.641042e-05
-3.330000e-08
-7.827809e-03
8.054561e-03
-1.963778e-04
-3.034111e-05
-3.330000e-08
-3.018815e-03
-3.327105e-04
-9.999545e-05
3.451554e-03
-3.330000e-08
1.483351e-03
-2.978000e-05
-1.429919e-03
-2.361875e-05
-3.330000e-08
-6.057220e-04
-3.936667e-06
6.753062e-04
-6.561417e-05
-3.330000e-08
-1.005667e-04
-9.490851e-04
-9.906667e-05
1.148752e-03
-3.330000e-08
-1.889941e-04
5.873618e-04
-3.363889e-05
-3.646956e-04
-3.330000e-08
-3.880505e-03
-3.355455e-06
3.950452e-03
-6.655864e-05
-3.330000e-08
-2.099109e-03
-2.978000e-05
2.152541e-03
-2.361875e-05
-3.330000e-08
7.350997e-04
-3.596667e-06
-6.653031e-04
-6.616667e-05
-3.330000e-08
4.053513e-04
-4.298889e-06
-3.359936e-04
-6.502556e-05
-3.330000e-08
-1.079889e-04
-3.268400e-04
9.013626e-04
-4.665004e-04
-3.330000e-08
2.827947e-03
-2.604619e-03
-1.996250e-04
-2.366955e-05
-3.330000e-08
-1.652556e-04
9.594112e-04
-1.820556e-05
-7.759168e-04
-3.330000e-08
-1.215098e-03
-2.926778e-05
1.268851e-03
-2.445111e-05
-3.330000e-08
-1.005667e-04
-4.800700e-04
-9.906667e-05
6.797366e-04
-3.330000e-08
-1.649833e-04
-4.992772e-04
-1.854583e-05
6.828397e-04
-3.330000e-08
-1.029875e-04
-3.306488e-04
-3.911592e-05
4.727855e-04
-3.330000e-08
-1.534228e-03
-3.936667e-06
1.603812e-03
-6.561417e-05
-3.330000e-08
-1.534228e-03
-3.936667e-06
1.603812e-03
-6.561417e-05
-3.330000e-08
-6.872515e-03
7.126801e-03
-1.702681e-04
-8.398472e-05
-3.330000e-08
-1.016556e-04
1.138635e-03
-9.770556e-05
-9.392405e-04
-3.330000e-08
-1.001917e-04
-1.941813e-03
-9.953542e-05
2.141573e-03
-3.330000e-08
-2.073620e-03
-2.926778e-05
2.127373e-03
-2.445111e-05
-3.330000e-08
-2.685467e-03
-2.978000e-05
2.738899e-03
-2.361875e-05
-3.330000e-08
-1.029875e-04
-3.306488e-04
2.838087e-03
-2.404417e-03
-3.330000e-08
1.579797e-04
-3.596667e-06
-8.818308e-05
-6.616667e-05
-3.330000e-08
-1.003750e-04
2.606507e-03
-9.930625e-05
-2.406792e-03
-3.330000e-08
-1.066141e-03
-2.909667e-05
1.120001e-03
-2.472917e-05
-3.330000e-08
-3.793780e-03
-4.032222e-06
3.863304e-03
-6.545889e-05
-3.330000e-08
1.389961e-05
2.136420e-04
-1.956292e-04
-3.187917e-05
-3.330000e-08
-5.284667e-04
-6.630000e-06
1.220982e-03
-6.858518e-04
-3.330000e-08
-1.016556e-04
1.040982e-04
-9.770556e-05
9.529624e-05
-3.330000e-08
-7.942192e-03
8.202230e-03
-1.648139e-04
-9.519056e-05
-3.330000e-08
-1.113111e-04
-3.243100e-04
2.224639e-03
-1.788985e-03
-3.330000e-08
-5.291333e-04
1.327495e-03
-7.283948e-04
-6.993333e-05
-3.330000e-08
5.030479e-04
-2.748135e-04
-1.949722e-04
-3.322889e-05
-3.330000e-08
7.350997e-04
-3.596667e-06
-6.653031e-04
-6.616667e-05
1.047441e-03
-8.082253e-04
-2.832932e-05
-1.888518e-04
-2.203432e-05
1.047441e-03
-5.036018e-04
-3.149325e-06
-4.777378e-04
-6.295182e-05
1.047441e-03
-5.036018e-04
-3.149325e-06
-4.777378e-04
-6.295182e-05
1.047441e-03
-1.573768e-04
-4.966228e-04
-1.573932e-05
-3.777018e-04
1.047441e-03
-1.569018e-04
-3.436129e-03
-1.633307e-05
2.561923e-03
1.047441e-03
-8.082253e-04
-2.832932e-05
-1.888518e-04
-2.203432e-05
-2.501316e-03
-1.439799e-04
-9.240250e-07
2.664239e-03
-1.801875e-05
-2.501316e-03
2.569768e-03
-8.121803e-06
-5.400764e-05
-6.322358e-06
-2.501316e-03
-1.439799e-04
-9.240250e-07
2.664239e-03
-1.801875e-05
-3.330000e-08
1.629190e-02
7.080728e-03
-2.321533e-02
-1.572589e-04
-3.330000e-08
-1.799566e-02
9.707487e-03
3.791669e-03
4.496541e-03
-3.330000e-08
-1.655500e-04
-4.444790e-03
-1.783750e-05
4.628211e-03
-3.330000e-08
4.610324e-03
-2.560675e-02
-2.634097e-05
2.102280e-02
-3.330000e-08
-2.099109e-03
-2.978000e-05
2.152541e-03
-2.361875e-05
-3.330000e-08
-8.259897e-04
-2.936333e-05
8.796822e-04
-2.429583e-05
-3.330000e-08
-2.287853e-03
2.512930e-03
-1.979667e-04
-2.707667e-05
-3.330000e-08
-1.001800e-04
8.600889e-04
-9.955000e-05
-6.603256e-04
-3.330000e-08
-2.896299e-04
-3.687083e-05
-1.975250e-04
5.240591e-04
-2.610244e-04
5.074359e-04
-2.918088e-05
-1.945342e-04
-2.269643e-05
-3.330000e-08
-1.001917e-04
8.151847e-03
-9.953542e-05
-7.952087e-03
-3.330000e-08
-6.987991e-04
9.748191e-04
-1.496583e-04
-1.263283e-04
-3.330000e-08
1.446528e-03
-1.034643e-03
-2.082083e-05
-3.910308e-04
-3.330000e-08
-1.036542e-04
1.003476e-03
-3.828258e-05
-8.615059e-04
-3.330000e-08
3.260353e-04
-2.936333e-05
-2.723429e-04
-2.429583e-05
-3.330000e-08
-1.649833e-04
3.322704e-04
-1.854583e-05
-1.487080e-04
-1.372468e-03
8.031104e-03
-4.021290e-06
-6.589314e-03
-6.530116e-05
-1.372468e-03
-1.875830e-02
-2.163796e-05
2.018908e-02
-3.667408e-05
-1.372468e-03
-3.285448e-02
2.722027e-02
-1.006592e-04
7.107337e-03
-3.330000e-08
-1.749160e-02
-2.886722e-05
1.754560e-02
-2.510201e-05
-3.330000e-08
-1.066889e-04
-3.898387e-03
-9.141389e-05
4.096523e-03
-3.330000e-08
-1.649833e-04
-3.084149e-03
-1.854583e-05
3.267712e-03
-3.330000e-08
-1.365802e-02
-2.073744e-05
1.371711e-02
-3.831290e-05
-3.330000e-08
1.818555e-03
-2.936333e-05
-1.764863e-03
-2.429583e-05
-3.330000e-08
-2.367637e-03
2.783109e-03
-1.742000e-05
-3.980180e-04
-3.330000e-08
-1.649833e-04
-4.992772e-04
-1.854583e-05
6.828397e-04
-3.330000e-08
-1.662200e-04
-7.597274e-04
-1.700000e-05
9.429807e-04
-3.330000e-08
9.354116e-04
-4.032222e-06
-8.658872e-04
-6.545889e-05
-3.330000e-08
-5.284667e-04
-6.630000e-06
-1.941036e-03
2.476166e-03
-3.330000e-08
-3.178700e-04
4.080689e-05
-1.931667e-05
2.964131e-04
-3.330000e-08
-1.663375e-04
6.348087e-04
-1.685312e-05
-4.515848e-04
-3.330000e-08
5.557940e-06
-2.936333e-05
4.813453e-05
-2.429583e-05
-3.330000e-08
-1.658333e-04
-6.864164e-04
-1.748333e-05
8.697664e-04
-3.330000e-08
2.333742e-03
-5.972222e-06
-2.265430e-03
-6.230639e-05
-3.330000e-08
-1.658333e-04
-1.092964e-04
-1.748333e-05
2.926464e-04
-3.330000e-08
-2.073620e-03
-2.926778e-05
2.127373e-03
-2.445111e-05
-3.330000e-08
-4.376664e-04
-2.970333e-05
4.911464e-04
-2.374333e-05
-3.330000e-08
-1.005667e-04
-9.490851e-04
-9.906667e-05
1.148752e-03
-3.330000e-08
-3.569759e-03
-4.032222e-06
3.639283e-03
-6.545889e-05
-3.330000e-08
6.226094e-04
-2.368889e-04
-4.563194e-05
-3.400553e-04
-3.330000e-08
-4.376664e-04
-2.970333e-05
4.911464e-04
-2.374333e-05
-3.330000e-08
-6.429224e-03
-2.897444e-05
6.483160e-03
-2.492778e-05
-3.330000e-08
1.300362e-03
-3.446667e-06
-1.230471e-03
-6.641042e-05
-3.330000e-08
-1.662083e-04
-1.671684e-03
-1.701458e-05
1.854940e-03
-3.330000e-08
-1.796999e-03
-3.442000e-06
1.866893e-03
-6.641800e-05
-3.330000e-08
-1.016556e-04
1.138635e-03
-9.770556e-05
-9.392405e-04
-3.330000e-08
-3.436278e-03
-3.355455e-06
3.506226e-03
-6.655864e-05
-3.330000e-08
-1.662083e-04
2.639465e-03
-1.701458e-05
-2.456208e-03
-3.330000e-08
3.975313e-03
-3.560963e-03
-1.848333e-05
-3.958333e-04
-3.330000e-08
4.700181e-04
-3.827778e-06
-4.003660e-04
-6.579111e-05
-3.330000e-08
7.978022e-03
1.097604e-04
-9.957222e-05
-7.988177e-03
-3.330000e-08
-1.005667e-04
1.001125e-03
-9.906667e-05
-8.014581e-04
-3.330000e-08
-3.011000e-04
-3.395000e-06
3.710226e-04
-6.649437e-05
-3.330000e-08
-1.647444e-04
3.840340e-03
-1.884444e-05
-3.656717e-03
7.976570e-05
-5.322909e-04
-3.326850e-06
5.223885e-04
-6.653640e-05
7.976570e-05
1.730726e-04
-2.994140e-05
-1.996091e-04
-2.328776e-05
7.976570e-05
-9.980458e-05
-3.326819e-04
-9.980458e-05
4.525253e-04
7.976570e-05
-5.322909e-04
-3.326850e-06
5.223885e-04
-6.653640e-05
7.976570e-05
-1.663409e-04
5.024276e-04
-1.663412e-05
-3.992182e-04
7.976570e-05
-9.980458e-05
-3.326819e-04
-9.980458e-05
4.525253e-04
7.976570e-05
-5.322909e-04
-3.326850e-06
5.223885e-04
-6.653640e-05
7.976570e-05
-1.663409e-04
5.024276e-04
-1.663412e-05
-3.992182e-04
7.976570e-05
1.730726e-04
-2.994140e-05
-1.996091e-04
-2.328776e-05
7.976570e-05
-9.980458e-05
-3.326819e-04
-9.980458e-05
4.525253e-04
7.976570e-05
1.730726e-04
-2.994140e-05
-1.996091e-04
-2.328776e-05
7.976570e-05
-9.980458e-05
-3.326819e-04
-9.980458e-05
4.525253e-04
7.976570e-05
1.730726e-04
-2.994140e-05
-1.996091e-04
-2.328776e-05
7.976570e-05
1.730726e-04
-2.994140e-05
-1.996091e-04
-2.328776e-05
7.976570e-05
-5.322909e-04
-3.326850e-06
5.223885e-04
-6.653640e-05
7.976570e-05
-1.663409e-04
5.024276e-04
-1.663412e-05
-3.992182e-04
7.976570e-05
1.730726e-04
-2.994140e-05
-1.996091e-04
-2.328776e-05
7.976570e-05
-5.322909e-04
-3.326850e-06
5.223885e-04
-6.653640e-05
7.976570e-05
-1.663409e-04
5.024276e-04
-1.663412e-05
-3.992182e-04
7.976570e-05
-9.980458e-05
-3.326819e-04
-9.980458e-05
4.525253e-04
7.976570e-05
-5.322909e-04
-3.326850e-06
5.223885e-04
-6.653640e-05
7.976570e-05
-1.663409e-04
5.024276e-04
-1.663412e-05
-3.992182e-04
7.976570e-05
-9.980458e-05
-3.326819e-04
-9.980458e-05
4.525253e-04
7.976570e-05
-9.980458e-05
-3.326819e-04
-9.980458e-05
4.525253e-04
7.976570e-05
-9.980458e-05
-3.326819e-04
-9.980458e-05
4.525253e-04
7.976570e-05
-9.980458e-05
-3.326819e-04
-9.980458e-05
4.525253e-04
7.976570e-05
-1.663409e-04
5.024276e-04
-1.663412e-05
-3.992182e-04
7.976570e-05
-5.322909e-04
-3.326850e-06
5.223885e-04
-6.653640e-05
7.976570e-05
-1.658659e-04
-2.437079e-03
-1.722787e-05
2.540407e-03
7.976570e-05
-1.663409e-04
5.024276e-04
-1.663412e-05
-3.992182e-04
7.976570e-05
-9.980458e-05
-3.326819e-04
-9.980458e-05
4.525253e-04
7.976570e-05
-5.322909e-04
-3.326850e-06
5.223885e-04
-6.653640e-05
7.976570e-05
-9.980458e-05
-3.326819e-04
-9.980458e-05
4.525253e-04
7.976570e-05
1.730726e-04
-2.994140e-05
-1.996091e-04
-2.328776e-05
7.976570e-05
-1.663409e-04
5.024276e-04
-1.663412e-05
-3.992182e-04
7.976570e-05
-9.980458e-05
-3.326819e-04
-9.980458e-05
4.525253e-04
7.976570e-05
-5.322909e-04
-3.326850e-06
5.223885e-04
-6.653640e-05
-1.578000e-04
-5.313682e-04
-3.638700e-06
3.672193e-03
-2.979386e-03
-1.578000e-04
-5.317819e-04
-3.323700e-06
7.593783e-04
-6.647279e-05
-1.578000e-04
-9.970915e-05
-3.323637e-04
-9.970915e-05
6.895820e-04
-1.578000e-04
-1.661819e-04
7.394365e-04
-1.661825e-05
-3.988364e-04
-1.578000e-04
-9.970915e-05
-3.323637e-04
-9.970915e-05
6.895820e-04
-1.578000e-04
-1.661819e-04
7.394365e-04
-1.661825e-05
-3.988364e-04
-1.578000e-04
-9.970915e-05
-3.323637e-04
-9.970915e-05
6.895820e-04
-1.578000e-04
-1.661819e-04
7.394365e-04
-1.661825e-05
-3.988364e-04
-1.578000e-04
-9.970915e-05
-3.323637e-04
-9.970915e-05
6.895820e-04
-1.578000e-04
4.103965e-04
-2.991279e-05
-1.994182e-04
-2.326552e-05
-1.578000e-04
-5.317819e-04
-3.323700e-06
7.593783e-04
-6.647279e-05
-1.578000e-04
-5.317819e-04
-3.323700e-06
7.593783e-04
-6.647279e-05
-1.578000e-04
-9.970915e-05
-3.323637e-04
-9.970915e-05
6.895820e-04
-1.578000e-04
4.103965e-04
-2.991279e-05
-1.994182e-04
-2.326552e-05
-1.578000e-04
-5.317819e-04
-3.323700e-06
7.593783e-04
-6.647279e-05
-1.578000e-04
4.103965e-04
-2.991279e-05
-1.994182e-04
-2.326552e-05
-1.578000e-04
-1.661819e-04
7.394365e-04
-1.661825e-05
-3.988364e-04
-1.578000e-04
-1.661819e-04
7.394365e-04
-1.661825e-05
-3.988364e-04
-1.578000e-04
4.103965e-04
-2.991279e-05
-1.994182e-04
-2.326552e-05
-1.578000e-04
-5.317819e-04
-3.323700e-06
7.593783e-04
-6.647279e-05
-1.578000e-04
4.103965e-04
-2.991279e-05
-1.994182e-04
-2.326552e-05
-1.578000e-04
-9.970915e-05
-3.323637e-04
-9.970915e-05
6.895820e-04
-1.578000e-04
-1.661819e-04
7.394365e-04
-1.661825e-05
-3.988364e-04
-1.578000e-04
-9.970915e-05
-3.323637e-04
-9.970915e-05
6.895820e-04
-1.578000e-04
-5.317819e-04
-3.323700e-06
7.593783e-04
-6.647279e-05
-1.578000e-04
4.103965e-04
-2.991279e-05
-1.994182e-04
-2.326552e-05
-1.160826e-03
-5.312728e-04
-3.320550e-06
1.761829e-03
-6.640919e-05
-1.160826e-03
-1.660228e-04
1.741906e-03
-1.660237e-05
-3.984546e-04
-1.160826e-03
-1.660228e-04
1.741906e-03
-1.660237e-05
-3.984546e-04
-1.160826e-03
-9.961373e-05
-3.320456e-04
-9.961373e-05
1.692099e-03
-1.160826e-03
-5.312728e-04
-3.320550e-06
1.761829e-03
-6.640919e-05
-1.160826e-03
-5.312728e-04
-3.320550e-06
1.761829e-03
-6.640919e-05
-1.160826e-03
-5.312728e-04
-3.320550e-06
1.761829e-03
-6.640919e-05
-1.160826e-03
1.413181e-03
-2.988419e-05
-1.992274e-04
-2.324328e-05
-1.160826e-03
-5.312728e-04
-3.320550e-06
1.761829e-03
-6.640919e-05
-1.160826e-03
-1.660228e-04
1.741906e-03
-1.660237e-05
-3.984546e-04
-1.160826e-03
-9.961373e-05
-3.320456e-04
-9.961373e-05
1.692099e-03
-1.160826e-03
-1.660228e-04
1.741906e-03
-1.660237e-05
-3.984546e-04
-1.160826e-03
-9.961373e-05
-3.320456e-04
-9.961373e-05
1.692099e-03
-1.160826e-03
-1.660228e-04
1.741906e-03
-1.660237e-05
-3.984546e-04
-1.160826e-03
-9.961373e-05
-3.320456e-04
-9.961373e-05
1.692099e-03
-1.160826e-03
-5.312728e-04
-3.320550e-06
1.761829e-03
-6.640919e-05
-1.160826e-03
-5.312728e-04
-3.320550e-06
1.761829e-03
-6.640919e-05
-1.160826e-03
-1.660228e-04
1.741906e-03
-1.660237e-05
-3.984546e-04
-1.160826e-03
-9.961373e-05
-3.320456e-04
-9.961373e-05
1.692099e-03
-1.160826e-03
1.413181e-03
-2.988419e-05
-1.992274e-04
-2.324328e-05
8.865328e-04
-9.880605e-05
-3.293526e-04
-9.880605e-05
-3.595680e-04
8.865328e-04
-1.646765e-04
-3.101652e-04
-1.646798e-05
-3.952231e-04
-1.688702e-03
-9.871062e-05
-3.290345e-04
-9.871062e-05
2.215158e-03
-1.688702e-03
-5.264549e-04
-3.290738e-06
2.284255e-03
-6.580721e-05
-1.688702e-03
-5.264549e-04
-3.290738e-06
2.284255e-03
-6.580721e-05
