-4.200000e-08
4.413222e-04
-3.570225e-05
-3.727691e-04
-3.280884e-05
-4.200000e-08
-1.383109e-02
-3.443671e-04
-1.509339e-04
1.432643e-02
-4.200000e-08
7.248915e-03
-6.966893e-03
-2.514500e-04
-3.053000e-05
-4.200000e-08
5.530505e-03
-3.772000e-05
-5.463213e-03
-2.953000e-05
-4.200000e-08
-1.965818e-04
1.306912e-03
-3.777273e-05
-1.072515e-03
-4.200000e-08
-2.077636e-04
8.303857e-04
-2.379545e-05
-5.987846e-04
-4.200000e-08
1.777275e-03
-3.723840e-05
-1.709682e-03
-3.031260e-05
-4.200000e-08
1.771441e-03
-4.761600e-06
-1.683550e-03
-8.308740e-05
-4.200000e-08
-1.351260e-04
-4.130502e-04
-1.110122e-03
1.658340e-03
-4.200000e-08
-4.226196e-03
4.508487e-03
-2.511946e-04
-3.105464e-05
-4.200000e-08
-6.010248e-03
-6.525301e-05
-1.383674e-04
6.213910e-03
-4.200000e-08
-5.115995e-03
5.398286e-03
-2.511946e-04
-3.105464e-05
-4.200000e-08
-7.017770e-04
-4.754286e-06
7.896725e-04
-8.309929e-05
-4.200000e-08
-1.205680e-02
-3.732870e-05
1.212434e-02
-3.016587e-05
-4.200000e-08
1.038995e-03
-1.076423e-03
-2.235000e-05
5.982011e-05
-4.200000e-08
4.346905e-03
9.934773e-04
-1.256893e-04
-5.214651e-03
-4.200000e-08
-2.802732e-04
-3.772000e-05
3.475652e-04
-2.953000e-05
-4.200000e-08
-3.876333e-04
-5.094545e-06
4.753162e-04
-8.254636e-05
-4.200000e-08
-7.717046e-04
-5.094545e-06
8.593875e-04
-8.254636e-05
-4.200000e-08
-7.717046e-04
-5.094545e-06
8.593875e-04
-8.254636e-05
-4.200000e-08
-1.451520e-04
-4.431304e-06
2.332495e-04
-8.362413e-05
-4.200000e-08
-2.442012e-04
-4.280000e-06
3.323932e-04
-8.387000e-05
-4.200000e-08
5.530505e-03
-3.772000e-05
-5.463213e-03
-2.953000e-05
-4.200000e-08
2.478794e-04
-4.418820e-05
-2.498940e-04
4.624477e-05
-4.200000e-08
-2.077636e-04
-2.621529e-05
-2.379545e-05
2.578164e-04
-4.200000e-08
1.030246e-04
-3.690545e-05
-3.522349e-05
-3.085364e-05
-4.200000e-08
-2.080177e-04
5.549468e-04
-2.347783e-05
-3.234092e-04
-4.200000e-08
1.076157e-03
-3.723840e-05
-1.008564e-03
-3.031260e-05
-4.200000e-08
-4.935966e-05
6.356959e-04
-3.402283e-05
-5.522714e-04
-4.200000e-08
4.258401e-03
-3.737431e-03
-2.486100e-05
-4.960674e-04
-4.200000e-08
-6.954135e-04
-4.431304e-06
7.835109e-04
-8.362413e-05
-4.200000e-08
2.644509e-03
-2.123539e-03
-2.486100e-05
-4.960674e-04
-4.200000e-08
-6.717342e-03
-3.443040e-05
6.786690e-03
-3.487560e-05
-4.200000e-08
-9.582566e-03
7.472164e-03
-2.035620e-04
2.314006e-03
-4.200000e-08
-1.442543e-03
-3.723840e-05
1.510136e-03
-3.031260e-05
-4.200000e-08
-1.449335e-03
-2.796000e-05
1.522727e-03
-4.539000e-05
-4.200000e-08
3.166826e-04
2.042878e-04
-2.486100e-05
-4.960674e-04
-4.200000e-08
-2.009239e-03
2.294752e-03
-2.481390e-04
-3.733260e-05
-4.200000e-08
-2.085960e-04
5.080316e-04
-2.275500e-05
-2.766386e-04
-4.200000e-08
5.923776e-04
-3.723840e-05
-5.247846e-04
-3.031260e-05
-4.200000e-08
-2.011153e-04
3.399768e-03
-3.210591e-05
-3.166504e-03
-4.200000e-08
-5.287486e-04
-5.094545e-06
6.164315e-04
-8.254636e-05
-4.200000e-08
-1.274040e-04
-4.342352e-04
-1.242450e-04
6.859262e-04
-4.200000e-08
5.274374e-04
-1.046182e-05
-4.431091e-04
-7.382455e-05
-4.200000e-08
-2.291808e-04
5.146944e-04
-2.481390e-04
-3.733260e-05
-4.200000e-08
4.011601e-04
-3.723840e-05
-3.335671e-04
-3.031260e-05
-4.200000e-08
1.505488e-03
-7.112291e-06
-1.419067e-03
-7.926753e-05
-4.200000e-08
1.153246e-04
1.726029e-04
-2.458500e-04
-4.203545e-05
-4.200000e-08
-2.235749e-05
-4.190900e-04
-1.263000e-04
5.677895e-04
-4.200000e-08
-1.158552e-04
-4.761600e-06
2.037462e-04
-8.308740e-05
-4.200000e-08
-5.422363e-03
5.946825e-03
-2.155000e-05
-5.028700e-04
-4.200000e-08
-1.261083e-04
-5.567131e-03
-1.258646e-04
5.819146e-03
-4.200000e-08
-5.115995e-03
5.398286e-03
-2.511946e-04
-3.105464e-05
-4.200000e-08
6.654107e-04
-4.280000e-06
-5.772187e-04
-8.387000e-05
-4.200000e-08
1.742090e-03
-4.761600e-06
-1.654199e-03
-8.308740e-05
-4.200000e-08
-1.074568e-04
3.894788e-04
-2.514500e-04
-3.053000e-05
-4.200000e-08
1.354820e-03
-4.280000e-06
-1.266628e-03
-8.387000e-05
-4.200000e-08
-5.883263e-03
-4.280000e-06
5.971455e-03
-8.387000e-05
-4.200000e-08
-8.740787e-03
-4.243333e-06
8.829002e-03
-8.392958e-05
-4.200000e-08
-1.375954e-04
-4.761600e-06
2.254864e-04
-8.308740e-05
-4.200000e-08
3.426555e-04
-3.756870e-05
-2.752689e-04
-2.977587e-05
-4.200000e-08
2.000296e-04
8.548398e-05
-2.481390e-04
-3.733260e-05
-4.200000e-08
-1.262000e-04
9.178007e-04
-1.257500e-04
-6.658087e-04
-4.200000e-08
-1.274040e-04
-1.174177e-03
-1.242450e-04
1.425868e-03
-4.200000e-08
-1.405364e-04
-4.089300e-04
1.445593e-05
5.350524e-04
-4.200000e-08
-9.644449e-04
-4.431304e-06
1.052542e-03
-8.362413e-05
-4.200000e-08
-2.659533e-04
-3.134202e-04
3.985273e-03
-3.405858e-03
-4.200000e-08
-1.158552e-04
-4.761600e-06
2.037462e-04
-8.308740e-05
-4.200000e-08
1.544015e-04
-4.761600e-06
-6.651047e-05
-8.308740e-05
-4.200000e-08
9.851757e-04
-5.323200e-06
-8.976357e-04
-8.217480e-05
-4.200000e-08
-5.321217e-04
-3.511636e-05
6.010410e-04
-3.376091e-05
-4.200000e-08
-4.952324e-03
5.241909e-03
-2.442780e-04
-4.526520e-05
-4.200000e-08
-2.077636e-04
5.624210e-04
-2.379545e-05
-3.308199e-04
-4.200000e-08
-1.451520e-04
-4.431304e-06
2.332495e-04
-8.362413e-05
-4.200000e-08
-5.394975e-04
-4.280000e-06
6.276895e-04
-8.387000e-05
-4.200000e-08
-5.037399e-04
-5.094545e-06
5.914228e-04
-8.254636e-05
-4.200000e-08
1.664203e-03
-4.761600e-06
-1.576312e-03
-8.308740e-05
-4.200000e-08
-1.262929e-04
3.097695e-03
-1.256339e-04
-2.845726e-03
-1.905210e-03
2.075814e-03
-1.124807e-04
-4.006576e-05
-1.805759e-05
-1.905210e-03
1.963809e-03
-6.961521e-06
-4.621576e-05
-5.422139e-06
-1.905210e-03
1.943604e-03
-1.066438e-04
8.721962e-05
-1.897019e-05
-4.200000e-08
-9.243775e-04
-3.187113e-05
9.953250e-04
-3.903442e-05
-4.200000e-08
1.923076e-04
-3.723840e-05
-1.247146e-04
-3.031260e-05
1.831326e-03
-1.709190e-03
-2.893949e-05
-6.933622e-05
-2.385994e-05
1.831326e-03
-1.582256e-03
-2.950109e-05
-1.966216e-04
-2.294734e-05
1.831326e-03
-1.582256e-03
-2.950109e-05
-1.966216e-04
-2.294734e-05
2.561838e-03
-1.129093e-02
-3.823671e-06
8.795169e-03
-6.225801e-05
2.561838e-03
8.590178e-03
-2.840917e-05
-1.110130e-02
-2.230656e-05
2.561838e-03
-1.141786e-02
-3.262071e-06
8.922455e-03
-6.317061e-05
1.103280e-04
-5.716392e-04
-5.919593e-06
5.469202e-04
-7.968943e-05
1.103280e-04
2.035389e-04
-3.716890e-05
-2.477887e-04
-2.890930e-05
1.103280e-04
-1.756521e-03
-3.157297e-05
1.715768e-03
-3.800268e-05
1.103280e-04
-1.034764e-03
-3.034548e-05
9.947784e-04
-3.999736e-05
1.103280e-04
2.035389e-04
-3.716890e-05
-2.477887e-04
-2.890930e-05
1.103280e-04
1.388420e-03
-1.151552e-05
-1.416637e-03
-7.059605e-05
-1.831200e-03
1.901456e-03
-8.340914e-06
-5.542041e-05
-6.494660e-06
-1.831200e-03
1.820967e-03
-7.779314e-06
2.541916e-05
-7.407260e-06
-1.831200e-03
-1.477331e-04
-9.558960e-07
1.998384e-03
-1.849531e-05
-4.200000e-08
-1.451520e-04
-4.431304e-06
2.332495e-04
-8.362413e-05
-4.200000e-08
-1.274040e-04
-6.903978e-04
-1.242450e-04
9.420888e-04
-7.317735e-03
-6.711334e-04
-4.194637e-06
8.076955e-03
-8.389172e-05
-4.200000e-08
-2.094217e-04
1.062166e-03
-2.172283e-05
-8.309792e-04
-4.200000e-08
-1.282364e-04
1.103844e-03
-1.232045e-04
-8.523611e-04
-4.200000e-08
1.867395e-04
-3.772000e-05
-1.194475e-04
-2.953000e-05
-4.200000e-08
-1.485149e-03
-9.567273e-06
1.570037e-03
-7.527818e-05
-4.200000e-08
-2.077636e-04
5.624210e-04
-2.379545e-05
-3.308199e-04
-4.200000e-08
-8.226432e-03
-4.195071e-04
-1.261625e-04
8.772144e-03
-4.200000e-08
-1.286000e-04
-4.180200e-04
1.884359e-04
3.582261e-04
-4.200000e-08
8.474831e-04
-5.094545e-06
-7.598002e-04
-8.254636e-05
-4.200000e-08
-5.346727e-04
-1.087800e-04
-1.849422e-03
2.492917e-03
-4.200000e-08
2.073039e-03
-2.282636e-05
-1.877759e-03
-1.724121e-04
-4.200000e-08
1.964074e-03
-1.265091e-05
-1.881113e-03
-7.026727e-05
-4.200000e-08
-2.077636e-04
-7.888020e-04
-2.379545e-05
1.020403e-03
-4.200000e-08
-7.717046e-04
-5.094545e-06
8.593875e-04
-8.254636e-05
-4.200000e-08
-4.211126e-03
-3.768286e-05
4.278441e-03
-2.959036e-05
-4.200000e-08
-1.961438e-04
-1.273091e-05
2.790540e-04
-7.013727e-05
2.241950e-04
-5.013925e-04
-3.144300e-06
3.430252e-04
-6.268339e-05
2.241950e-04
-1.566925e-04
3.242233e-04
-1.567885e-05
-3.760470e-04
2.241950e-04
-9.401975e-05
-3.133743e-04
-9.401975e-05
2.772188e-04
2.241950e-04
1.399334e-05
-2.821339e-05
-1.880288e-04
-2.194612e-05
2.241950e-04
-1.021122e-04
-2.930234e-04
-1.007288e-04
2.716695e-04
2.241950e-04
-9.849248e-05
-2.836722e-04
-8.842885e-05
2.463986e-04
2.241950e-04
-4.804122e-04
-4.933391e-06
3.209267e-04
-5.977612e-05
2.241950e-04
-1.603122e-04
3.148722e-04
-2.797885e-05
-3.507761e-04
2.241950e-04
-9.401975e-05
-3.133743e-04
-9.401975e-05
2.772188e-04
1.924060e-04
2.879268e-05
-2.620290e-05
-1.746129e-04
-2.038290e-05
1.924060e-04
2.879268e-05
-2.620290e-05
-1.746129e-04
-2.038290e-05
1.924060e-04
-1.455129e-04
3.168827e-04
-1.456290e-05
-3.492129e-04
1.924060e-04
2.879268e-05
-2.620290e-05
-1.746129e-04
-2.038290e-05
1.924060e-04
2.879268e-05
-2.620290e-05
-1.746129e-04
-2.038290e-05
1.924060e-04
-8.871690e-05
2.678697e-04
-8.555790e-05
-2.860009e-04
2.241950e-04
-5.013925e-04
-3.144300e-06
3.430252e-04
-6.268339e-05
2.241950e-04
-5.013925e-04
-3.144300e-06
3.430252e-04
-6.268339e-05
2.241950e-04
-9.401975e-05
-3.133743e-04
-9.401975e-05
2.772188e-04
2.241950e-04
1.399334e-05
-2.821339e-05
-1.880288e-04
-2.194612e-05
2.241950e-04
-1.552885e-04
1.945512e-04
-1.743385e-05
-2.460238e-04
2.241950e-04
-9.401975e-05
-3.133743e-04
-9.401975e-05
2.772188e-04
2.241950e-04
1.399334e-05
-2.821339e-05
-1.880288e-04
-2.194612e-05
2.241950e-04
1.399334e-05
-2.821339e-05
-1.880288e-04
-2.194612e-05
2.241950e-04
-9.401975e-05
-3.133743e-04
-9.401975e-05
2.772188e-04
-4.200000e-08
-4.376544e-04
-3.690545e-05
5.054555e-04
-3.085364e-05
-4.200000e-08
8.489638e-05
-5.094545e-06
2.786533e-06
-8.254636e-05
-4.200000e-08
-1.282364e-04
-8.885213e-04
-1.232045e-04
1.140004e-03
-4.200000e-08
6.392565e-04
-3.000191e-04
6.855524e-04
-1.024748e-03
-4.200000e-08
-2.077636e-04
5.624210e-04
-2.379545e-05
-3.308199e-04
-4.200000e-08
-2.859000e-04
-2.982300e-04
1.611827e-03
-1.027655e-03
-8.107174e-03
-1.258376e-04
-4.194584e-04
-1.258376e-04
8.778308e-03
-4.200000e-08
8.919281e-04
-4.761600e-06
-8.040371e-04
-8.308740e-05
-4.200000e-08
-1.262000e-04
1.799052e-04
-1.257500e-04
7.208679e-05
-4.200000e-08
-2.085960e-04
9.856405e-04
-2.275500e-05
-7.542475e-04
-4.200000e-08
-7.664293e-04
-5.094545e-06
8.541122e-04
-8.254636e-05
-4.200000e-08
-1.262000e-04
1.595269e-05
-1.257500e-04
2.360393e-04
-4.200000e-08
-6.709000e-04
1.332611e-03
-5.766687e-04
-8.500000e-05
-4.200000e-08
1.297183e-03
-7.786266e-04
-2.715000e-05
-4.913645e-04
-4.200000e-08
-1.282364e-04
-1.312724e-04
-1.232045e-04
3.827553e-04
-4.200000e-08
-2.442012e-04
-4.280000e-06
3.323932e-04
-8.387000e-05
-4.200000e-08
9.639959e-04
-6.883636e-06
-8.774311e-04
-7.963909e-05
-4.200000e-08
5.345964e-04
-1.603983e-05
-2.715000e-05
-4.913645e-04
-4.200000e-08
9.004498e-03
-3.768286e-05
-8.937183e-03
-2.959036e-05
-4.200000e-08
2.845124e-03
-4.317143e-06
-2.756955e-03
-8.380964e-05
-4.200000e-08
8.474831e-04
-5.094545e-06
-7.598002e-04
-8.254636e-05
-4.200000e-08
-2.085960e-04
-3.743819e-03
-2.275500e-05
3.975212e-03
-4.200000e-08
-7.958571e-03
-4.243333e-06
8.046786e-03
-8.392958e-05
-4.200000e-08
-5.981692e-04
-5.989091e-06
6.852930e-04
-8.109273e-05
-4.200000e-08
6.353302e-03
-2.598961e-05
-6.278679e-03
-4.859188e-05
-4.200000e-08
-2.369028e-04
-3.723840e-05
3.044958e-04
-3.031260e-05
-4.200000e-08
-1.274040e-04
-1.875296e-03
-1.242450e-04
2.126987e-03
-4.200000e-08
-6.974211e-04
9.918340e-04
-2.397000e-04
-5.467091e-05
-2.162619e-03
2.481059e-03
-3.771010e-05
-2.514001e-04
-2.933010e-05
-4.200000e-08
1.470436e-04
-4.034363e-04
-1.314605e-04
3.878953e-04
-4.200000e-08
-1.364856e-03
-3.589473e-04
-1.461273e-04
1.869973e-03
-4.200000e-08
-2.204604e-03
2.505503e-03
-2.335500e-04
-6.730636e-05
-4.200000e-08
1.905270e-04
-4.797545e-05
-2.486455e-04
1.061359e-04
-4.200000e-08
-2.098000e-04
1.285462e-03
-2.125000e-05
-1.054370e-03
-4.200000e-08
-9.607610e-05
1.005314e-04
3.907581e-05
-4.348909e-05
-4.200000e-08
2.190231e-03
-4.761600e-06
-2.102340e-03
-8.308740e-05
-4.200000e-08
-1.018169e-03
-3.772000e-05
1.085461e-03
-2.953000e-05
-4.200000e-08
1.645690e-03
-3.772000e-05
-1.578398e-03
-2.953000e-05
-4.200000e-08
-5.871013e-03
-3.723840e-05
5.938606e-03
-3.031260e-05
-4.200000e-08
3.803409e-03
-4.317143e-06
-3.715240e-03
-8.380964e-05
-4.200000e-08
5.725783e-04
-3.723840e-05
-5.049853e-04
-3.031260e-05
-4.200000e-08
-1.282364e-04
-2.473790e-04
-1.232045e-04
4.988619e-04
-4.200000e-08
-1.262000e-04
1.595269e-05
-1.257500e-04
2.360393e-04
-4.200000e-08
-2.085960e-04
-8.316239e-04
-2.275500e-05
1.063017e-03
-4.200000e-08
-2.698279e-04
-3.772000e-05
3.371199e-04
-2.953000e-05
4.331611e-04
-1.147208e-04
-3.771010e-05
-2.514001e-04
-2.933010e-05
4.331611e-04
-6.704001e-04
-4.190100e-06
3.252292e-04
-8.380010e-05
4.331611e-04
-1.257001e-04
-4.190001e-04
-1.257001e-04
2.372392e-04
4.331611e-04
-1.257001e-04
-4.190001e-04
-1.257001e-04
2.372392e-04
4.331611e-04
-1.257001e-04
-4.190001e-04
-1.257001e-04
2.372392e-04
4.331611e-04
-1.257001e-04
-4.190001e-04
-1.257001e-04
2.372392e-04
4.331611e-04
-1.147208e-04
-3.771010e-05
-2.514001e-04
-2.933010e-05
4.331611e-04
-1.147208e-04
-3.771010e-05
-2.514001e-04
-2.933010e-05
4.331611e-04
-1.257001e-04
-4.190001e-04
-1.257001e-04
2.372392e-04
-4.200000e-08
3.082627e-04
-4.190900e-04
-1.263000e-04
2.371693e-04
-4.200000e-08
-5.450656e-04
-4.761600e-06
6.329566e-04
-8.308740e-05
-4.200000e-08
-1.274040e-04
-4.991803e-04
-1.242450e-04
7.508713e-04
-4.200000e-08
4.595459e-04
-1.386111e-04
-2.145500e-04
-1.063427e-04
-4.200000e-08
4.731640e-04
-9.976273e-05
-2.315727e-04
-1.417866e-04
-4.200000e-08
-2.849000e-04
8.413004e-04
-1.204493e-04
-4.359091e-04
-4.200000e-08
-2.145182e-04
-3.525900e-04
-2.084266e-04
7.755768e-04
1.993260e-04
6.527657e-04
-2.982496e-04
-4.353275e-04
-1.185146e-04
1.993260e-04
-5.614615e-04
-3.516000e-06
4.358402e-04
-7.018873e-05
1.993260e-04
-5.469251e-04
-1.458600e-05
2.703755e-04
9.180959e-05
4.253972e-04
-1.069569e-04
-3.771010e-05
-2.514001e-04
-2.933010e-05
4.253972e-04
-1.069569e-04
-3.771010e-05
-2.514001e-04
-2.933010e-05
4.253972e-04
-1.257001e-04
-4.190001e-04
-1.257001e-04
2.450031e-04
-4.200000e-08
-6.707000e-04
-5.190000e-06
3.326932e-04
3.432388e-04
-4.200000e-08
-1.085568e-04
-3.772000e-05
1.758488e-04
-2.953000e-05
-4.200000e-08
-1.273000e-04
-4.190100e-04
3.015488e-04
2.448032e-04
-4.200000e-08
2.166988e-04
3.077632e-04
-2.155000e-05
-5.028700e-04
-4.200000e-08
-1.085568e-04
-3.772000e-05
1.758488e-04
-2.953000e-05
-4.200000e-08
2.166988e-04
3.077632e-04
-2.155000e-05
-5.028700e-04
-4.200000e-08
-1.072568e-04
-3.871000e-05
-2.517000e-04
3.977088e-04
-4.200000e-08
-2.442012e-04
-4.280000e-06
3.323932e-04
-8.387000e-05
-4.200000e-08
-6.709000e-04
4.229988e-04
3.329432e-04
-8.500000e-05
-4.200000e-08
-1.487016e-03
-5.270000e-06
1.148959e-03
3.433688e-04
-4.200000e-08
2.982624e-04
-2.464690e-04
-1.235045e-04
7.175310e-05
-4.200000e-08
-1.085568e-04
-3.772000e-05
1.758488e-04
-2.953000e-05
-4.200000e-08
-1.085568e-04
-3.772000e-05
1.758488e-04
-2.953000e-05
-4.200000e-08
-1.273000e-04
-4.190100e-04
3.015488e-04
2.448032e-04
-4.200000e-08
-1.072568e-04
-3.871000e-05
-2.517000e-04
3.977088e-04
-4.200000e-08
-1.074568e-04
3.894788e-04
-2.514500e-04
-3.053000e-05
-4.200000e-08
2.166988e-04
3.077632e-04
-2.155000e-05
-5.028700e-04
-4.200000e-08
1.200464e-03
-5.254545e-06
-1.112881e-03
-8.228636e-05
-4.200000e-08
-2.098000e-04
3.068532e-04
-2.125000e-05
-7.576123e-05
-4.200000e-08
2.345897e-04
-8.998229e-04
-4.391364e-05
7.091888e-04
-4.200000e-08
-1.074568e-04
3.894788e-04
-2.514500e-04
-3.053000e-05
-4.200000e-08
-1.273000e-04
-4.190100e-04
3.015488e-04
2.448032e-04
-4.200000e-08
-2.077636e-04
4.463144e-04
-2.379545e-05
-2.147133e-04
-4.200000e-08
1.759906e-04
-3.690545e-05
-1.081895e-04
-3.085364e-05
-4.200000e-08
-1.451520e-04
-4.431304e-06
2.332495e-04
-8.362413e-05
-4.200000e-08
-2.094217e-04
1.062166e-03
-2.172283e-05
-8.309792e-04
-4.200000e-08
-1.262929e-04
-9.104685e-03
-1.256339e-04
9.356654e-03
-4.200000e-08
-2.097071e-04
-3.812578e-03
-2.136607e-05
4.043693e-03
1.168248e-04
-1.226466e-04
-4.088193e-04
-1.226466e-04
5.372877e-04
1.168248e-04
-1.226466e-04
-4.088193e-04
-1.226466e-04
5.372877e-04
1.168248e-04
1.938804e-04
-3.679475e-05
-2.452920e-04
-2.861839e-05
1.168248e-04
-1.226466e-04
-4.088193e-04
-1.226466e-04
5.372877e-04
1.168248e-04
1.938804e-04
-3.679475e-05
-2.452920e-04
-2.861839e-05
1.168248e-04
-1.226466e-04
-4.088193e-04
-1.226466e-04
5.372877e-04
1.168248e-04
1.938804e-04
-3.679475e-05
-2.452920e-04
-2.861839e-05
1.168248e-04
1.938804e-04
-3.679475e-05
-2.452920e-04
-2.861839e-05
1.168248e-04
1.938804e-04
-3.679475e-05
-2.452920e-04
-2.861839e-05
-4.200000e-08
-6.164248e-04
-1.054182e-05
7.007032e-04
-7.369455e-05
-4.200000e-08
4.189466e-04
-3.690545e-05
-3.511455e-04
-3.085364e-05
-4.200000e-08
-7.248479e-05
-4.280000e-06
1.606768e-04
-8.387000e-05
-4.200000e-08
-3.211120e-03
-2.739840e-05
3.284863e-03
-4.630260e-05
-4.200000e-08
-1.451520e-04
-4.431304e-06
2.332495e-04
-8.362413e-05
-4.200000e-08
-1.274040e-04
-1.929896e-04
-1.242450e-04
4.446806e-04
-4.200000e-08
-1.282364e-04
-1.312724e-04
-1.232045e-04
3.827553e-04
-4.200000e-08
2.440564e-03
-7.569600e-06
-2.354428e-03
-7.852440e-05
-4.200000e-08
3.060697e-03
-2.004305e-05
-2.982357e-03
-5.825504e-05
-4.200000e-08
1.612641e-03
-1.327128e-03
-2.481390e-04
-3.733260e-05
-4.200000e-08
5.224865e-04
-4.841600e-06
-4.346455e-04
-8.295740e-05
-4.200000e-08
-2.016961e-03
-3.723840e-05
2.084554e-03
-3.031260e-05
-4.200000e-08
-1.274040e-04
2.791357e-03
-1.242450e-04
-2.539666e-03
-4.200000e-08
-7.988415e-03
-4.243333e-06
8.076630e-03
-8.392958e-05
-4.200000e-08
-2.085960e-04
6.053698e-04
-2.275500e-05
-3.739768e-04
-4.200000e-08
1.509819e-04
-3.690545e-05
-8.318077e-05
-3.085364e-05
-4.200000e-08
-7.468145e-04
-4.431304e-06
8.349119e-04
-8.362413e-05
-4.200000e-08
-4.376544e-04
-3.690545e-05
5.054555e-04
-3.085364e-05
-4.200000e-08
3.746009e-04
-5.989091e-06
-2.874771e-04
-8.109273e-05
-4.200000e-08
-9.112615e-04
-3.332727e-05
9.812989e-04
-3.666818e-05
-4.200000e-08
-5.037399e-04
-5.094545e-06
5.914228e-04
-8.254636e-05
-4.200000e-08
-1.262000e-04
1.415101e-04
-1.257500e-04
1.104819e-04
-4.200000e-08
-9.152707e-04
-4.280000e-06
1.003463e-03
-8.387000e-05
-4.200000e-08
-2.098000e-04
1.150030e-03
-2.125000e-05
-9.189381e-04
-8.124394e-03
8.443182e-03
-3.775130e-05
-2.516751e-04
-2.936214e-05
-4.200000e-08
3.487528e-05
-3.690545e-05
3.292581e-05
-3.085364e-05
-4.200000e-08
-1.177781e-03
1.702243e-03
-2.155000e-05
-5.028700e-04
-4.200000e-08
1.653849e-04
-5.656145e-06
-7.805303e-05
-8.163376e-05
-4.200000e-08
-7.958571e-03
-4.243333e-06
8.046786e-03
-8.392958e-05
-4.200000e-08
2.994593e-03
-2.874493e-04
8.128611e-04
-3.519962e-03
-4.200000e-08
-2.098000e-04
5.246586e-04
-2.125000e-05
-2.935666e-04
-4.200000e-08
-1.274040e-04
1.146666e-03
-1.242450e-04
-8.949749e-04
-4.200000e-08
-1.262000e-04
1.595269e-05
-1.257500e-04
2.360393e-04
-4.200000e-08
1.092486e-04
-3.772000e-05
-4.195661e-05
-2.953000e-05
-4.200000e-08
-2.098917e-04
8.813081e-03
-2.113542e-05
-8.582012e-03
-4.200000e-08
2.772377e-05
-4.098245e-04
-1.293545e-04
5.114973e-04
-4.200000e-08
-1.108799e-04
-4.280000e-06
1.990719e-04
-8.387000e-05
-4.200000e-08
-1.984366e-02
-3.756870e-05
1.991105e-02
-2.977587e-05
-4.200000e-08
-2.098000e-04
5.945915e-03
-2.125000e-05
-5.714823e-03
-4.200000e-08
-2.077636e-04
4.463144e-04
-2.379545e-05
-2.147133e-04
-4.200000e-08
-2.085960e-04
-9.409727e-05
-2.275500e-05
3.254903e-04
-4.200000e-08
-6.481618e-04
1.172624e-03
-2.155000e-05
-5.028700e-04
-4.200000e-08
-9.644449e-04
-4.431304e-06
1.052542e-03
-8.362413e-05
-4.200000e-08
1.301609e-03
-3.723840e-05
-1.234016e-03
-3.031260e-05
-4.200000e-08
-3.876333e-04
-5.094545e-06
4.753162e-04
-8.254636e-05
-4.200000e-08
-1.262000e-04
-6.628807e-04
-1.257500e-04
9.148727e-04
-4.200000e-08
-1.346127e-04
-8.195656e-04
3.399144e-03
-2.444924e-03
-4.200000e-08
7.891867e-04
-5.012593e-04
-2.458500e-04
-4.203545e-05
-4.200000e-08
-1.531722e-04
-4.173689e-04
-1.268674e-04
6.974505e-04
-4.200000e-08
-1.274040e-04
-6.903978e-04
-1.242450e-04
9.420888e-04
-4.200000e-08
-1.199511e-03
1.663230e-03
-2.558383e-05
-4.380935e-04
-4.200000e-08
-1.488316e-03
-4.280000e-06
1.576508e-03
-8.387000e-05
-4.200000e-08
1.401297e-03
-6.550691e-06
-1.314524e-03
-8.018013e-05
-4.200000e-08
1.664203e-03
-4.761600e-06
-1.576312e-03
-8.308740e-05
-4.200000e-08
-1.087378e-03
-4.280000e-06
1.175570e-03
-8.387000e-05
-4.200000e-08
-9.152707e-04
-4.280000e-06
1.003463e-03
-8.387000e-05
-4.200000e-08
-2.077636e-04
9.259183e-04
-2.379545e-05
-6.943172e-04
-4.200000e-08
-1.279036e-04
-4.185504e-04
3.390758e-03
-2.844262e-03
-4.200000e-08
-1.274040e-04
1.146666e-03
-1.242450e-04
-8.949749e-04
-4.200000e-08
9.773347e-03
-1.934313e-05
-9.694569e-03
-5.939242e-05
-4.200000e-08
-1.937738e-04
-3.824181e-03
-4.128273e-05
4.059280e-03
-4.200000e-08
-2.533863e-03
-4.418820e-05
-2.498940e-04
2.827987e-03
-4.200000e-08
-2.077636e-04
9.259183e-04
-2.379545e-05
-6.943172e-04
-4.200000e-08
-5.762587e-04
-4.431304e-06
6.643562e-04
-8.362413e-05
-4.200000e-08
4.189466e-04
-3.690545e-05
-3.511455e-04
-3.085364e-05
-4.200000e-08
-4.175372e-04
9.360937e-04
-2.715000e-05
-4.913645e-04
-4.200000e-08
-1.129645e-03
-5.094545e-06
1.217328e-03
-8.254636e-05
-4.200000e-08
1.080162e-03
-6.823406e-04
-6.580500e-05
-3.319745e-04
-4.200000e-08
-5.915114e-04
-4.761600e-06
6.794024e-04
-8.308740e-05
-4.200000e-08
-7.027589e-04
9.971718e-04
-2.397000e-04
-5.467091e-05
-4.200000e-08
-1.005077e-03
-6.550691e-06
1.091850e-03
-8.018013e-05
-4.200000e-08
4.189466e-04
-3.690545e-05
-3.511455e-04
-3.085364e-05
-4.200000e-08
-2.094217e-04
6.772126e-04
-2.172283e-05
-4.460261e-04
-4.200000e-08
-1.451520e-04
-4.431304e-06
2.332495e-04
-8.362413e-05
-4.200000e-08
-1.451520e-04
-4.431304e-06
2.332495e-04
-8.362413e-05
-4.200000e-08
-2.055273e-04
4.148087e-04
-2.659091e-05
-1.826485e-04
-4.200000e-08
-1.282364e-04
3.412573e-04
-1.232045e-04
-8.977438e-05
-4.200000e-08
-9.122262e-05
-3.153818e-05
1.623783e-04
-3.957545e-05
-4.200000e-08
-2.055273e-04
-3.202807e-04
-2.659091e-05
5.524409e-04
-4.200000e-08
-1.428915e-03
-4.761600e-06
1.516806e-03
-8.308740e-05
-4.200000e-08
1.899520e-03
-4.190900e-04
-1.263000e-04
-1.354088e-03
-4.200000e-08
8.430108e-03
-3.775667e-05
-8.362839e-03
-2.947042e-05
-4.200000e-08
-5.450656e-04
-4.761600e-06
6.329566e-04
-8.308740e-05
-4.200000e-08
-2.077636e-04
8.303857e-04
-2.379545e-05
-5.987846e-04
-4.200000e-08
-1.108799e-04
-4.280000e-06
1.990719e-04
-8.387000e-05
-4.200000e-08
-6.709000e-04
-1.331248e-03
2.087190e-03
-8.500000e-05
-4.200000e-08
-2.098917e-04
8.813081e-03
-2.113542e-05
-8.582012e-03
-4.200000e-08
-1.451520e-04
-4.431304e-06
2.332495e-04
-8.362413e-05
-4.200000e-08
-1.274040e-04
1.388826e-04
-1.242450e-04
1.128084e-04
-4.200000e-08
-1.405364e-04
-4.089300e-04
3.946468e-05
5.100437e-04
-4.200000e-08
7.403171e-04
-3.182455e-04
-1.595455e-04
-2.624841e-04
-4.200000e-08
-1.451520e-04
-4.431304e-06
2.332495e-04
-8.362413e-05
-4.200000e-08
-6.700964e-04
-5.649643e-06
-3.769760e-03
4.445548e-03
-4.200000e-08
6.652167e-03
-3.495636e-05
-6.583147e-03
-3.402091e-05
-4.200000e-08
-1.262000e-04
-2.096166e-04
-1.257500e-04
4.616086e-04
-4.200000e-08
2.190231e-03
-4.761600e-06
-2.102340e-03
-8.308740e-05
-4.200000e-08
-4.477274e-04
-4.761600e-06
5.356184e-04
-8.308740e-05
-4.200000e-08
-2.929155e-03
-2.916742e-05
3.001792e-03
-4.342795e-05
-4.200000e-08
1.544063e-03
-1.023093e-03
-2.486100e-05
-4.960674e-04
-4.200000e-08
-2.077636e-04
8.251104e-04
-2.379545e-05
-5.935093e-04
-4.200000e-08
-2.077636e-04
5.144637e-04
-2.379545e-05
-2.828626e-04
-4.200000e-08
-1.442520e-04
-4.061004e-04
2.848336e-03
-2.297941e-03
-4.200000e-08
-1.204417e-04
-1.001371e-06
-2.262818e-04
3.477669e-04
-4.200000e-08
-1.302120e-04
4.118309e-03
-1.207350e-04
-3.867320e-03
-4.200000e-08
-4.389088e-03
-3.522065e-05
4.457942e-03
-3.359144e-05
-4.200000e-08
1.770134e-03
-6.446400e-06
-1.683296e-03
-8.034960e-05
-4.200000e-08
-2.085960e-04
6.518156e-04
-2.275500e-05
-4.204226e-04
-4.200000e-08
3.746009e-04
-5.989091e-06
-2.874771e-04
-8.109273e-05
-4.200000e-08
-3.616226e-03
-9.722825e-05
-2.207154e-03
5.920649e-03
-4.200000e-08
2.219483e-04
2.978621e-04
-2.596100e-05
-4.938074e-04
-4.200000e-08
-2.077636e-04
-2.621529e-05
-2.379545e-05
2.578164e-04
-4.200000e-08
-1.420156e-02
-7.320000e-06
1.428785e-02
-7.893000e-05
-4.200000e-08
-7.717046e-04
-5.094545e-06
8.593875e-04
-8.254636e-05
-4.200000e-08
-4.557826e-04
-5.094545e-06
5.434655e-04
-8.254636e-05
-4.200000e-08
-1.129645e-03
-5.094545e-06
1.217328e-03
-8.254636e-05
-4.200000e-08
-1.274040e-04
-6.705985e-04
-1.242450e-04
9.222895e-04
-4.200000e-08
-1.297587e-04
-4.171376e-04
-5.348948e-04
1.081833e-03
-4.200000e-08
-5.762587e-04
-4.431304e-06
6.643562e-04
-8.362413e-05
-4.200000e-08
-1.265783e-04
-7.740536e-04
-1.252772e-04
1.025951e-03
-4.200000e-08
-1.262000e-04
8.188766e-06
-1.257500e-04
2.438032e-04
-4.200000e-08
-1.265783e-04
1.079756e-04
-1.252772e-04
1.439218e-04
-4.200000e-08
-1.528747e-03
2.053209e-03
-2.155000e-05
-5.028700e-04
-4.200000e-08
-1.444364e-04
-4.059600e-04
-7.447886e-04
1.295227e-03
8.368699e-02
1.462615e-01
