-6.760000e-08
-2.103600e-04
-6.638221e-04
8.207048e-05
7.921792e-04
-6.760000e-08
-2.049000e-04
-6.270781e-04
-2.001750e-04
1.032221e-03
-6.760000e-08
-2.050941e-04
-6.742529e-04
5.548161e-06
8.738665e-04
-6.760000e-08
-5.277024e-04
-7.163200e-06
6.694780e-04
-1.345448e-04
-6.760000e-08
-4.517684e-04
-7.600000e-06
5.932710e-04
-1.338350e-04
-6.760000e-08
-2.038080e-04
-1.597188e-05
-2.015400e-04
4.213875e-04
-6.760000e-08
-2.214525e-04
-6.617954e-04
2.670447e-04
6.162708e-04
-6.760000e-08
-1.925342e-03
-7.600000e-06
2.066844e-03
-1.338350e-04
-6.760000e-08
-4.217848e-04
-1.754560e-05
5.570714e-04
-1.176734e-04
-6.760000e-08
-4.117145e-04
-7.600000e-06
5.532171e-04
-1.338350e-04
-6.760000e-08
8.096936e-04
-5.758080e-05
-6.994290e-04
-5.261620e-05
-6.760000e-08
4.801577e-04
-7.464167e-05
-4.010500e-04
-4.398398e-06
-6.760000e-08
3.846166e-04
-6.714136e-04
-2.043120e-04
4.911766e-04
-6.760000e-08
1.030511e-04
-5.882400e-05
6.436487e-06
-5.059600e-05
-6.760000e-08
1.949462e-04
-5.842080e-05
-8.520664e-05
-5.125120e-05
3.073606e-03
-2.735436e-04
6.561905e-04
6.107682e-05
-3.517330e-03
-6.760000e-08
-2.323992e-03
-5.962667e-05
2.432978e-03
-4.929167e-05
-6.760000e-08
-2.049000e-04
-3.985234e-04
-2.001750e-04
8.036660e-04
-6.760000e-08
-1.023996e-03
-7.163200e-06
1.165772e-03
-1.345448e-04
1.350354e-04
3.672024e-04
-5.947652e-05
-3.965015e-04
-4.625985e-05
1.350354e-04
-3.304182e-04
1.021427e-03
-3.304318e-05
-7.930015e-04
-6.760000e-08
-2.088480e-04
1.759430e-04
-1.952400e-04
2.282126e-04
-6.760000e-08
-2.576941e-04
7.167717e-04
-3.998250e-04
-5.918500e-05
-6.760000e-08
-3.359840e-04
8.694771e-04
-3.632000e-05
-4.971055e-04
-6.760000e-08
2.602161e-04
-6.043680e-05
-1.517365e-04
-4.797520e-05
-6.760000e-08
-8.083325e-04
-2.213200e-05
8.438218e-04
-1.328974e-05
-6.760000e-08
-2.049000e-04
-1.515647e-03
-2.001750e-04
1.920789e-03
-6.760000e-08
1.004052e-03
-6.000000e-05
-8.952997e-04
-4.868500e-05
-6.760000e-08
4.335217e-04
4.054559e-04
-3.957500e-05
-7.993350e-04
-6.760000e-08
-2.225167e-04
-6.609850e-04
-3.570137e-05
9.192706e-04
-6.760000e-08
5.086049e-04
-6.043680e-05
-4.001253e-04
-4.797520e-05
-6.760000e-08
-4.235375e-04
-7.163200e-06
5.653131e-04
-1.345448e-04
-6.760000e-08
4.398283e-03
-6.074667e-05
-4.289997e-03
-4.747167e-05
-6.760000e-08
3.879383e-04
-6.000000e-05
-2.791857e-04
-4.868500e-05
-6.760000e-08
8.943722e-05
3.757304e-04
-3.940500e-04
-7.105000e-05
-6.760000e-08
1.386111e-05
4.449729e-04
-4.000560e-04
-5.871040e-05
-6.760000e-08
4.890388e-04
-6.043680e-05
-3.805592e-04
-4.797520e-05
7.582283e-04
-2.524451e-04
-5.989605e-05
-3.993010e-04
-4.658605e-05
7.582283e-04
-2.524451e-04
-5.989605e-05
-3.993010e-04
-4.658605e-05
-6.760000e-08
-2.038080e-04
-5.682624e-04
-2.015400e-04
9.736780e-04
-6.760000e-08
-3.349667e-04
1.358462e-03
-3.759167e-05
-9.858360e-04
-6.760000e-08
-7.235154e-04
-1.337920e-05
8.614060e-04
-1.244438e-04
-6.760000e-08
-7.393945e-04
-7.163200e-06
8.811701e-04
-1.345448e-04
-6.760000e-08
-3.359000e-04
1.097359e-03
-3.642500e-05
-7.249660e-04
-6.760000e-08
-4.857829e-04
-7.566400e-06
6.273065e-04
-1.338896e-04
-6.760000e-08
-7.393945e-04
-7.163200e-06
8.811701e-04
-1.345448e-04
-6.760000e-08
-6.367871e-04
-7.969600e-06
7.780587e-04
-1.332344e-04
-6.760000e-08
2.289571e-04
-6.043680e-05
-1.204775e-04
-4.797520e-05
-6.760000e-08
-2.038080e-04
-6.492456e-04
-2.015400e-04
1.054661e-03
-6.760000e-08
-3.359000e-04
3.959009e-04
-3.642500e-05
-2.350833e-05
-6.760000e-08
-2.038080e-04
-1.201368e-04
-2.015400e-04
5.255524e-04
-6.760000e-08
-3.369920e-04
1.755875e-03
-3.506000e-05
-1.383756e-03
-6.760000e-08
-1.228867e-03
-7.163200e-06
1.370642e-03
-1.345448e-04
-6.760000e-08
-2.093520e-04
-6.710104e-04
8.081048e-05
7.996195e-04
-6.760000e-08
-3.318680e-04
1.039564e-03
-4.146500e-05
-6.661630e-04
-6.760000e-08
-3.225440e-04
1.801989e-03
-5.312000e-05
-1.426258e-03
-6.760000e-08
5.789145e-04
-6.714136e-04
-2.043120e-04
2.968787e-04
-6.760000e-08
-3.369920e-04
1.156313e-03
-3.506000e-05
-7.841936e-04
-6.760000e-08
-1.400647e-03
2.244691e-03
-3.477059e-05
-8.092059e-04
-6.760000e-08
-1.102643e-03
1.010933e-03
1.568913e-04
-6.511353e-05
-6.760000e-08
-2.058333e-04
9.114850e-04
-1.990083e-04
-5.065757e-04
-6.760000e-08
7.255822e-04
-6.069882e-05
-6.172664e-04
-4.754941e-05
-6.760000e-08
-2.904587e-04
-1.225352e-03
-9.322667e-05
1.609105e-03
-7.952845e-05
-1.064801e-03
-6.656050e-06
1.284087e-03
-1.331010e-04
-7.952845e-05
5.853116e-04
-5.989605e-05
-3.993010e-04
-4.658605e-05
-7.952845e-05
-1.996510e-04
-6.655011e-04
-1.996510e-04
1.144332e-03
-7.952845e-05
5.853116e-04
-5.989605e-05
-3.993010e-04
-4.658605e-05
-7.952845e-05
-3.327510e-04
1.244157e-03
-3.327605e-05
-7.986010e-04
-7.952845e-05
-2.634537e-04
-5.345040e-04
-1.198977e-04
9.973839e-04
-6.760000e-08
9.572991e-04
-7.039500e-05
-4.024500e-04
-4.843865e-04
-6.760000e-08
-1.560411e-04
9.864927e-04
-4.766000e-05
-7.827240e-04
-6.760000e-08
2.773108e-06
-6.003360e-05
1.059585e-04
-4.863040e-05
-6.760000e-08
2.773108e-06
-6.003360e-05
1.059585e-04
-4.863040e-05
-6.760000e-08
5.775965e-04
-6.043680e-05
-4.691169e-04
-4.797520e-05
-6.760000e-08
-3.354833e-04
-3.633618e-03
-3.694583e-05
4.006115e-03
-6.760000e-08
-3.359000e-04
1.097359e-03
-3.642500e-05
-7.249660e-04
-6.760000e-08
-4.126003e-06
-5.619424e-04
-2.404014e-04
8.065374e-04
-6.760000e-08
-1.036773e-03
-7.600000e-06
1.178276e-03
-1.338350e-04
-7.011620e-05
-4.604840e-05
2.312564e-04
-4.657402e-06
-1.104344e-04
-7.011620e-05
1.401962e-04
-8.336602e-06
-5.524640e-05
-6.497002e-06
-7.011620e-05
-1.472264e-04
-9.782020e-07
2.367752e-04
-1.845440e-05
-7.011620e-05
1.401962e-04
-8.336602e-06
-5.524640e-05
-6.497002e-06
-7.011620e-05
-1.472264e-04
-9.782020e-07
2.367752e-04
-1.845440e-05
-7.011620e-05
1.401962e-04
-8.336602e-06
-5.524640e-05
-6.497002e-06
-6.760000e-08
1.048658e-03
-6.000000e-05
-9.399052e-04
-4.868500e-05
-6.760000e-08
-3.327920e-04
8.399474e-04
-4.031000e-05
-4.667778e-04
-6.760000e-08
-3.338000e-04
1.040944e-04
-3.905000e-05
2.688232e-04
-6.760000e-08
-3.369920e-04
9.933920e-04
-3.506000e-05
-6.212724e-04
-6.760000e-08
-3.369920e-04
1.581295e-03
-3.506000e-05
-1.209176e-03
-6.760000e-08
9.844345e-04
-7.039500e-05
-4.024500e-04
-5.115219e-04
-6.760000e-08
1.567739e-03
-7.343917e-04
-4.491367e-05
-7.883665e-04
-6.760000e-08
-8.480897e-04
-1.845871e-04
3.311866e-03
-2.279122e-03
-6.760000e-08
-2.038080e-04
-6.208287e-04
-2.015400e-04
1.026244e-03
-6.760000e-08
-3.349760e-04
3.660465e-04
-3.758000e-05
6.577150e-06
-6.760000e-08
1.094145e-03
-6.382342e-04
-4.028280e-04
-5.301520e-05
-6.760000e-08
2.771125e-04
-8.039712e-04
8.622176e-04
-3.352913e-04
-6.760000e-08
-3.677800e-02
-8.795686e-06
3.691875e-02
-1.318920e-04
-6.760000e-08
-4.908107e-04
1.332955e-03
-3.657200e-05
-8.055048e-04
-6.760000e-08
5.108217e-03
-6.074667e-05
-4.999931e-03
-4.747167e-05
-6.760000e-08
7.460824e-05
-5.922720e-05
3.462736e-05
-4.994080e-05
-6.760000e-08
-1.262909e-03
-7.973333e-06
1.404179e-03
-1.332283e-04
-6.760000e-08
-9.983109e-04
-7.566400e-06
1.139834e-03
-1.338896e-04
-6.760000e-08
-1.561463e-04
-6.714136e-04
-2.043120e-04
1.031940e-03
-6.760000e-08
4.617676e-04
-5.856823e-06
-4.028280e-04
-5.301520e-05
-6.760000e-08
-1.669170e-03
-1.085920e-05
1.808636e-03
-1.285388e-04
-6.760000e-08
5.088874e-04
-6.043680e-05
-4.004078e-04
-4.797520e-05
-6.760000e-08
4.955908e-04
-6.542640e-05
-4.040880e-04
-2.600881e-05
-6.760000e-08
-4.235375e-04
-7.163200e-06
5.653131e-04
-1.345448e-04
-6.760000e-08
-3.359000e-04
1.158179e-03
-3.642500e-05
-7.857864e-04
-6.760000e-08
3.445456e-04
-6.714136e-04
-2.043120e-04
5.312476e-04
-6.760000e-08
-2.038080e-04
-6.492456e-04
-2.015400e-04
1.054661e-03
-6.760000e-08
4.838161e-04
-6.003360e-05
-3.750845e-04
-4.863040e-05
-6.760000e-08
4.292743e-04
-6.000000e-05
-3.205217e-04
-4.868500e-05
-6.760000e-08
-3.623612e-04
-4.602240e-05
4.798498e-04
-7.139860e-05
-6.760000e-08
-1.193292e-03
2.032269e-03
-3.957500e-05
-7.993350e-04
-6.760000e-08
1.357569e-03
-6.000000e-05
-1.248817e-03
-4.868500e-05
-6.760000e-08
-2.301000e-04
-6.552100e-04
-3.733387e-05
9.227115e-04
-6.760000e-08
-1.164514e-03
-7.163200e-06
1.306290e-03
-1.345448e-04
-6.760000e-08
-2.038080e-04
-5.682624e-04
-2.015400e-04
9.736780e-04
-6.760000e-08
-1.145369e-03
-7.163200e-06
1.287144e-03
-1.345448e-04
-6.760000e-08
-4.441320e-04
-4.922164e-04
-9.084176e-06
9.455002e-04
-6.760000e-08
-3.001140e-04
-8.596584e-04
1.283886e-03
-1.240464e-04
-1.413576e-05
-4.704382e-04
-2.978200e-06
5.463904e-04
-5.883820e-05
-1.413576e-05
-4.648942e-04
-8.891631e-05
6.318245e-04
-6.387820e-05
-1.413576e-05
2.376904e-04
-2.649820e-05
-1.764382e-04
-2.061820e-05
1.033742e-04
3.403039e-05
-1.630354e-05
-1.084095e-04
-1.269154e-05
1.033742e-04
-2.890095e-04
-1.855540e-06
2.236604e-04
-3.616954e-05
1.033742e-04
-9.034954e-05
2.128244e-04
-9.079540e-06
-2.167695e-04
1.033742e-04
-9.034954e-05
2.128244e-04
-9.079540e-06
-2.167695e-04
1.033742e-04
3.403039e-05
-1.630354e-05
-1.084095e-04
-1.269154e-05
1.033742e-04
-2.753595e-04
-1.225054e-05
-4.436001e-04
6.278360e-04
1.033742e-04
-2.890095e-04
-1.855540e-06
2.236604e-04
-3.616954e-05
1.033742e-04
-6.078154e-05
-1.756599e-04
-1.192584e-04
2.523257e-04
1.033742e-04
3.403039e-05
-1.630354e-05
-1.084095e-04
-1.269154e-05
-6.760000e-08
-6.135973e-04
-1.542880e-05
7.502069e-04
-1.211132e-04
-6.760000e-08
-1.766055e-04
-8.776000e-06
3.173731e-04
-1.319240e-04
-6.760000e-08
1.660289e-04
-2.050477e-04
-3.472620e-04
3.863484e-04
-6.760000e-08
1.650209e-04
3.508155e-04
-3.460020e-04
-1.697668e-04
-6.760000e-08
2.884268e-06
-8.529580e-05
-7.020772e-04
7.845563e-04
-6.760000e-08
-1.248225e-03
1.063345e-03
8.591225e-04
-6.741750e-04
-6.760000e-08
-3.032152e-04
1.699491e-04
-5.599700e-05
1.893307e-04
-6.760000e-08
-2.093520e-04
-6.710104e-04
-1.991198e-04
1.079550e-03
-6.760000e-08
3.762238e-04
-6.003360e-05
-2.674922e-04
-4.863040e-05
-6.760000e-08
4.139210e-04
4.491304e-05
-4.000560e-04
-5.871040e-05
-6.760000e-08
-2.058333e-04
-1.326061e-03
-1.990083e-04
1.730970e-03
-6.760000e-08
-3.359000e-04
5.491410e-04
-3.642500e-05
-1.767484e-04
-6.760000e-08
-8.938900e-04
-7.163200e-06
1.035666e-03
-1.345448e-04
-6.760000e-08
-2.081667e-04
-3.565387e-03
-1.960917e-04
3.969713e-03
-6.760000e-08
-2.859400e-04
1.128084e-03
-3.657200e-05
-8.055048e-04
-6.760000e-08
-2.093520e-04
-6.710104e-04
-1.792712e-04
1.059701e-03
-6.760000e-08
-2.058333e-04
3.604455e-05
-1.990083e-04
3.688647e-04
-6.760000e-08
8.018673e-04
-9.649600e-06
-6.616457e-04
-1.305044e-04
-6.760000e-08
-5.277024e-04
-7.163200e-06
6.694780e-04
-1.345448e-04
-6.760000e-08
-1.076660e-03
-7.163200e-06
1.218435e-03
-1.345448e-04
-6.760000e-08
-3.338840e-04
8.652696e-04
-3.894500e-05
-4.923730e-04
-6.760000e-08
-6.386617e-03
-6.055765e-05
6.495021e-03
-4.777882e-05
-6.760000e-08
4.322136e-04
-6.000000e-05
-3.234610e-04
-4.868500e-05
-6.760000e-08
-3.265760e-04
-4.317212e-04
-4.808000e-05
8.064448e-04
-6.760000e-08
-2.050941e-04
-6.742529e-04
5.548161e-06
8.738665e-04
5.677061e-05
4.490125e-04
-5.989605e-05
-3.993010e-04
-4.658605e-05
-6.760000e-08
-2.038080e-04
-1.248808e-03
-2.015400e-04
1.654223e-03
-6.760000e-08
-4.977007e-04
-4.514218e-04
1.364515e-03
-4.153253e-04
-6.760000e-08
-3.369920e-04
9.274905e-04
-3.506000e-05
-5.553709e-04
-6.760000e-08
-2.343333e-06
-7.973333e-06
1.436126e-04
-1.332283e-04
-6.760000e-08
-3.359000e-04
1.221497e-03
-3.642500e-05
-8.491048e-04
-6.760000e-08
4.930340e-04
-6.000000e-05
-3.842814e-04
-4.868500e-05
-6.760000e-08
-2.191583e-04
-6.635425e-04
2.897420e-03
-2.014651e-03
-6.760000e-08
-4.031839e-04
1.035102e-03
-2.359250e-04
-3.959250e-04
-6.760000e-08
-2.058333e-04
2.167735e-03
-1.990083e-04
-1.762826e-03
-6.760000e-08
1.559567e-05
-6.000000e-05
9.315693e-05
-4.868500e-05
-6.760000e-08
-2.053167e-04
5.404302e-03
-1.996542e-04
-4.999264e-03
-6.760000e-08
-3.319520e-04
-5.377844e-06
-4.136000e-05
3.787574e-04
-6.760000e-08
5.839099e-05
-6.003360e-05
5.034061e-05
-4.863040e-05
-6.760000e-08
-7.953725e-05
5.309110e-04
-3.976358e-04
-5.367040e-05
-6.760000e-08
-8.009029e-04
-1.654015e-04
1.870453e-03
-9.040813e-04
-6.760000e-08
8.773365e-04
-5.485034e-04
-3.644481e-04
3.568258e-05
-6.760000e-08
2.341852e-04
-4.228907e-05
-1.143632e-04
-7.746527e-05
-6.760000e-08
-1.835334e-03
2.449206e-03
-2.530373e-04
-3.607669e-04
-6.760000e-08
-2.225167e-04
-6.609850e-04
1.374978e-03
-4.914091e-04
-6.760000e-08
-2.897715e-03
-2.545211e-05
3.028060e-03
-1.048253e-04
-6.760000e-08
-3.319333e-04
1.634413e-03
-4.138333e-05
-1.261028e-03
-2.806009e-04
5.035527e-04
-4.014107e-05
-1.141014e-04
-6.870927e-05
-2.806009e-04
2.330509e-03
-1.770630e-03
-1.081340e-04
-1.711438e-04
-2.806009e-04
-1.857957e-04
-6.193057e-04
-1.857957e-04
1.271498e-03
-1.403301e-04
-5.384339e-04
-3.398950e-06
7.494970e-04
-6.733395e-05
-1.403301e-04
-1.009839e-04
-3.365340e-04
-1.009839e-04
6.788320e-04
-1.403301e-04
-1.009839e-04
-3.365340e-04
-1.009839e-04
6.788320e-04
5.384923e-04
-1.061368e-03
-1.527947e-05
6.030660e-04
-6.491113e-05
5.384923e-04
-2.232672e-04
-3.734613e-05
-2.488261e-04
-2.905280e-05
5.384923e-04
-1.244261e-04
-4.146928e-04
-1.244261e-04
1.250528e-04
-6.760000e-08
-1.359452e-03
-1.703435e-04
3.851391e-04
1.144724e-03
-6.760000e-08
-9.784234e-04
-1.384098e-04
3.278152e-04
7.890856e-04
-6.760000e-08
-2.112000e-04
-1.237848e-03
-1.923000e-04
1.641415e-03
-6.760000e-08
-1.028394e-03
-7.163200e-06
1.170170e-03
-1.345448e-04
-6.760000e-08
-3.376471e-04
-5.020542e-03
-3.424118e-05
5.392498e-03
-6.760000e-08
1.129521e-03
-6.675199e-04
-3.970530e-04
-6.488020e-05
-6.760000e-08
-2.058240e-04
-5.403809e-04
-1.990200e-04
9.452925e-04
-6.760000e-08
5.141489e-04
-5.823812e-05
-4.028280e-04
-5.301520e-05
-6.760000e-08
-1.195571e-03
7.599100e-05
1.185620e-03
-6.597220e-05
-6.760000e-08
5.831405e-04
-1.272297e-04
-4.028280e-04
-5.301520e-05
-6.760000e-08
-4.580698e-04
1.300214e-03
-3.657200e-05
-8.055048e-04
-6.760000e-08
8.413247e-04
-5.875680e-05
-7.317951e-04
-5.070520e-05
-6.760000e-08
-2.328922e-04
-5.176800e-05
3.467898e-04
-6.206200e-05
-6.760000e-08
6.644221e-03
-3.699120e-05
-6.521088e-03
-8.607430e-05
-6.760000e-08
5.738969e-04
-1.118961e-04
-3.970530e-04
-6.488020e-05
-6.760000e-08
-1.496291e-04
-6.550525e-04
-2.060760e-04
1.010825e-03
-6.760000e-08
-1.728265e-03
-9.280000e-06
1.868717e-03
-1.311050e-04
-6.760000e-08
-5.804778e-04
-3.223089e-04
-1.235960e-04
1.026450e-03
-6.760000e-08
1.092055e-03
-5.748000e-05
-9.817278e-04
-5.278000e-05
-6.760000e-08
-2.754180e-04
-6.206986e-04
2.066576e-03
-1.170392e-03
-6.760000e-08
-2.142305e-03
-6.901176e-06
2.284245e-03
-1.349706e-04
-6.760000e-08
-2.031529e-04
-4.665224e-04
-2.023588e-04
8.721018e-04
-6.760000e-08
-4.235375e-04
-7.163200e-06
5.653131e-04
-1.345448e-04
-6.760000e-08
-1.508065e-03
-5.519520e-05
1.619821e-03
-5.649280e-05
-6.760000e-08
-2.049000e-04
-4.207337e-05
-2.001750e-04
4.472160e-04
-6.760000e-08
1.034603e-03
-5.748000e-05
-9.242754e-04
-5.278000e-05
-6.760000e-08
-1.160040e-04
-6.000000e-05
2.247566e-04
-4.868500e-05
-6.760000e-08
-3.359000e-04
5.491410e-04
-3.642500e-05
-1.767484e-04
-1.238265e-03
1.008001e-03
-5.526663e-05
-3.014988e-04
5.870294e-04
-1.238265e-03
-8.008188e-04
6.184376e-04
1.532707e-03
-1.120608e-04
-1.238265e-03
-1.543488e-04
-4.456597e-04
-1.498128e-04
1.988086e-03
4.906105e-04
3.095741e-03
-2.767300e-03
-1.807474e-04
-6.383033e-04
4.906105e-04
5.850626e-03
-8.083120e-03
5.684071e-04
1.173477e-03
4.906105e-04
-1.463054e-04
-4.317351e-04
4.945512e-04
-4.071213e-04
1.095666e-03
-2.158278e-04
-3.402814e-04
-2.160477e-05
-5.179524e-04
1.095666e-03
-5.087164e-04
-1.428481e-04
-2.933309e-03
2.489208e-03
1.095666e-03
-6.905951e-04
-4.340506e-06
-3.143850e-04
-8.634577e-05
4.906105e-04
1.075513e-03
-5.733476e-06
-1.474040e-03
-8.635007e-05
4.906105e-04
-1.545393e-04
-3.981299e-05
-2.652874e-04
-3.097086e-05
4.906105e-04
-4.966317e-03
-3.880632e-05
4.547120e-03
-3.260669e-05
-1.203904e-03
-7.021907e-03
2.160269e-03
6.525345e-03
-4.598036e-04
-1.203904e-03
-5.027445e-03
-4.107693e-04
6.711026e-03
-6.890780e-05
-1.203904e-03
4.048296e-03
-3.094890e-05
-2.345128e-03
-4.683152e-04
-1.238265e-03
-4.520979e-04
4.163794e-03
-2.397088e-03
-7.634306e-05
-1.238265e-03
1.940853e-03
3.876440e-05
-6.431011e-04
-9.825169e-05
-1.238265e-03
-1.886175e-04
4.208051e-03
-5.105202e-04
-2.270648e-03
-1.238265e-03
4.719465e-03
-1.515963e-05
-3.242094e-03
-2.239466e-04
-1.238265e-03
1.096554e-03
-2.448869e-05
2.362445e-04
-7.004449e-05
-1.238265e-03
-6.358740e-04
2.434146e-03
-4.178283e-05
-5.182237e-04
-6.760000e-08
7.401488e-04
-6.322901e-06
-6.724271e-04
-6.133120e-05
-6.760000e-08
1.007796e-03
-3.324800e-05
-8.823229e-04
-9.215700e-05
-6.760000e-08
-3.268736e-05
1.155339e-03
-3.523593e-04
-7.702248e-04
-6.760000e-08
-4.773274e-04
-6.526648e-04
-3.246338e-04
1.454694e-03
-6.760000e-08
3.338564e-04
8.461348e-04
-4.110092e-04
-7.689144e-04
-6.760000e-08
8.701208e-04
-5.882400e-05
-7.606332e-04
-5.059600e-05
-6.760000e-08
4.357450e-04
-1.166933e-05
-2.967858e-04
-1.272223e-04
-6.760000e-08
-2.108733e-04
-3.104206e-04
-1.927083e-04
7.140699e-04
-6.760000e-08
-7.081110e-04
1.534616e-03
-5.140259e-05
-7.750347e-04
-6.760000e-08
-1.053880e-03
-3.781732e-04
1.592521e-03
-1.604000e-04
-6.760000e-08
-1.061944e-03
-2.172880e-05
1.223495e-03
-1.397542e-04
-6.760000e-08
-2.031529e-04
-1.492207e-03
-2.023588e-04
1.897786e-03
-6.760000e-08
-2.164500e-04
-6.656050e-04
-1.605981e-04
1.042721e-03
-6.760000e-08
-3.615699e-04
-1.556320e-05
4.980955e-04
-1.208948e-04
-6.760000e-08
-3.369920e-04
8.314374e-04
-3.506000e-05
-4.593178e-04
2.628681e-04
-3.327510e-04
9.017600e-04
-3.327605e-05
-7.986010e-04
2.628681e-04
2.429150e-04
-5.989605e-05
-3.993010e-04
-4.658605e-05
2.628681e-04
2.429150e-04
-5.989605e-05
-3.993010e-04
-4.658605e-05
2.628681e-04
2.429150e-04
-5.989605e-05
-3.993010e-04
-4.658605e-05
2.628681e-04
-3.327510e-04
9.017600e-04
-3.327605e-05
-7.986010e-04
2.628681e-04
-3.327510e-04
9.017600e-04
-3.327605e-05
-7.986010e-04
2.628681e-04
-1.996510e-04
-6.655011e-04
-1.996510e-04
8.019350e-04
2.628681e-04
-1.064801e-03
-6.656050e-06
9.416900e-04
-1.331010e-04
2.628681e-04
-1.996510e-04
-6.655011e-04
-1.996510e-04
8.019350e-04
2.628681e-04
-3.327510e-04
9.017600e-04
-3.327605e-05
-7.986010e-04
2.628681e-04
-3.327510e-04
9.017600e-04
-3.327605e-05
-7.986010e-04
2.628681e-04
2.429150e-04
-5.989605e-05
-3.993010e-04
-4.658605e-05
2.628681e-04
2.429150e-04
-5.989605e-05
-3.993010e-04
-4.658605e-05
2.628681e-04
2.429150e-04
-5.989605e-05
-3.993010e-04
-4.658605e-05
2.628681e-04
-1.064801e-03
-6.656050e-06
9.416900e-04
-1.331010e-04
2.628681e-04
-1.064801e-03
-6.656050e-06
9.416900e-04
-1.331010e-04
2.628681e-04
-1.996510e-04
-6.655011e-04
-1.996510e-04
8.019350e-04
2.628681e-04
-3.297177e-04
1.897155e-04
-3.706772e-05
-8.579816e-05
2.628681e-04
-1.996510e-04
-6.655011e-04
-1.996510e-04
8.019350e-04
2.628681e-04
-3.327510e-04
9.017600e-04
-3.327605e-05
-7.986010e-04
2.628681e-04
-2.006590e-04
-7.780613e-04
-1.983910e-04
9.142433e-04
2.628681e-04
-1.996510e-04
-6.655011e-04
-1.996510e-04
8.019350e-04
2.628681e-04
-1.996510e-04
-6.655011e-04
-1.996510e-04
8.019350e-04
2.628681e-04
-1.996510e-04
-6.655011e-04
-1.996510e-04
8.019350e-04
2.628681e-04
-1.064801e-03
-6.656050e-06
9.416900e-04
-1.331010e-04
2.628681e-04
2.429150e-04
-5.989605e-05
-3.993010e-04
-4.658605e-05
2.628681e-04
-3.297177e-04
7.249547e-04
-3.706772e-05
-6.210374e-04
2.628681e-04
-3.327510e-04
9.017600e-04
-3.327605e-05
-7.986010e-04
2.628681e-04
-3.327510e-04
9.017600e-04
-3.327605e-05
-7.986010e-04
2.628681e-04
2.429150e-04
-5.989605e-05
-3.993010e-04
-4.658605e-05
2.628681e-04
2.429150e-04
-5.989605e-05
-3.993010e-04
-4.658605e-05
2.628681e-04
-1.996510e-04
-6.655011e-04
-1.996510e-04
8.019350e-04
2.628681e-04
-1.996510e-04
-6.655011e-04
-1.996510e-04
8.019350e-04
2.628681e-04
-3.327510e-04
9.017600e-04
-3.327605e-05
-7.986010e-04
2.628681e-04
-3.327510e-04
9.017600e-04
-3.327605e-05
-7.986010e-04
2.628681e-04
-1.996510e-04
-6.655011e-04
-1.996510e-04
8.019350e-04
2.628681e-04
2.429150e-04
-5.989605e-05
-3.993010e-04
-4.658605e-05
2.628681e-04
-1.996510e-04
-6.655011e-04
-1.996510e-04
8.019350e-04
2.628681e-04
2.429150e-04
-5.989605e-05
-3.993010e-04
-4.658605e-05
-6.760000e-08
4.398283e-03
-6.074667e-05
-4.289997e-03
-4.747167e-05
-6.760000e-08
4.661659e-04
-1.025515e-05
-4.028280e-04
-5.301520e-05
-6.760000e-08
-1.452470e-03
-7.600000e-06
1.593973e-03
-1.338350e-04
-6.760000e-08
6.089146e-05
-5.425440e-05
5.145214e-05
-5.802160e-05
-6.760000e-08
-5.873203e-04
-6.664450e-04
-2.059500e-04
1.459783e-03
-6.760000e-08
-3.215360e-04
6.980267e-04
-5.438000e-05
-3.220431e-04
-6.760000e-08
-9.107097e-04
-7.973333e-06
1.051979e-03
-1.332283e-04
-6.760000e-08
-5.561567e-03
-5.983333e-05
5.670424e-03
-4.895583e-05
-6.760000e-08
9.876226e-04
-6.043680e-05
-8.791430e-04
-4.797520e-05
-6.760000e-08
-2.744389e-04
-6.043680e-05
3.829185e-04
-4.797520e-05
-6.760000e-08
-3.328667e-04
6.975093e-04
-4.021667e-05
-3.243584e-04
-6.760000e-08
-3.359000e-04
1.713803e-03
-3.642500e-05
-1.341410e-03
-6.760000e-08
-2.049000e-04
-1.162130e-03
-2.001750e-04
1.567272e-03
-6.760000e-08
-2.919953e-04
4.142292e-03
-2.001836e-04
-3.650045e-03
-6.760000e-08
3.445478e-04
-7.973333e-06
-2.032786e-04
-1.332283e-04
-6.760000e-08
4.472747e-04
-6.003360e-05
-3.385431e-04
-4.863040e-05
-6.760000e-08
-2.058333e-04
7.560628e-04
-1.990083e-04
-3.511536e-04
-6.760000e-08
-2.030333e-04
-5.269934e-03
-2.025083e-04
5.675544e-03
-6.760000e-08
-1.649331e-03
1.021784e-03
1.014951e-03
-3.873360e-04
-6.760000e-08
-4.297951e-03
-5.983333e-05
4.406807e-03
-4.895583e-05
-6.760000e-08
-3.359000e-04
1.053083e-03
-3.642500e-05
-6.806907e-04
-6.760000e-08
1.641630e-04
-6.043680e-05
-5.568336e-05
-4.797520e-05
-6.760000e-08
-2.450022e-03
1.158460e-03
-2.098240e-04
1.501454e-03
-6.760000e-08
-2.679000e-04
4.437175e-04
-1.214250e-04
-5.432486e-05
-6.760000e-08
1.754537e-03
-1.146303e-03
-2.583833e-04
-3.497833e-04
-6.760000e-08
-1.100995e-03
-1.966240e-05
1.234959e-03
-1.142336e-04
-6.760000e-08
-7.292650e-05
9.733457e-04
-1.110966e-04
-7.892550e-04
-6.760000e-08
1.640729e-03
-6.335128e-04
-7.282553e-05
-9.343231e-04
-6.760000e-08
3.695220e-06
-6.743941e-04
-2.033294e-04
8.740959e-04
-6.760000e-08
3.695220e-06
-6.743941e-04
-2.033294e-04
8.740959e-04
-6.760000e-08
-2.031529e-04
-4.665224e-04
-2.023588e-04
8.721018e-04
-6.760000e-08
-3.378412e-04
1.131602e-03
1.714820e-04
-9.651753e-04
-6.760000e-08
-2.513065e-03
-7.450049e-05
-1.921724e-04
2.779805e-03
-6.760000e-08
3.073324e-04
-6.244588e-05
-4.050706e-04
1.602517e-04
-6.760000e-08
-1.528553e-03
-6.637085e-04
1.245050e-04
2.067824e-03
-6.760000e-08
-8.728107e-04
-6.901176e-06
1.014750e-03
-1.349706e-04
-6.760000e-08
4.080556e-04
-6.043680e-05
-2.995760e-04
-4.797520e-05
-6.760000e-08
-1.079306e-03
-8.507059e-06
1.015279e-03
7.260110e-05
-6.760000e-08
-9.087685e-04
1.997572e-04
8.440720e-04
-1.349930e-04
-6.760000e-08
-3.876949e-04
1.482749e-04
2.908219e-04
-5.133432e-05
-6.760000e-08
-4.268520e-05
1.474349e-04
-5.471277e-05
-4.996932e-05
-6.760000e-08
-2.038080e-04
-6.127042e-04
-2.015400e-04
1.018120e-03
-6.760000e-08
-2.031529e-04
-4.665224e-04
-2.023588e-04
8.721018e-04
-6.760000e-08
3.069794e-04
1.470317e-04
-4.046294e-04
-4.931412e-05
2.045577e-04
3.078616e-04
-6.068135e-05
-4.045414e-04
-4.719665e-05
2.045577e-04
3.078616e-04
-6.068135e-05
-4.045414e-04
-4.719665e-05
2.045577e-04
-7.994254e-04
-5.241575e-05
7.079117e-04
-6.062825e-05
2.045577e-04
-1.078777e-03
-6.742529e-06
1.015809e-03
-1.348472e-04
2.045577e-04
-3.361098e-04
9.120587e-04
-3.497194e-05
-7.455347e-04
2.045577e-04
3.078616e-04
-6.068135e-05
-4.045414e-04
-4.719665e-05
2.045577e-04
-3.340845e-04
9.160530e-04
-3.750361e-05
-7.490226e-04
2.045577e-04
-2.022708e-04
-6.742355e-04
-2.022708e-04
8.742193e-04
2.045577e-04
-2.022708e-04
-6.742355e-04
-2.022708e-04
8.742193e-04
2.045577e-04
-4.234436e-04
1.060657e-03
-3.468253e-05
-8.070884e-04
1.160092e-04
-3.362356e-04
1.060815e-03
-3.362388e-05
-8.069651e-04
1.160092e-04
-3.362356e-04
1.060815e-03
-3.362388e-05
-8.069651e-04
1.160092e-04
-2.017415e-04
-6.724709e-04
-2.017415e-04
9.599448e-04
2.045577e-04
3.941874e-04
-1.459836e-04
-4.035708e-04
-4.919076e-05
2.045577e-04
3.078616e-04
-6.068135e-05
-4.045414e-04
-4.719665e-05
2.045577e-04
-2.889494e-04
-6.726296e-04
-2.028002e-04
9.598215e-04
2.045577e-04
3.945403e-04
-6.228724e-05
-4.040119e-04
-1.327989e-04
2.045577e-04
3.078616e-04
-6.068135e-05
-4.045414e-04
-4.719665e-05
2.045577e-04
3.078616e-04
-6.068135e-05
-4.045414e-04
-4.719665e-05
2.045577e-04
3.078616e-04
-6.068135e-05
-4.045414e-04
-4.719665e-05
2.045577e-04
-4.234436e-04
1.060657e-03
-3.468253e-05
-8.070884e-04
2.045577e-04
3.941874e-04
-1.459836e-04
-4.035708e-04
-4.919076e-05
2.045577e-04
3.078616e-04
-6.068135e-05
-4.045414e-04
-4.719665e-05
2.045577e-04
-2.045649e-04
-6.724884e-04
-2.870965e-04
9.595921e-04
2.045577e-04
3.922462e-04
-6.054018e-05
-4.888377e-04
-4.742606e-05
2.045577e-04
3.945403e-04
-6.228724e-05
-4.040119e-04
-1.327989e-04
2.045577e-04
-2.176689e-04
-6.625092e-04
-1.520127e-04
8.276331e-04
2.045577e-04
-1.163161e-03
-6.883706e-06
1.100105e-03
-1.346178e-04
2.045577e-04
-2.022708e-04
-6.742355e-04
-2.022708e-04
8.742193e-04
2.045577e-04
-2.889494e-04
-6.726296e-04
-2.028002e-04
9.598215e-04
2.045577e-04
-2.889494e-04
-6.726296e-04
-2.028002e-04
9.598215e-04
2.045577e-04
-1.076483e-03
-8.489588e-06
1.100634e-03
-2.202200e-04
2.045577e-04
-3.367649e-04
1.059051e-03
-3.415312e-05
-8.926906e-04
2.045577e-04
3.941874e-04
-1.459836e-04
-4.035708e-04
-4.919076e-05
2.045577e-04
3.078616e-04
-6.068135e-05
-4.045414e-04
-4.719665e-05
2.045577e-04
-3.394153e-04
-5.694802e-05
2.450689e-04
-5.326331e-05
2.045577e-04
1.301425e-03
-6.780475e-04
-4.780294e-05
-7.801319e-04
2.045577e-04
-2.102737e-04
1.688817e-03
-1.922671e-04
-1.490834e-03
1.160092e-04
-3.362356e-04
1.060815e-03
-3.362388e-05
-8.069651e-04
1.160092e-04
-3.362356e-04
1.060815e-03
-3.362388e-05
-8.069651e-04
1.160092e-04
-2.017415e-04
-6.724709e-04
-2.017415e-04
9.599448e-04
1.160092e-04
-3.362356e-04
1.060815e-03
-3.362388e-05
-8.069651e-04
1.160092e-04
3.950695e-04
-6.052271e-05
-4.034827e-04
-4.707329e-05
1.160092e-04
-1.075953e-03
-6.725059e-06
1.101164e-03
-1.344945e-04
1.160092e-04
-1.075953e-03
-6.725059e-06
1.101164e-03
-1.344945e-04
1.160092e-04
3.950695e-04
-6.052271e-05
-4.034827e-04
-4.707329e-05
1.160092e-04
-1.075953e-03
-6.725059e-06
1.101164e-03
-1.344945e-04
1.160092e-04
-1.075953e-03
-6.725059e-06
1.101164e-03
-1.344945e-04
1.160092e-04
-5.281173e-04
-7.128259e-06
5.530756e-04
-1.338393e-04
1.160092e-04
-1.075953e-03
-6.725059e-06
1.101164e-03
-1.344945e-04
1.160092e-04
3.950695e-04
-6.052271e-05
-4.034827e-04
-4.707329e-05
1.160092e-04
-3.362356e-04
1.060815e-03
-3.362388e-05
-8.069651e-04
1.160092e-04
-3.362356e-04
1.060815e-03
-3.362388e-05
-8.069651e-04
1.160092e-04
-2.017415e-04
-6.724709e-04
-2.017415e-04
9.599448e-04
1.160092e-04
3.950695e-04
-6.052271e-05
-4.034827e-04
-4.707329e-05
1.160092e-04
-1.075953e-03
-6.725059e-06
1.101164e-03
-1.344945e-04
1.160092e-04
3.950695e-04
-6.052271e-05
-4.034827e-04
-4.707329e-05
1.160092e-04
3.950695e-04
-6.052271e-05
-4.034827e-04
-4.707329e-05
1.160092e-04
-1.314639e-03
1.726055e-03
-3.305894e-04
-1.968360e-04
1.160092e-04
-2.017415e-04
-6.724709e-04
-2.017415e-04
9.599448e-04
1.160092e-04
-2.017415e-04
-6.724709e-04
-2.017415e-04
9.599448e-04
1.160092e-04
3.950695e-04
-6.052271e-05
-4.034827e-04
-4.707329e-05
1.160092e-04
-3.362356e-04
1.060815e-03
-3.362388e-05
-8.069651e-04
1.160092e-04
3.950695e-04
-6.052271e-05
-4.034827e-04
-4.707329e-05
1.160092e-04
3.950695e-04
-6.052271e-05
-4.034827e-04
-4.707329e-05
1.160092e-04
-3.362356e-04
1.060815e-03
-3.362388e-05
-8.069651e-04
1.160092e-04
3.950695e-04
-6.052271e-05
-4.034827e-04
-4.707329e-05
1.160092e-04
-3.362356e-04
1.060815e-03
-3.362388e-05
-8.069651e-04
1.160092e-04
3.950695e-04
-6.052271e-05
-4.034827e-04
-4.707329e-05
1.160092e-04
-2.017415e-04
-6.724709e-04
-2.017415e-04
9.599448e-04
1.160092e-04
3.950695e-04
-6.052271e-05
-4.034827e-04
-4.707329e-05
1.160092e-04
-1.075953e-03
-6.725059e-06
1.101164e-03
-1.344945e-04
1.160092e-04
-3.362356e-04
1.060815e-03
-3.362388e-05
-8.069651e-04
1.160092e-04
-2.017415e-04
-6.724709e-04
-2.017415e-04
9.599448e-04
1.160092e-04
-2.017415e-04
-6.724709e-04
-2.017415e-04
9.599448e-04
1.160092e-04
-2.017415e-04
-6.724709e-04
-2.017415e-04
9.599448e-04
1.160092e-04
3.950695e-04
-6.052271e-05
-4.034827e-04
-4.707329e-05
1.160092e-04
3.950695e-04
-6.052271e-05
-4.034827e-04
-4.707329e-05
1.160092e-04
-2.047749e-04
-4.956656e-04
-1.979499e-04
7.823812e-04
1.160092e-04
-2.017415e-04
-6.724709e-04
-2.017415e-04
9.599448e-04
1.160092e-04
-1.075953e-03
-6.725059e-06
1.101164e-03
-1.344945e-04
1.160092e-04
-2.017415e-04
-6.724709e-04
-2.017415e-04
9.599448e-04
1.160092e-04
-5.003208e-04
8.524068e-04
-3.868507e-04
-8.124449e-05
1.160092e-04
-7.039308e-04
-5.810351e-05
6.970296e-04
-5.100449e-05
1.160092e-04
1.332380e-04
2.073988e-04
-3.977077e-04
-5.893829e-05
1.160092e-04
-1.075953e-03
-6.725059e-06
1.101164e-03
-1.344945e-04
1.160092e-04
-1.075953e-03
-6.725059e-06
1.101164e-03
-1.344945e-04
1.160092e-04
3.950695e-04
-6.052271e-05
-4.034827e-04
-4.707329e-05
1.160092e-04
-1.075953e-03
-6.725059e-06
1.101164e-03
-1.344945e-04
1.160092e-04
3.950695e-04
-6.052271e-05
-4.034827e-04
-4.707329e-05
1.160092e-04
3.950695e-04
-6.052271e-05
-4.034827e-04
-4.707329e-05
1.160092e-04
-2.017415e-04
-6.724709e-04
-2.017415e-04
9.599448e-04
1.160092e-04
-2.017415e-04
-6.724709e-04
-2.017415e-04
9.599448e-04
1.160092e-04
-2.017415e-04
-6.724709e-04
-2.017415e-04
9.599448e-04
1.160092e-04
-2.017415e-04
-6.724709e-04
-2.017415e-04
9.599448e-04
1.160092e-04
-2.017415e-04
-6.724709e-04
-2.017415e-04
9.599448e-04
1.160092e-04
-3.362356e-04
1.060815e-03
-3.362388e-05
-8.069651e-04
1.160092e-04
-2.017415e-04
-6.724709e-04
-2.017415e-04
9.599448e-04
1.160092e-04
3.950695e-04
-6.052271e-05
-4.034827e-04
-4.707329e-05
1.160092e-04
-2.017415e-04
-6.724709e-04
-2.017415e-04
9.599448e-04
1.160092e-04
-2.017415e-04
-6.724709e-04
-2.017415e-04
9.599448e-04
1.160092e-04
-1.075953e-03
-6.725059e-06
1.101164e-03
-1.344945e-04
1.160092e-04
-3.331276e-04
1.237252e-03
-3.750888e-05
-9.826244e-04
1.160092e-04
3.950695e-04
-6.052271e-05
-4.034827e-04
-4.707329e-05
1.160092e-04
3.950695e-04
-6.052271e-05
-4.034827e-04
-4.707329e-05
1.160092e-04
-2.027495e-04
-6.655651e-04
-2.004815e-04
9.527870e-04
1.160092e-04
3.950695e-04
-6.052271e-05
-4.034827e-04
-4.707329e-05
1.160092e-04
-3.362356e-04
1.060815e-03
-3.362388e-05
-8.069651e-04
1.160092e-04
3.950695e-04
-6.052271e-05
-4.034827e-04
-4.707329e-05
1.160092e-04
3.826714e-03
-5.629284e-05
-3.832484e-03
-5.394683e-05
1.160092e-04
-3.362356e-04
1.060815e-03
-3.362388e-05
-8.069651e-04
1.160092e-04
3.950695e-04
-6.052271e-05
-4.034827e-04
-4.707329e-05
1.160092e-04
-3.266596e-04
-9.787491e-04
-4.982121e-05
1.239221e-03
1.160092e-04
-3.352276e-04
1.034061e-03
-3.488388e-05
-7.799587e-04
1.160092e-04
3.950695e-04
-6.052271e-05
-4.034827e-04
-4.707329e-05
1.160092e-04
-2.017415e-04
-6.724709e-04
-2.017415e-04
9.599448e-04
1.160092e-04
-2.017415e-04
-6.724709e-04
-2.017415e-04
9.599448e-04
1.160092e-04
-1.075953e-03
-6.725059e-06
1.101164e-03
-1.344945e-04
1.160092e-04
-2.017415e-04
-6.724709e-04
-2.017415e-04
9.599448e-04
1.160092e-04
-2.017415e-04
-6.724709e-04
-2.017415e-04
9.599448e-04
1.160092e-04
-2.017415e-04
-6.724709e-04
-2.017415e-04
9.599448e-04
1.160092e-04
3.950695e-04
-6.052271e-05
-4.034827e-04
-4.707329e-05
1.160092e-04
3.950695e-04
-6.052271e-05
-4.034827e-04
-4.707329e-05
1.160092e-04
-2.020945e-04
-1.488678e-03
-2.013004e-04
1.776063e-03
1.160092e-04
-1.075953e-03
-6.725059e-06
1.101164e-03
-1.344945e-04
1.160092e-04
-1.075953e-03
-6.725059e-06
1.101164e-03
-1.344945e-04
1.160092e-04
-3.362356e-04
1.060815e-03
-3.362388e-05
-8.069651e-04
1.160092e-04
3.950695e-04
-6.052271e-05
-4.034827e-04
-4.707329e-05
1.160092e-04
-3.362356e-04
1.060815e-03
-3.362388e-05
-8.069651e-04
1.160092e-04
-3.362356e-04
1.060815e-03
-3.362388e-05
-8.069651e-04
1.160092e-04
-2.017415e-04
-6.724709e-04
-2.017415e-04
9.599448e-04
1.160092e-04
3.950695e-04
-6.052271e-05
-4.034827e-04
-4.707329e-05
1.160092e-04
-3.352276e-04
1.053910e-03
-3.488388e-05
-7.998072e-04
1.160092e-04
3.950695e-04
-6.052271e-05
-4.034827e-04
-4.707329e-05
1.160092e-04
3.950695e-04
-6.052271e-05
-4.034827e-04
-4.707329e-05
1.160092e-04
-2.017415e-04
-6.724709e-04
-2.017415e-04
9.599448e-04
-5.284294e-04
8.338044e-04
-3.871072e-05
-2.355817e-04
-3.108251e-05
-5.284294e-04
7.442539e-04
8.131533e-05
-2.548475e-04
-4.229231e-05
-5.284294e-04
8.585932e-04
-3.911392e-05
-2.606225e-04
-3.042731e-05
-6.145600e-04
8.070287e-04
-3.687687e-05
-1.248858e-04
-3.070606e-05
-6.145600e-04
-2.209710e-04
1.227931e-03
9.967400e-05
-4.920744e-04
-6.145600e-04
8.185787e-04
8.271238e-05
-2.455251e-04
-4.120606e-05
1.371296e-03
-7.090547e-04
-4.067047e-06
-5.861468e-04
-7.202753e-05
1.371296e-03
-5.499762e-04
1.009104e-04
1.058769e-03
-1.980999e-03
1.371296e-03
-1.816599e-04
-7.355021e-04
-1.819414e-05
-4.359400e-04
2.426891e-03
-2.042744e-04
-1.331209e-06
-2.195703e-03
-2.558229e-05
2.426891e-03
-6.387346e-05
-2.203362e-03
-6.436699e-06
-1.532195e-04
2.426891e-03
-6.352052e-05
5.296646e-05
-6.877875e-06
-2.409459e-03
2.426891e-03
-3.834601e-05
-1.276921e-04
-3.834601e-05
-2.222507e-03
2.426891e-03
-2.329722e-03
-1.154219e-05
-7.663719e-05
-8.989444e-06
2.426891e-03
-6.387346e-05
-2.203362e-03
-6.436699e-06
-1.532195e-04
2.426891e-03
-2.329722e-03
-1.154219e-05
-7.663719e-05
-8.989444e-06
2.426891e-03
-2.329722e-03
-1.154219e-05
-7.663719e-05
-8.989444e-06
2.426891e-03
-3.834601e-05
-1.276921e-04
-3.834601e-05
-2.222507e-03
1.472410e-03
-3.060762e-03
-1.461088e-05
1.655589e-03
-5.262593e-05
1.472410e-03
-2.439227e-03
1.160027e-03
-9.166234e-05
-1.015473e-04
1.472410e-03
-2.442260e-03
1.336832e-03
-8.787068e-05
-2.791109e-04
1.371296e-03
-2.441335e-03
-2.159536e-04
-5.961363e-04
1.882129e-03
1.371296e-03
1.170722e-03
-2.224544e-03
-1.477851e-04
-1.696894e-04
1.371296e-03
-2.447509e-03
1.456317e-03
-8.839463e-05
-2.917099e-04
-5.284294e-04
1.710890e-03
-2.362027e-05
-1.103236e-03
-5.560448e-05
-5.284294e-04
9.337049e-04
-8.200345e-05
-2.514724e-04
-7.179968e-05
-5.284294e-04
-2.060544e-04
6.324616e-05
-1.274020e-04
7.986397e-04
1.160092e-04
4.772520e-04
-4.378586e-05
-4.752046e-04
-7.427067e-05
1.160092e-04
6.269059e-06
3.965767e-04
-4.354847e-04
-8.337016e-05
1.160092e-04
8.355923e-04
6.827573e-05
-3.296292e-04
-6.902480e-04
1.160092e-04
1.233573e-05
-8.688284e-05
-4.430681e-04
4.016060e-04
1.160092e-04
-2.844471e-04
8.966979e-04
-1.401427e-04
-5.881173e-04
1.160092e-04
7.019151e-04
1.961065e-04
-3.351732e-04
-6.788576e-04
1.160092e-04
-3.671966e-04
-1.712588e-04
1.178681e-03
-7.562348e-04
1.160092e-04
-4.908879e-04
-5.818790e-04
1.238781e-03
-2.820234e-04
1.160092e-04
-8.848149e-04
-5.350572e-04
-2.423427e-04
1.546206e-03
1.160092e-04
-1.139194e-03
-2.221871e-05
1.154721e-03
-1.093173e-04
1.160092e-04
2.660918e-03
-2.252342e-03
-3.332822e-04
-1.913034e-04
1.160092e-04
1.977872e-04
-3.914655e-04
-1.700072e-04
2.476763e-04
2.045577e-04
3.078616e-04
-6.068135e-05
-4.045414e-04
-4.719665e-05
2.045577e-04
6.351508e-04
2.544870e-04
-3.414774e-04
-7.527181e-04
2.045577e-04
1.990050e-04
-1.150907e-03
-1.727203e-04
9.200643e-04
2.045577e-04
-1.007256e-03
-5.035177e-04
2.153948e-04
1.090821e-03
2.045577e-04
-3.704845e-04
5.219250e-04
4.227509e-04
-7.787492e-04
2.045577e-04
-1.243346e-04
-8.828469e-05
-3.954414e-04
4.035029e-04
-6.760000e-08
4.219808e-05
-5.841333e-05
6.754618e-05
-5.126333e-05
-6.760000e-08
-3.369920e-04
6.272044e-04
-3.506000e-05
-2.550848e-04
-6.760000e-08
1.070537e-03
-6.003360e-05
-9.618051e-04
-4.863040e-05
-6.760000e-08
-5.107440e-04
-5.878667e-05
6.202549e-04
-5.065667e-05
-6.760000e-08
6.741877e-04
-6.000000e-05
-5.654351e-04
-4.868500e-05
-6.760000e-08
-1.076660e-03
-7.163200e-06
1.218435e-03
-1.345448e-04
-6.760000e-08
-5.833681e-04
-7.600000e-06
7.248707e-04
-1.338350e-04
-6.760000e-08
4.805507e-04
-2.147312e-05
-3.998250e-04
-5.918500e-05
1.753174e-05
-1.982515e-04
-6.608348e-04
-1.982515e-04
1.039806e-03
1.753174e-05
-1.057335e-03
-6.609850e-06
1.178581e-03
-1.321682e-04
-6.760000e-08
-4.765541e-03
-6.853333e-06
4.907510e-03
-1.350483e-04
-6.760000e-08
9.954522e-04
-5.959680e-05
-8.864476e-04
-4.934020e-05
-6.760000e-08
-2.933335e-04
-7.163200e-06
4.351091e-04
-1.345448e-04
-6.760000e-08
-2.164500e-04
-6.656050e-04
-2.601101e-04
1.142233e-03
-6.760000e-08
5.485945e-04
2.730875e-04
-5.597600e-05
-7.656384e-04
-6.760000e-08
-2.162493e-04
-3.392606e-03
-1.859883e-04
3.794911e-03
-6.760000e-08
-3.452599e-05
4.904368e-04
-4.028280e-04
-5.301520e-05
-6.760000e-08
-8.022787e-04
-9.179200e-06
9.427943e-04
-1.312688e-04
-6.760000e-08
-3.187552e-04
1.160900e-03
-3.657200e-05
-8.055048e-04
-6.760000e-08
4.588492e-04
3.652417e-04
-5.369167e-05
-7.703317e-04
-6.760000e-08
9.707845e-04
-6.000000e-05
-8.620319e-04
-4.868500e-05
-6.760000e-08
-3.328667e-04
1.074844e-03
-4.021667e-05
-7.016932e-04
-8.815836e-04
-9.497469e-04
-5.944108e-06
1.956000e-03
-1.187256e-04
-8.815836e-04
-9.497469e-04
-5.944108e-06
1.956000e-03
-1.187256e-04
-8.815836e-04
1.332734e-03
-5.343104e-05
-3.561602e-04
-4.155931e-05
7.032303e-04
-3.066769e-04
-4.697023e-05
-3.130474e-04
-3.653583e-05
7.032303e-04
-3.066769e-04
-4.697023e-05
-3.130474e-04
-3.653583e-05
7.032303e-04
-2.248665e-04
-5.121804e-04
-1.596814e-04
1.934980e-04
7.032303e-04
-3.066769e-04
-4.697023e-05
-3.130474e-04
-3.653583e-05
7.032303e-04
-3.066769e-04
-4.697023e-05
-3.130474e-04
-3.653583e-05
7.032303e-04
-1.565314e-04
-5.217354e-04
-1.565314e-04
1.315679e-04
1.920449e-03
-1.480820e-03
-5.206756e-05
-3.470618e-04
-4.049916e-05
1.920449e-03
-1.480820e-03
-5.206756e-05
-3.470618e-04
-4.049916e-05
1.920449e-03
8.619580e-05
-5.688748e-04
-1.766858e-04
-1.261084e-03
2.801965e-03
-2.299727e-03
-5.947652e-05
-3.965015e-04
-4.625985e-05
2.801965e-03
-2.140764e-03
-1.114585e-05
-5.252578e-04
-1.247972e-04
2.801965e-03
-1.982515e-04
-6.608348e-04
-1.982515e-04
-1.744627e-03
-6.760000e-08
6.727905e-04
-1.250933e-05
-5.343563e-04
-1.258573e-04
-6.760000e-08
-1.164514e-03
-7.163200e-06
1.306290e-03
-1.345448e-04
-6.760000e-08
-3.349667e-04
1.123766e-03
-3.759167e-05
-7.511401e-04
-6.760000e-08
-1.076377e-03
-7.163200e-06
1.218153e-03
-1.345448e-04
-6.760000e-08
-2.038080e-04
-6.688117e-04
-2.015400e-04
1.074227e-03
-6.760000e-08
-1.442349e-04
-6.043680e-05
2.527145e-04
-4.797520e-05
-6.760000e-08
-2.940329e-04
-5.959680e-05
4.030375e-04
-4.934020e-05
-6.760000e-08
-9.724160e-04
9.513228e-04
2.238556e-04
-2.026948e-04
-6.760000e-08
-5.814740e-04
1.347615e-03
-1.086440e-04
-6.574296e-04
-6.760000e-08
-1.023996e-03
-7.163200e-06
1.165772e-03
-1.345448e-04
-6.760000e-08
-2.038080e-04
-6.492456e-04
-2.015400e-04
1.054661e-03
-6.760000e-08
-3.354833e-04
-3.633618e-03
-3.694583e-05
4.006115e-03
-6.760000e-08
-3.359000e-04
3.959009e-04
-3.642500e-05
-2.350833e-05
-6.760000e-08
1.056566e-03
-6.069882e-05
-9.482503e-04
-4.754941e-05
-6.760000e-08
-2.038080e-04
-1.261984e-04
-2.015400e-04
5.316140e-04
-6.760000e-08
-3.031027e-04
3.558437e-04
-7.742167e-05
2.474822e-05
-6.760000e-08
3.762238e-04
-6.003360e-05
-2.674922e-04
-4.863040e-05
-6.760000e-08
-3.359000e-04
1.053083e-03
-3.642500e-05
-6.806907e-04
-6.760000e-08
-2.049000e-04
-1.736731e-04
-2.001750e-04
5.788157e-04
-6.760000e-08
1.106429e-02
-1.061063e-02
-4.049583e-04
-4.863833e-05
-6.760000e-08
-2.058333e-04
3.604455e-05
-1.990083e-04
3.688647e-04
-6.760000e-08
-1.076377e-03
-7.163200e-06
1.218153e-03
-1.345448e-04
-6.760000e-08
-3.376471e-04
2.243085e-03
-3.424118e-05
-1.871129e-03
-6.760000e-08
-4.876314e-04
-7.163200e-06
6.294070e-04
-1.345448e-04
-6.760000e-08
-1.145369e-03
-7.163200e-06
1.287144e-03
-1.345448e-04
-6.760000e-08
5.086049e-04
-6.043680e-05
-4.001253e-04
-4.797520e-05
-6.760000e-08
-4.235375e-04
-7.163200e-06
5.653131e-04
-1.345448e-04
-6.760000e-08
-2.164500e-04
-6.656050e-04
4.244066e-04
4.577160e-04
-6.760000e-08
-3.376471e-04
4.848559e-04
-3.424118e-05
-1.129001e-04
6.932918e-04
-2.022708e-04
-6.742355e-04
-2.022708e-04
3.854852e-04
6.932918e-04
-1.808725e-04
-6.068135e-05
-4.045414e-04
-4.719665e-05
6.932918e-04
4.708395e-04
-9.607672e-04
-8.738794e-05
-1.159762e-04
6.932918e-04
-2.032788e-04
1.159966e-04
-2.010108e-04
-4.049989e-04
6.932918e-04
-1.808725e-04
-6.068135e-05
-4.045414e-04
-4.719665e-05
6.932918e-04
-1.078777e-03
-6.742529e-06
5.270746e-04
-1.348472e-04
6.932918e-04
-2.032788e-04
-8.000817e-04
-2.010108e-04
5.110794e-04
6.932918e-04
-2.022708e-04
-6.742355e-04
-2.022708e-04
3.854852e-04
6.932918e-04
-1.078777e-03
-6.742529e-06
5.270746e-04
-1.348472e-04
6.932918e-04
-1.078777e-03
-6.742529e-06
5.270746e-04
-1.348472e-04
6.932918e-04
-1.808725e-04
-6.068135e-05
-4.045414e-04
-4.719665e-05
6.932918e-04
-8.910667e-04
-7.145729e-06
3.391126e-04
-1.341920e-04
6.932918e-04
-2.022708e-04
-6.742355e-04
-2.022708e-04
3.854852e-04
6.932918e-04
-1.808725e-04
-6.068135e-05
-4.045414e-04
-4.719665e-05
6.932918e-04
-1.808725e-04
-6.068135e-05
-4.045414e-04
-4.719665e-05
6.932918e-04
-2.022708e-04
-6.742355e-04
-2.022708e-04
3.854852e-04
6.932918e-04
-1.808725e-04
-6.068135e-05
-4.045414e-04
-4.719665e-05
6.932918e-04
-1.073836e-03
-7.145729e-06
5.218823e-04
-1.341920e-04
6.932918e-04
-1.808725e-04
-6.068135e-05
-4.045414e-04
-4.719665e-05
6.932918e-04
-2.022708e-04
-6.742355e-04
-2.022708e-04
3.854852e-04
6.932918e-04
-3.371178e-04
4.866205e-04
-3.371194e-05
-8.090825e-04
6.932918e-04
-2.022708e-04
-6.742355e-04
-2.022708e-04
3.854852e-04
6.932918e-04
-3.371178e-04
4.866205e-04
-3.371194e-05
-8.090825e-04
6.932918e-04
-1.808725e-04
-6.068135e-05
-4.045414e-04
-4.719665e-05
6.932918e-04
3.931102e-05
-5.987495e-05
-6.242208e-04
-4.850705e-05
6.932918e-04
-1.404936e-03
-6.172295e-05
7.031283e-04
7.023875e-05
6.932918e-04
1.909702e-04
-5.608351e-05
-4.757194e-05
-7.806065e-04
6.932918e-04
-1.808725e-04
-6.068135e-05
-4.045414e-04
-4.719665e-05
6.932918e-04
-1.078777e-03
-6.742529e-06
5.270746e-04
-1.348472e-04
6.932918e-04
-8.094167e-04
5.883253e-04
-3.851374e-04
-8.706305e-05
6.932918e-04
-2.022708e-04
-6.742355e-04
-2.022708e-04
3.854852e-04
6.932918e-04
-1.808725e-04
-6.068135e-05
-4.045414e-04
-4.719665e-05
6.932918e-04
-2.022708e-04
-6.742355e-04
-2.022708e-04
3.854852e-04
6.932918e-04
-2.043708e-04
-7.248255e-04
-1.996458e-04
4.355502e-04
6.932918e-04
-2.022708e-04
-6.742355e-04
-2.022708e-04
3.854852e-04
6.932918e-04
-1.078777e-03
-6.742529e-06
5.270746e-04
-1.348472e-04
6.932918e-04
-1.078777e-03
-6.742529e-06
5.270746e-04
-1.348472e-04
6.932918e-04
-1.078777e-03
-6.742529e-06
5.270746e-04
-1.348472e-04
6.932918e-04
-1.808725e-04
-6.068135e-05
-4.045414e-04
-4.719665e-05
6.932918e-04
-3.371178e-04
4.866205e-04
-3.371194e-05
-8.090825e-04
6.932918e-04
-1.808725e-04
-6.068135e-05
-4.045414e-04
-4.719665e-05
6.932918e-04
-1.808725e-04
-6.068135e-05
-4.045414e-04
-4.719665e-05
6.932918e-04
-3.371178e-04
4.866205e-04
-3.371194e-05
-8.090825e-04
6.932918e-04
-1.808725e-04
-6.068135e-05
-4.045414e-04
-4.719665e-05
6.932918e-04
-2.022708e-04
-6.742355e-04
-2.022708e-04
3.854852e-04
6.932918e-04
-1.078777e-03
-6.742529e-06
5.270746e-04
-1.348472e-04
6.932918e-04
-1.808725e-04
-6.068135e-05
-4.045414e-04
-4.719665e-05
6.932918e-04
-3.371178e-04
4.866205e-04
-3.371194e-05
-8.090825e-04
6.932918e-04
-3.371178e-04
4.866205e-04
-3.371194e-05
-8.090825e-04
6.932918e-04
-2.022708e-04
-6.742355e-04
-2.022708e-04
3.854852e-04
6.932918e-04
-1.078777e-03
-6.742529e-06
5.270746e-04
-1.348472e-04
6.932918e-04
-1.078777e-03
-6.742529e-06
5.270746e-04
-1.348472e-04
6.932918e-04
-1.808725e-04
-6.068135e-05
-4.045414e-04
-4.719665e-05
6.932918e-04
-2.022708e-04
-6.742355e-04
-2.022708e-04
3.854852e-04
6.932918e-04
-1.078777e-03
-6.742529e-06
5.270746e-04
-1.348472e-04
6.932918e-04
-3.371178e-04
4.866205e-04
-3.371194e-05
-8.090825e-04
6.932918e-04
-1.808725e-04
-6.068135e-05
-4.045414e-04
-4.719665e-05
6.932918e-04
-1.078777e-03
-6.742529e-06
5.270746e-04
-1.348472e-04
6.932918e-04
-2.022708e-04
-6.742355e-04
-2.022708e-04
3.854852e-04
6.932918e-04
-1.078777e-03
-6.742529e-06
5.270746e-04
-1.348472e-04
6.932918e-04
-1.078777e-03
-6.742529e-06
5.270746e-04
-1.348472e-04
6.932918e-04
-1.078777e-03
-6.742529e-06
5.270746e-04
-1.348472e-04
6.932918e-04
-1.808725e-04
-6.068135e-05
-4.045414e-04
-4.719665e-05
6.932918e-04
-2.022708e-04
-6.742355e-04
-2.022708e-04
3.854852e-04
6.932918e-04
-1.808725e-04
-6.068135e-05
-4.045414e-04
-4.719665e-05
6.932918e-04
-1.073554e-03
-7.145729e-06
5.215999e-04
-1.341920e-04
6.932918e-04
-1.808725e-04
-6.068135e-05
-4.045414e-04
-4.719665e-05
6.932918e-04
-1.078777e-03
-6.742529e-06
5.270746e-04
-1.348472e-04
6.932918e-04
-1.808725e-04
-6.068135e-05
-4.045414e-04
-4.719665e-05
6.932918e-04
-1.808725e-04
-6.068135e-05
-4.045414e-04
-4.719665e-05
6.932918e-04
-1.808725e-04
-6.068135e-05
-4.045414e-04
-4.719665e-05
6.932918e-04
-2.022708e-04
-6.742355e-04
-2.022708e-04
3.854852e-04
6.932918e-04
-2.022708e-04
-6.742355e-04
-2.022708e-04
3.854852e-04
6.932918e-04
-1.808725e-04
-6.068135e-05
-4.045414e-04
-4.719665e-05
6.932918e-04
-1.078777e-03
-6.742529e-06
5.270746e-04
-1.348472e-04
6.932918e-04
-2.022708e-04
-6.742355e-04
-2.022708e-04
3.854852e-04
6.932918e-04
-1.808725e-04
-6.068135e-05
-4.045414e-04
-4.719665e-05
6.932918e-04
-1.808725e-04
-6.068135e-05
-4.045414e-04
-4.719665e-05
6.932918e-04
-2.022708e-04
-6.742355e-04
-2.022708e-04
3.854852e-04
-6.760000e-08
-1.616430e-03
-7.600000e-06
1.757933e-03
-1.338350e-04
-6.760000e-08
2.359534e-03
-5.864597e-04
7.433432e-05
-1.847341e-03
-6.760000e-08
-2.974027e-04
3.249022e-03
-8.454667e-05
-2.867005e-03
-6.760000e-08
-1.616882e-03
-8.843200e-06
1.757607e-03
-1.318148e-04
-6.760000e-08
4.580414e-04
-2.130563e-06
-4.028280e-04
-5.301520e-05
-6.760000e-08
-6.615759e-04
-7.566400e-06
8.030995e-04
-1.338896e-04
-6.760000e-08
-2.049000e-04
-6.270781e-04
-2.001750e-04
1.032221e-03
-6.760000e-08
-1.076377e-03
-7.163200e-06
1.218153e-03
-1.345448e-04
-6.760000e-08
-1.624339e-03
-6.901176e-06
1.766278e-03
-1.349706e-04
-6.760000e-08
8.133934e-05
-5.307840e-05
3.173926e-05
-5.993260e-05
-6.760000e-08
5.086049e-04
-6.043680e-05
-4.001253e-04
-4.797520e-05
-4.818003e-04
9.875835e-04
-5.989605e-05
-3.993010e-04
-4.658605e-05
-4.818003e-04
9.875835e-04
-5.989605e-05
-3.993010e-04
-4.658605e-05
-6.760000e-08
-2.049000e-04
1.111667e-04
-2.001750e-04
2.939759e-04
-6.760000e-08
-2.031529e-04
-4.665224e-04
-2.023588e-04
8.721018e-04
-6.760000e-08
5.841485e-04
-6.542640e-05
-4.040880e-04
-1.145665e-04
-6.760000e-08
-4.977296e-03
-6.994510e-06
5.119177e-03
-1.348189e-04
-6.760000e-08
-3.359000e-04
1.134146e-03
-3.642500e-05
-7.617531e-04
-6.760000e-08
-2.014713e-03
-6.901176e-06
2.156652e-03
-1.349706e-04
-6.760000e-08
-6.734069e-04
-6.664450e-04
-2.059500e-04
1.545870e-03
5.970993e-05
-1.064801e-03
-6.656050e-06
1.144848e-03
-1.331010e-04
5.970993e-05
-2.078830e-04
1.426588e-03
-1.893610e-04
-1.089054e-03
-6.760000e-08
9.380346e-05
-6.003360e-05
1.492814e-05
-4.863040e-05
-6.760000e-08
-8.583480e-04
-5.922720e-05
9.675836e-04
-4.994080e-05
-6.760000e-08
-3.359840e-04
7.591123e-04
-3.632000e-05
-3.867407e-04
-6.760000e-08
-2.174580e-04
-5.576877e-06
-5.750353e-04
7.981378e-04
-6.760000e-08
7.983494e-04
-6.000000e-05
-6.895968e-04
-4.868500e-05
-6.760000e-08
4.890388e-04
-6.043680e-05
-3.805592e-04
-4.797520e-05
-6.760000e-08
2.602161e-04
-6.043680e-05
-1.517365e-04
-4.797520e-05
-6.760000e-08
4.322136e-04
-6.000000e-05
-3.234610e-04
-4.868500e-05
-6.760000e-08
2.376661e-04
2.214115e-04
-3.998250e-04
-5.918500e-05
-6.760000e-08
5.982122e-04
-6.069882e-05
-4.898963e-04
-4.754941e-05
-6.760000e-08
-2.492520e-04
4.870347e-04
-1.447350e-04
-9.298009e-05
-6.760000e-08
-3.369920e-04
8.314374e-04
-3.506000e-05
-4.593178e-04
-6.760000e-08
-1.624339e-03
-6.901176e-06
1.766278e-03
-1.349706e-04
-6.760000e-08
-1.624339e-03
-6.901176e-06
1.766278e-03
-1.349706e-04
-6.760000e-08
-7.186630e-04
-7.600000e-06
8.601656e-04
-1.338350e-04
-6.760000e-08
5.298144e-05
-5.267520e-05
6.034916e-05
-6.058780e-05
-6.760000e-08
-3.369920e-04
1.264016e-03
-3.506000e-05
-8.918965e-04
-6.760000e-08
-4.724338e-04
-7.566400e-06
6.139574e-04
-1.338896e-04
-6.760000e-08
1.716221e-04
-6.043680e-05
-6.314246e-05
-4.797520e-05
-6.760000e-08
-1.028394e-03
-7.163200e-06
1.170170e-03
-1.345448e-04
-6.760000e-08
-1.284485e-03
-8.440000e-06
1.425462e-03
-1.324700e-04
-6.760000e-08
-9.936517e-04
-5.673333e-05
1.104446e-03
-5.399333e-05
-6.760000e-08
6.811466e-05
-7.969600e-06
7.315694e-05
-1.332344e-04
-6.760000e-08
-2.164500e-04
-6.656050e-04
-6.623819e-04
1.544505e-03
-6.760000e-08
-7.393945e-04
-7.163200e-06
8.811701e-04
-1.345448e-04
-6.760000e-08
-1.156836e-03
2.000880e-03
-3.477059e-05
-8.092059e-04
1.350354e-04
3.672024e-04
-5.947652e-05
-3.965015e-04
-4.625985e-05
1.350354e-04
3.672024e-04
-5.947652e-05
-3.965015e-04
-4.625985e-05
1.350354e-04
-1.057335e-03
-6.609850e-06
1.061077e-03
-1.321682e-04
1.350354e-04
3.672024e-04
-5.947652e-05
-3.965015e-04
-4.625985e-05
1.350354e-04
-1.057335e-03
-6.609850e-06
1.061077e-03
-1.321682e-04
-6.760000e-08
-9.758280e-04
-7.163200e-06
1.117604e-03
-1.345448e-04
-6.760000e-08
-8.082184e-04
-7.600000e-06
9.497210e-04
-1.338350e-04
-6.760000e-08
-2.240100e-04
-7.731756e-04
-6.300238e-04
1.627277e-03
-6.760000e-08
-2.038080e-04
-1.248808e-03
-2.015400e-04
1.654223e-03
-6.760000e-08
-2.190797e-04
-5.922720e-05
3.283153e-04
-4.994080e-05
-6.760000e-08
-2.933335e-04
-7.163200e-06
4.351091e-04
-1.345448e-04
-6.760000e-08
-4.765541e-03
-6.853333e-06
4.907510e-03
-1.350483e-04
-6.760000e-08
-8.082184e-04
-7.600000e-06
9.497210e-04
-1.338350e-04
-6.760000e-08
-2.164500e-04
-6.656050e-04
-7.402552e-04
1.622378e-03
-6.760000e-08
-2.038080e-04
-6.492456e-04
-2.015400e-04
1.054661e-03
-6.760000e-08
-1.452470e-03
-7.600000e-06
1.593973e-03
-1.338350e-04
-6.760000e-08
-2.059080e-04
4.222611e-04
-1.989150e-04
-1.737053e-05
-6.760000e-08
-9.758280e-04
-7.163200e-06
1.117604e-03
-1.345448e-04
-6.760000e-08
-9.557107e-04
-7.600000e-06
1.097213e-03
-1.338350e-04
-6.760000e-08
9.876226e-04
-6.043680e-05
-8.791430e-04
-4.797520e-05
-6.760000e-08
-3.377667e-04
5.067068e-03
-3.409167e-05
-4.695142e-03
-6.760000e-08
-2.014713e-03
-6.901176e-06
2.156652e-03
-1.349706e-04
-6.760000e-08
5.685127e-04
-6.000000e-05
-4.597601e-04
-4.868500e-05
-6.760000e-08
-2.049000e-04
-2.019473e-06
-2.001750e-04
4.071621e-04
-6.760000e-08
4.292743e-04
-6.000000e-05
-3.205217e-04
-4.868500e-05
-6.760000e-08
4.690007e-04
-6.000000e-05
-3.602481e-04
-4.868500e-05
-6.760000e-08
-5.277024e-04
-7.163200e-06
6.694780e-04
-1.345448e-04
-6.760000e-08
-5.457124e-04
-7.464167e-05
-4.010500e-04
1.021472e-03
-6.760000e-08
-9.557107e-04
-7.600000e-06
1.097213e-03
-1.338350e-04
-6.760000e-08
-1.449613e-03
-8.776000e-06
1.590381e-03
-1.319240e-04
-6.760000e-08
4.322136e-04
-6.000000e-05
-3.234610e-04
-4.868500e-05
-6.760000e-08
-2.053167e-04
2.432273e-03
-1.996542e-04
-2.027235e-03
-6.760000e-08
-1.075048e-03
-1.174960e-05
4.366211e-04
6.502441e-04
-6.760000e-08
-1.018773e-03
-7.566400e-06
1.160297e-03
-1.338896e-04
-6.760000e-08
7.373989e-04
-2.785649e-04
-4.000560e-04
-5.871040e-05
-6.760000e-08
-2.361060e-04
-6.506362e-04
4.736882e-04
4.131216e-04
-6.760000e-08
-1.971940e-04
-5.842080e-05
3.069336e-04
-5.125120e-05
-6.760000e-08
-8.014100e-05
-6.043680e-05
1.886206e-04
-4.797520e-05
-6.760000e-08
1.716221e-04
-6.043680e-05
-6.314246e-05
-4.797520e-05
-6.760000e-08
-7.393945e-04
-7.163200e-06
8.811701e-04
-1.345448e-04
-6.760000e-08
2.404460e-04
-6.000000e-05
-1.316934e-04
-4.868500e-05
-6.760000e-08
-8.938900e-04
-7.163200e-06
1.035666e-03
-1.345448e-04
-6.760000e-08
-1.442349e-04
-6.043680e-05
2.527145e-04
-4.797520e-05
-6.760000e-08
-3.754704e-04
-7.973333e-06
5.167397e-04
-1.332283e-04
-6.760000e-08
-1.036773e-03
-7.600000e-06
1.178276e-03
-1.338350e-04
-6.760000e-08
3.879383e-04
-6.000000e-05
-2.791857e-04
-4.868500e-05
-6.760000e-08
1.203631e-03
-6.621983e-04
-2.073500e-04
-3.340152e-04
-6.760000e-08
1.539538e-03
-1.881051e-05
-1.405042e-03
-1.156179e-04
-6.760000e-08
1.105340e-03
-6.380441e-04
-8.862175e-05
-3.786065e-04
-6.760000e-08
-2.677373e-04
-5.795092e-04
-1.287632e-03
2.134946e-03
-6.760000e-08
-3.359000e-04
6.807407e-04
-3.642500e-05
-3.083481e-04
-6.760000e-08
-2.225167e-04
-6.609850e-04
2.631228e-03
-1.747659e-03
-6.760000e-08
9.165911e-04
-5.959680e-05
-8.075865e-04
-4.934020e-05
-6.760000e-08
-2.395963e-03
-5.176427e-05
2.509863e-03
-6.206807e-05
-6.760000e-08
-2.526472e-04
-8.376533e-06
3.936644e-04
-1.325731e-04
-6.760000e-08
-9.919720e-04
1.147676e-03
6.104401e-05
-2.166800e-04
-6.760000e-08
-2.038080e-04
-1.597188e-05
-2.015400e-04
4.213875e-04
-6.760000e-08
-3.369920e-04
1.581295e-03
-3.506000e-05
-1.209176e-03
-6.760000e-08
4.250958e-04
-6.668272e-04
-2.058240e-04
4.476230e-04
-6.760000e-08
-2.069160e-04
-5.594013e-04
-1.976550e-04
9.640399e-04
-6.760000e-08
-3.338840e-04
1.662851e-03
-3.894500e-05
-1.289954e-03
-6.760000e-08
-3.359000e-04
1.134146e-03
-3.642500e-05
-7.617531e-04
-6.760000e-08
4.250958e-04
-6.668272e-04
-2.058240e-04
4.476230e-04
-6.760000e-08
-3.307760e-04
6.203449e-04
-4.283000e-05
-2.466713e-04
-6.760000e-08
-2.058333e-04
-8.513943e-04
-1.990083e-04
1.256304e-03
-6.760000e-08
1.641630e-04
-6.043680e-05
-5.568336e-05
-4.797520e-05
-6.760000e-08
-2.205527e-04
1.964088e-03
-4.346000e-05
-1.700008e-03
-6.760000e-08
5.086049e-04
-6.043680e-05
-4.001253e-04
-4.797520e-05
-6.760000e-08
-6.341096e-04
-8.440000e-06
7.750872e-04
-1.324700e-04
-6.760000e-08
-2.343333e-06
-7.973333e-06
1.436126e-04
-1.332283e-04
-6.760000e-08
-3.369920e-04
1.308914e-03
-3.506000e-05
-9.367943e-04
-6.760000e-08
-2.112000e-04
-9.975627e-04
-1.923000e-04
1.401130e-03
-6.760000e-08
-2.038080e-04
-1.201368e-04
-2.015400e-04
5.255524e-04
-6.760000e-08
-3.359840e-04
7.591123e-04
-3.632000e-05
-3.867407e-04
-6.760000e-08
1.169803e-03
-5.962667e-05
-1.060817e-03
-4.929167e-05
-6.760000e-08
6.695223e-04
-4.171787e-05
-5.493434e-04
-7.839347e-05
-6.760000e-08
-3.377667e-04
1.156811e-02
-3.409167e-05
-1.119618e-02
-6.760000e-08
8.228597e-04
-6.482391e-04
-2.260050e-04
5.145192e-05
-6.760000e-08
5.685127e-04
-6.000000e-05
-4.597601e-04
-4.868500e-05
-6.760000e-08
-2.495126e-04
-3.026773e-05
3.768478e-04
-9.699993e-05
-6.760000e-08
1.518422e-03
-5.959680e-05
-1.409418e-03
-4.934020e-05
2.416515e-04
-2.012885e-04
-6.709605e-04
-2.012885e-04
8.318860e-04
2.416515e-04
-2.012885e-04
-6.709605e-04
-2.012885e-04
8.318860e-04
2.416515e-04
-1.073537e-03
-6.710104e-06
9.727876e-04
-1.341925e-04
2.416515e-04
2.682796e-04
-6.038690e-05
-4.025765e-04
-4.696770e-05
2.416515e-04
-3.354805e-04
9.325300e-04
-3.354850e-05
-8.051525e-04
2.416515e-04
2.682796e-04
-6.038690e-05
-4.025765e-04
-4.696770e-05
2.416515e-04
-1.073537e-03
-6.710104e-06
9.727876e-04
-1.341925e-04
2.416515e-04
-2.012885e-04
-6.709605e-04
-2.012885e-04
8.318860e-04
-6.760000e-08
7.275234e-04
-2.735123e-04
-4.046294e-04
-4.931412e-05
-2.159862e-04
-3.371178e-04
1.395899e-03
-3.371194e-05
-8.090825e-04
-6.760000e-08
4.915837e-04
-1.764652e-05
-3.857340e-04
-8.813560e-05
-6.760000e-08
1.737278e-03
-9.216533e-06
-1.596786e-03
-1.312081e-04
-6.760000e-08
-4.073129e-04
1.249457e-03
-3.657200e-05
-8.055048e-04
-6.760000e-08
-3.369920e-04
6.332660e-04
-3.506000e-05
-2.611464e-04
-6.760000e-08
-3.369920e-04
1.328369e-03
-3.506000e-05
-9.562491e-04
-6.760000e-08
-5.009718e-04
-6.664450e-04
-2.059500e-04
1.373434e-03
-6.760000e-08
-2.164500e-04
-6.656050e-04
-2.479498e-04
1.130072e-03
-6.760000e-08
1.048658e-03
-6.000000e-05
-9.399052e-04
-4.868500e-05
-6.760000e-08
-7.967295e-04
-7.163200e-06
9.385051e-04
-1.345448e-04
-6.760000e-08
-2.014713e-03
-6.901176e-06
2.156652e-03
-1.349706e-04
-6.760000e-08
-2.301000e-04
-6.552100e-04
5.635635e-04
3.218141e-04
6.851763e-04
-3.317096e-04
4.758066e-04
-3.317209e-05
-7.961013e-04
6.851763e-04
-1.061468e-03
-6.635425e-06
5.156116e-04
-1.326846e-04
6.851763e-04
-3.317096e-04
4.758066e-04
-3.317209e-05
-7.961013e-04
6.851763e-04
-3.317096e-04
4.758066e-04
-3.317209e-05
-7.961013e-04
6.851763e-04
-1.990263e-04
-6.634179e-04
-1.990263e-04
3.762941e-04
6.851763e-04
-1.144697e-02
-6.728758e-06
1.090105e-02
-1.325329e-04
6.851763e-04
-1.990263e-04
-6.634179e-04
-1.990263e-04
3.762941e-04
6.851763e-04
-1.809759e-04
-5.970876e-05
-3.980513e-04
-4.644042e-05
6.851763e-04
-3.317096e-04
4.758066e-04
-3.317209e-05
-7.961013e-04
6.851763e-04
-2.078724e-04
-6.566813e-04
4.138819e-04
-2.345046e-04
6.851763e-04
-1.061468e-03
-6.635425e-06
5.156116e-04
-1.326846e-04
6.851763e-04
-1.061468e-03
-6.635425e-06
5.156116e-04
-1.326846e-04
6.851763e-04
-1.061468e-03
-6.635425e-06
5.156116e-04
-1.326846e-04
6.851763e-04
-1.990263e-04
-6.634179e-04
-1.990263e-04
3.762941e-04
6.851763e-04
-3.317096e-04
4.758066e-04
-3.317209e-05
-7.961013e-04
6.851763e-04
-1.990263e-04
-6.634179e-04
-1.990263e-04
3.762941e-04
6.851763e-04
-3.317096e-04
4.758066e-04
-3.317209e-05
-7.961013e-04
6.851763e-04
-1.990263e-04
-6.634179e-04
-1.990263e-04
3.762941e-04
6.851763e-04
-3.317096e-04
4.758066e-04
-3.317209e-05
-7.961013e-04
6.851763e-04
-1.990263e-04
-6.634179e-04
-1.990263e-04
3.762941e-04
6.851763e-04
-1.809759e-04
-5.970876e-05
-3.980513e-04
-4.644042e-05
6.851763e-04
-1.061468e-03
-6.635425e-06
5.156116e-04
-1.326846e-04
6.851763e-04
-1.061468e-03
-6.635425e-06
5.156116e-04
-1.326846e-04
6.851763e-04
-1.990263e-04
-6.634179e-04
-1.990263e-04
3.762941e-04
6.851763e-04
-9.150977e-05
-6.429516e-05
-3.965393e-04
-1.328321e-04
6.851763e-04
-1.061468e-03
-6.635425e-06
5.156116e-04
-1.326846e-04
6.851763e-04
-5.306405e-04
-5.930556e-05
-4.813462e-05
-4.709562e-05
6.851763e-04
-3.313567e-04
-2.224050e-04
-3.361327e-05
-9.780136e-05
6.851763e-04
-3.317096e-04
4.758066e-04
-3.317209e-05
-7.961013e-04
6.851763e-04
-1.809759e-04
-5.970876e-05
-3.980513e-04
-4.644042e-05
6.851763e-04
-1.061468e-03
-6.635425e-06
5.156116e-04
-1.326846e-04
3.127051e-03
-2.632410e-03
-5.857752e-05
-3.905025e-04
-4.556085e-05
3.127051e-03
-1.952525e-04
-6.508358e-04
-1.952525e-04
-2.085710e-03
3.127051e-03
-1.962605e-04
-5.430983e-04
-1.939925e-04
-2.193700e-03
3.127051e-03
-1.952525e-04
-6.508358e-04
-1.952525e-04
-2.085710e-03
3.127051e-03
-1.041336e-03
-6.510850e-06
-1.949035e-03
-1.301692e-04
3.127051e-03
-2.632410e-03
-5.857752e-05
-3.905025e-04
-4.556085e-05
3.127051e-03
-1.041336e-03
-6.510850e-06
-1.949035e-03
-1.301692e-04
3.127051e-03
-3.254192e-04
-1.988085e-03
-3.254418e-05
-7.810025e-04
3.127051e-03
-3.254192e-04
-1.988085e-03
-3.254418e-05
-7.810025e-04
3.127051e-03
-2.089025e-04
-6.404408e-04
-1.530506e-04
-2.124657e-03
3.127051e-03
-1.041336e-03
-6.510850e-06
-1.949035e-03
-1.301692e-04
3.127051e-03
-1.041336e-03
-6.510850e-06
-1.949035e-03
-1.301692e-04
3.127051e-03
-1.041336e-03
-6.510850e-06
-1.949035e-03
-1.301692e-04
3.127051e-03
-2.632410e-03
-5.857752e-05
-3.905025e-04
-4.556085e-05
3.127051e-03
-1.041336e-03
-6.510850e-06
-1.949035e-03
-1.301692e-04
3.127051e-03
-3.254192e-04
-1.988085e-03
-3.254418e-05
-7.810025e-04
3.127051e-03
-1.952525e-04
-6.508358e-04
-1.952525e-04
-2.085710e-03
3.127051e-03
-3.254192e-04
-1.988085e-03
-3.254418e-05
-7.810025e-04
3.127051e-03
-1.952525e-04
-6.508358e-04
-1.952525e-04
-2.085710e-03
3.127051e-03
-3.254192e-04
-1.988085e-03
-3.254418e-05
-7.810025e-04
3.127051e-03
-1.952525e-04
-6.508358e-04
-1.952525e-04
-2.085710e-03
3.127051e-03
-1.041336e-03
-6.510850e-06
-1.949035e-03
-1.301692e-04
3.127051e-03
-1.041336e-03
-6.510850e-06
-1.949035e-03
-1.301692e-04
-4.259536e-04
-3.248360e-04
1.562878e-03
-3.248597e-05
-7.796026e-04
-4.259536e-04
-3.248360e-04
1.562878e-03
-3.248597e-05
-7.796026e-04
-4.259536e-04
1.570401e-03
-8.637323e-05
-3.806046e-04
-6.774693e-04
-4.259536e-04
-1.949026e-04
-6.496693e-04
-1.949026e-04
1.465428e-03
-4.259536e-04
-3.248360e-04
1.562878e-03
-3.248597e-05
-7.796026e-04
-4.259536e-04
-1.949026e-04
-6.496693e-04
-1.949026e-04
1.465428e-03
-8.499938e-03
9.757826e-03
-5.812169e-05
-1.154221e-03
-4.554561e-05
-2.541425e-02
-7.370882e-04
-4.628200e-06
2.624812e-02
-9.215487e-05
