-4.200000e-08
-7.130541e-03
-3.570225e-05
7.199094e-03
-3.280884e-05
-4.200000e-08
-2.713065e-02
-3.443671e-04
-1.509339e-04
2.762599e-02
-4.200000e-08
2.553408e-03
-2.271386e-03
-2.514500e-04
-3.053000e-05
-4.200000e-08
7.588620e-04
-3.772000e-05
-6.915700e-04
-2.953000e-05
-4.200000e-08
-1.965818e-04
2.568905e-03
-3.777273e-05
-2.334508e-03
-4.200000e-08
-2.077636e-04
6.776247e-04
-2.379545e-05
-4.460236e-04
-4.200000e-08
2.062187e-03
-3.723840e-05
-1.994594e-03
-3.031260e-05
-4.200000e-08
2.214686e-03
-4.761600e-06
-2.126795e-03
-8.308740e-05
-4.200000e-08
-1.351260e-04
-4.130502e-04
-1.376782e-03
1.925000e-03
-4.200000e-08
-2.003961e-03
2.286253e-03
-2.511946e-04
-3.105464e-05
-4.200000e-08
-2.347110e-02
4.266826e-04
-1.383674e-04
2.318283e-02
-4.200000e-08
-2.390381e-03
2.672672e-03
-2.511946e-04
-3.105464e-05
-4.200000e-08
5.507952e-03
-4.754286e-06
-5.420056e-03
-8.309929e-05
-4.200000e-08
-1.483441e-02
-3.732870e-05
1.490195e-02
-3.016587e-05
-4.200000e-08
4.676048e-03
-5.742986e-03
-2.235000e-05
1.089330e-03
-4.200000e-08
1.581165e-03
6.879239e-03
-1.256893e-04
-8.334673e-03
-4.200000e-08
-1.229063e-03
-3.772000e-05
1.296355e-03
-2.953000e-05
-4.200000e-08
-1.092588e-03
-5.094545e-06
1.180271e-03
-8.254636e-05
-4.200000e-08
-6.189436e-04
-5.094545e-06
7.066266e-04
-8.254636e-05
-4.200000e-08
-6.189436e-04
-5.094545e-06
7.066266e-04
-8.254636e-05
-4.200000e-08
-1.302857e-03
-4.431304e-06
1.390954e-03
-8.362413e-05
-4.200000e-08
-3.093305e-05
-4.280000e-06
1.191251e-04
-8.387000e-05
-4.200000e-08
7.588620e-04
-3.772000e-05
-6.915700e-04
-2.953000e-05
-4.200000e-08
4.052274e-04
-4.418820e-05
-2.498940e-04
-1.111032e-04
-4.200000e-08
-2.077636e-04
1.008346e-04
-2.379545e-05
1.307665e-04
-4.200000e-08
9.914250e-05
-3.690545e-05
-3.134141e-05
-3.085364e-05
-4.200000e-08
-2.080177e-04
3.647358e-04
-2.347783e-05
-1.331983e-04
-4.200000e-08
1.673882e-03
-3.723840e-05
-1.606289e-03
-3.031260e-05
-4.200000e-08
-6.015534e-04
7.152925e-04
-3.402283e-05
-7.967431e-05
-4.200000e-08
5.606420e-03
-5.085450e-03
-2.486100e-05
-4.960674e-04
-4.200000e-08
-3.811253e-04
-4.431304e-06
4.692227e-04
-8.362413e-05
-4.200000e-08
1.946233e-03
-1.425263e-03
-2.486100e-05
-4.960674e-04
-4.200000e-08
-7.820232e-03
-3.443040e-05
7.889580e-03
-3.487560e-05
-4.200000e-08
-1.035871e-02
7.805068e-03
-2.035620e-04
2.757251e-03
-4.200000e-08
-1.899600e-03
-3.723840e-05
1.967193e-03
-3.031260e-05
-4.200000e-08
5.787116e-05
-2.796000e-05
1.552084e-05
-4.539000e-05
-4.200000e-08
-2.182255e-04
7.391959e-04
-2.486100e-05
-4.960674e-04
-4.200000e-08
-1.957715e-03
2.243228e-03
-2.481390e-04
-3.733260e-05
-4.200000e-08
-2.085960e-04
-2.372455e-04
-2.275500e-05
4.686385e-04
-4.200000e-08
7.219241e-04
-3.723840e-05
-6.543311e-04
-3.031260e-05
-4.200000e-08
-2.011153e-04
7.740776e-04
-3.210591e-05
-5.408144e-04
-4.200000e-08
-6.446853e-04
-5.094545e-06
7.323682e-04
-8.254636e-05
-4.200000e-08
-1.274040e-04
-1.712151e-03
-1.242450e-04
1.963842e-03
-4.200000e-08
1.632089e-04
-1.046182e-05
-7.888057e-05
-7.382455e-05
-4.200000e-08
-2.875742e-04
5.730878e-04
-2.481390e-04
-3.733260e-05
-4.200000e-08
1.160248e-03
-3.723840e-05
-1.092655e-03
-3.031260e-05
-4.200000e-08
-2.628960e-04
-7.112291e-06
3.493178e-04
-7.926753e-05
-4.200000e-08
1.114425e-04
1.764850e-04
-2.458500e-04
-4.203545e-05
-4.200000e-08
2.587486e-04
-4.190900e-04
-1.263000e-04
2.866834e-04
-4.200000e-08
-5.746181e-05
-4.761600e-06
1.453528e-04
-8.308740e-05
-4.200000e-08
-6.507200e-04
1.175182e-03
-2.155000e-05
-5.028700e-04
-4.200000e-08
-1.261083e-04
-5.636003e-03
-1.258646e-04
5.888018e-03
-4.200000e-08
-2.390381e-03
2.672672e-03
-2.511946e-04
-3.105464e-05
-4.200000e-08
2.731575e-03
-4.280000e-06
-2.643383e-03
-8.387000e-05
-4.200000e-08
1.878437e-03
-4.761600e-06
-1.790546e-03
-8.308740e-05
-4.200000e-08
-3.207249e-04
6.027469e-04
-2.514500e-04
-3.053000e-05
-4.200000e-08
3.687859e-03
-4.280000e-06
-3.599667e-03
-8.387000e-05
-4.200000e-08
-1.111620e-03
-4.280000e-06
1.199812e-03
-8.387000e-05
-4.200000e-08
-8.884203e-03
-4.243333e-06
8.972418e-03
-8.392958e-05
-4.200000e-08
-6.725035e-04
-4.761600e-06
7.603945e-04
-8.308740e-05
-4.200000e-08
2.836731e-05
-3.756870e-05
3.901926e-05
-2.977587e-05
-4.200000e-08
7.628181e-04
-4.773045e-04
-2.481390e-04
-3.733260e-05
-4.200000e-08
-1.262000e-04
2.983965e-03
-1.257500e-04
-2.731973e-03
-4.200000e-08
-1.274040e-04
-1.771902e-03
-1.242450e-04
2.023593e-03
-4.200000e-08
-1.405364e-04
-4.089300e-04
-1.014807e-04
6.509891e-04
-4.200000e-08
-4.198518e-04
-4.431304e-06
5.079493e-04
-8.362413e-05
-4.200000e-08
-2.659533e-04
-3.134202e-04
3.477616e-03
-2.898201e-03
-4.200000e-08
-5.746181e-05
-4.761600e-06
1.453528e-04
-8.308740e-05
-4.200000e-08
1.318341e-03
-4.761600e-06
-1.230450e-03
-8.308740e-05
-4.200000e-08
5.237977e-04
-5.323200e-06
-4.362577e-04
-8.217480e-05
-4.200000e-08
-3.509813e-04
-3.511636e-05
4.199006e-04
-3.376091e-05
-4.200000e-08
-7.433012e-03
7.722597e-03
-2.442780e-04
-4.526520e-05
-4.200000e-08
-2.077636e-04
1.157087e-03
-2.379545e-05
-9.254859e-04
-4.200000e-08
-1.302857e-03
-4.431304e-06
1.390954e-03
-8.362413e-05
-4.200000e-08
5.340848e-04
-4.280000e-06
-4.458928e-04
-8.387000e-05
-4.200000e-08
-1.098406e-03
-5.094545e-06
1.186089e-03
-8.254636e-05
-4.200000e-08
1.612679e-03
-4.761600e-06
-1.524788e-03
-8.308740e-05
-4.200000e-08
-1.262929e-04
1.470943e-03
-1.256339e-04
-1.218975e-03
-2.131298e-03
2.149142e-03
4.028028e-05
-4.006576e-05
-1.805759e-05
-2.131298e-03
2.189898e-03
-6.961521e-06
-4.621576e-05
-5.422139e-06
-2.131298e-03
2.694120e-03
-6.828254e-05
-4.755689e-04
-1.897019e-05
-4.200000e-08
7.050426e-04
-3.187113e-05
-6.340951e-04
-3.903442e-05
-4.200000e-08
7.550961e-04
-3.723840e-05
-6.875031e-04
-3.031260e-05
2.115556e-03
-1.430632e-03
-2.893949e-05
-6.321247e-04
-2.385994e-05
2.115556e-03
-1.866486e-03
-2.950109e-05
-1.966216e-04
-2.294734e-05
2.115556e-03
-1.866486e-03
-2.950109e-05
-1.966216e-04
-2.294734e-05
2.719018e-03
-1.199892e-02
-3.823671e-06
9.345983e-03
-6.225801e-05
2.719018e-03
8.578203e-03
-2.840917e-05
-1.124651e-02
-2.230656e-05
2.719018e-03
-1.156307e-02
-3.262071e-06
8.910480e-03
-6.317061e-05
-4.524605e-04
-1.076286e-03
-5.919593e-06
1.614356e-03
-7.968943e-05
-4.524605e-04
7.663274e-04
-3.716890e-05
-2.477887e-04
-2.890930e-05
-4.524605e-04
-1.982609e-03
-3.157297e-05
2.504646e-03
-3.800268e-05
-4.524605e-04
3.764637e-04
-3.034548e-05
1.463396e-04
-3.999736e-05
-4.524605e-04
7.663274e-04
-3.716890e-05
-2.477887e-04
-2.890930e-05
-4.524605e-04
1.672651e-03
-1.151552e-05
-1.138079e-03
-7.059605e-05
-2.115430e-03
2.185686e-03
-8.340914e-06
-5.542041e-05
-6.494660e-06
-2.115430e-03
2.262546e-03
-7.779314e-06
-1.319288e-04
-7.407260e-06
-2.115430e-03
-1.477331e-04
-9.558960e-07
2.282615e-03
-1.849531e-05
-4.200000e-08
-1.302857e-03
-4.431304e-06
1.390954e-03
-8.362413e-05
-4.200000e-08
-1.274040e-04
-8.199443e-04
-1.242450e-04
1.071635e-03
-7.448381e-03
-6.711334e-04
-4.194637e-06
8.207601e-03
-8.389172e-05
-4.200000e-08
-2.094217e-04
5.175727e-04
-2.172283e-05
-2.863862e-04
-4.200000e-08
-1.282364e-04
1.499513e-03
-1.232045e-04
-1.248030e-03
-4.200000e-08
-8.868428e-04
-3.772000e-05
9.541348e-04
-2.953000e-05
-4.200000e-08
-2.760210e-03
-9.567273e-06
2.845097e-03
-7.527818e-05
-4.200000e-08
-2.077636e-04
1.157087e-03
-2.379545e-05
-9.254859e-04
-4.200000e-08
-8.369848e-03
-4.195071e-04
-1.261625e-04
8.915559e-03
-4.200000e-08
-1.286000e-04
-4.180200e-04
6.803715e-04
-1.337095e-04
-4.200000e-08
1.243152e-03
-5.094545e-06
-1.155469e-03
-8.254636e-05
-4.200000e-08
-5.346727e-04
-1.087800e-04
-2.441936e-03
3.085430e-03
-4.200000e-08
2.627191e-03
-2.282636e-05
-2.470272e-03
-1.340508e-04
-4.200000e-08
2.556587e-03
-1.265091e-05
-2.473627e-03
-7.026727e-05
-4.200000e-08
-2.077636e-04
-1.184471e-03
-2.379545e-05
1.416072e-03
-4.200000e-08
-6.189436e-04
-5.094545e-06
7.066266e-04
-8.254636e-05
-4.200000e-08
-1.988891e-03
-3.768286e-05
2.056206e-03
-2.959036e-05
-4.200000e-08
2.271127e-04
-1.273091e-05
-1.442025e-04
-7.013727e-05
6.474515e-04
-5.013925e-04
-3.144300e-06
-8.023137e-05
-6.268339e-05
6.474515e-04
-1.566925e-04
-9.903319e-05
-1.567885e-05
-3.760470e-04
6.474515e-04
-9.401975e-05
-3.133743e-04
-9.401975e-05
-1.460377e-04
6.474515e-04
-4.092632e-04
-2.821339e-05
-1.880288e-04
-2.194612e-05
6.474515e-04
1.020776e-04
-2.930234e-04
-1.007288e-04
-3.557769e-04
6.474515e-04
-9.849248e-05
-7.948243e-05
-8.842885e-05
-3.810478e-04
6.474515e-04
-2.762224e-04
-4.933391e-06
-3.065196e-04
-5.977612e-05
6.474515e-04
4.387757e-05
-3.125741e-04
-2.797885e-05
-3.507761e-04
6.474515e-04
-9.401975e-05
-3.133743e-04
-9.401975e-05
-1.460377e-04
8.198524e-04
-5.986537e-04
-2.620290e-05
-1.746129e-04
-2.038290e-05
8.198524e-04
-5.986537e-04
-2.620290e-05
-1.746129e-04
-2.038290e-05
8.198524e-04
-1.455129e-04
-3.105637e-04
-1.456290e-05
-3.492129e-04
8.198524e-04
-5.986537e-04
-2.620290e-05
-1.746129e-04
-2.038290e-05
8.198524e-04
-5.986537e-04
-2.620290e-05
-1.746129e-04
-2.038290e-05
8.198524e-04
-8.871690e-05
3.262631e-04
-8.555790e-05
-9.718406e-04
6.474515e-04
-5.013925e-04
-3.144300e-06
-8.023137e-05
-6.268339e-05
6.474515e-04
-5.013925e-04
-3.144300e-06
-8.023137e-05
-6.268339e-05
6.474515e-04
-9.401975e-05
-3.133743e-04
-9.401975e-05
-1.460377e-04
6.474515e-04
-4.092632e-04
-2.821339e-05
-1.880288e-04
-2.194612e-05
6.474515e-04
-1.552885e-04
3.340831e-04
-1.743385e-05
-8.088123e-04
6.474515e-04
-9.401975e-05
-3.133743e-04
-9.401975e-05
-1.460377e-04
6.474515e-04
-4.092632e-04
-2.821339e-05
-1.880288e-04
-2.194612e-05
6.474515e-04
-4.092632e-04
-2.821339e-05
-1.880288e-04
-2.194612e-05
6.474515e-04
-9.401975e-05
-3.133743e-04
-9.401975e-05
-1.460377e-04
-4.200000e-08
-3.106045e-04
-3.690545e-05
3.784056e-04
-3.085364e-05
-4.200000e-08
-4.215348e-05
-5.094545e-06
1.298364e-04
-8.254636e-05
-4.200000e-08
-1.282364e-04
-1.665638e-03
-1.232045e-04
1.917121e-03
-4.200000e-08
-8.245942e-05
-3.000191e-04
-9.993792e-05
4.824584e-04
-4.200000e-08
-2.077636e-04
1.157087e-03
-2.379545e-05
-9.254859e-04
-4.200000e-08
-2.859000e-04
-2.982300e-04
1.046208e-04
4.795512e-04
-8.250589e-03
-1.258376e-04
-4.194584e-04
-1.258376e-04
8.921723e-03
-4.200000e-08
9.025208e-04
-4.761600e-06
-8.146298e-04
-8.308740e-05
-4.200000e-08
-1.262000e-04
1.128695e-03
-1.257500e-04
-8.767033e-04
-4.200000e-08
-2.085960e-04
1.115187e-03
-2.275500e-05
-8.837939e-04
-4.200000e-08
-7.280681e-04
-5.094545e-06
8.157510e-04
-8.254636e-05
-4.200000e-08
-1.262000e-04
4.376372e-04
-1.257500e-04
-1.856452e-04
-4.200000e-08
-6.709000e-04
3.398775e-03
-2.642833e-03
-8.500000e-05
-4.200000e-08
1.692852e-03
-1.174296e-03
-2.715000e-05
-4.913645e-04
-4.200000e-08
-1.282364e-04
-8.362271e-04
-1.232045e-04
1.087710e-03
-4.200000e-08
-3.093305e-05
-4.280000e-06
1.191251e-04
-8.387000e-05
-4.200000e-08
1.516308e-03
-6.883636e-06
-1.429743e-03
-7.963909e-05
-4.200000e-08
4.075465e-04
1.110100e-04
-2.715000e-05
-4.913645e-04
-4.200000e-08
1.649810e-03
-3.768286e-05
-1.582495e-03
-2.959036e-05
-4.200000e-08
1.218372e-03
-4.317143e-06
-1.130203e-03
-8.380964e-05
-4.200000e-08
1.243152e-03
-5.094545e-06
-1.155469e-03
-8.254636e-05
-4.200000e-08
-2.085960e-04
-5.091838e-03
-2.275500e-05
5.323231e-03
-4.200000e-08
-8.089216e-03
-4.243333e-06
8.177431e-03
-8.392958e-05
-4.200000e-08
-1.154474e-03
-5.989091e-06
1.241598e-03
-8.109273e-05
-4.200000e-08
1.243968e-02
-2.598961e-05
-1.236505e-02
-4.859188e-05
-4.200000e-08
-2.952962e-04
-3.723840e-05
3.628892e-04
-3.031260e-05
-4.200000e-08
-1.274040e-04
-2.160207e-03
-1.242450e-04
2.411898e-03
-4.200000e-08
1.345835e-04
1.598294e-04
-2.397000e-04
-5.467091e-05
-2.331876e-03
2.650316e-03
-3.771010e-05
-2.514001e-04
-2.933010e-05
-4.200000e-08
-6.422263e-06
-4.034363e-04
-1.314605e-04
5.413612e-04
-4.200000e-08
-2.323672e-03
-3.589473e-04
-1.461273e-04
2.828789e-03
-4.200000e-08
-1.768269e-03
2.069167e-03
-2.335500e-04
-6.730636e-05
-4.200000e-08
3.064636e-04
-4.797545e-05
-2.486455e-04
-9.800740e-06
-4.200000e-08
-2.098000e-04
-2.515240e-04
-2.125000e-05
4.826160e-04
-4.200000e-08
7.248153e-04
-1.540529e-05
-6.658789e-04
-4.348909e-05
-4.200000e-08
1.491955e-03
-4.761600e-06
-1.404064e-03
-8.308740e-05
-4.200000e-08
-3.084333e-03
-3.772000e-05
3.151625e-03
-2.953000e-05
-4.200000e-08
2.494069e-03
-3.772000e-05
-2.426777e-03
-2.953000e-05
-4.200000e-08
-5.885816e-03
-3.723840e-05
5.953409e-03
-3.031260e-05
-4.200000e-08
1.037669e-03
-4.317143e-06
-9.495002e-04
-8.380964e-05
-4.200000e-08
7.021247e-04
-3.723840e-05
-6.345317e-04
-3.031260e-05
-4.200000e-08
-1.282364e-04
-8.420450e-04
-1.232045e-04
1.093528e-03
-4.200000e-08
-1.262000e-04
4.376372e-04
-1.257500e-04
-1.856452e-04
-4.200000e-08
-2.085960e-04
-8.422166e-04
-2.275500e-05
1.073610e-03
-4.200000e-08
-1.534881e-03
-3.772000e-05
1.602173e-03
-2.953000e-05
8.548456e-04
-5.364053e-04
-3.771010e-05
-2.514001e-04
-2.933010e-05
8.548456e-04
-6.704001e-04
-4.190100e-06
-9.645529e-05
-8.380010e-05
8.548456e-04
-1.257001e-04
-4.190001e-04
-1.257001e-04
-1.844453e-04
8.548456e-04
-1.257001e-04
-4.190001e-04
-1.257001e-04
-1.844453e-04
8.548456e-04
-1.257001e-04
-4.190001e-04
-1.257001e-04
-1.844453e-04
8.548456e-04
-1.257001e-04
-4.190001e-04
-1.257001e-04
-1.844453e-04
8.548456e-04
-5.364053e-04
-3.771010e-05
-2.514001e-04
-2.933010e-05
8.548456e-04
-5.364053e-04
-3.771010e-05
-2.514001e-04
-2.933010e-05
8.548456e-04
-1.257001e-04
-4.190001e-04
-1.257001e-04
-1.844453e-04
-4.200000e-08
7.299472e-04
-4.190900e-04
-1.263000e-04
-1.845152e-04
-4.200000e-08
-1.107854e-03
-4.761600e-06
1.195745e-03
-8.308740e-05
-4.200000e-08
-1.274040e-04
-1.258268e-03
-1.242450e-04
1.509959e-03
-4.200000e-08
1.249466e-03
-9.285308e-04
-2.145500e-04
-1.063427e-04
-4.200000e-08
1.263084e-03
-9.976273e-05
-2.315727e-04
-9.317063e-04
-4.200000e-08
-2.849000e-04
1.631220e-03
-9.103690e-04
-4.359091e-04
-4.200000e-08
-2.145182e-04
-3.525900e-04
-9.983463e-04
1.565496e-03
-3.773255e-04
-3.058895e-05
-2.982496e-04
-5.297270e-04
1.235891e-03
-3.773255e-04
-5.614615e-04
-3.516000e-06
1.012492e-03
-7.018873e-05
-3.773255e-04
-5.469251e-04
-1.458600e-05
1.441693e-03
-5.028565e-04
6.386653e-04
-3.202250e-04
-3.771010e-05
-2.514001e-04
-2.933010e-05
6.386653e-04
-3.202250e-04
-3.771010e-05
-2.514001e-04
-2.933010e-05
6.386653e-04
-1.257001e-04
-4.190001e-04
-1.257001e-04
3.173495e-05
-4.200000e-08
-6.707000e-04
-5.190000e-06
1.194251e-04
5.565069e-04
-4.200000e-08
-3.218249e-04
-3.772000e-05
3.891169e-04
-2.953000e-05
-4.200000e-08
-1.273000e-04
-4.190100e-04
5.148169e-04
3.153505e-05
-4.200000e-08
4.299669e-04
9.449505e-05
-2.155000e-05
-5.028700e-04
-4.200000e-08
-3.218249e-04
-3.772000e-05
3.891169e-04
-2.953000e-05
-4.200000e-08
4.299669e-04
9.449505e-05
-2.155000e-05
-5.028700e-04
-4.200000e-08
-3.205249e-04
-3.871000e-05
-2.517000e-04
6.109769e-04
-4.200000e-08
-3.093305e-05
-4.280000e-06
1.191251e-04
-8.387000e-05
-4.200000e-08
-6.709000e-04
6.362669e-04
1.196751e-04
-8.500000e-05
-4.200000e-08
-2.000832e-03
-5.270000e-06
1.449507e-03
5.566369e-04
-4.200000e-08
5.115306e-04
-8.411350e-04
-1.235045e-04
4.531510e-04
-4.200000e-08
-3.218249e-04
-3.772000e-05
3.891169e-04
-2.953000e-05
-4.200000e-08
-3.218249e-04
-3.772000e-05
3.891169e-04
-2.953000e-05
-4.200000e-08
-1.273000e-04
-4.190100e-04
5.148169e-04
3.153505e-05
-4.200000e-08
-3.205249e-04
-3.871000e-05
-2.517000e-04
6.109769e-04
-4.200000e-08
-3.207249e-04
6.027469e-04
-2.514500e-04
-3.053000e-05
-4.200000e-08
4.299669e-04
9.449505e-05
-2.155000e-05
-5.028700e-04
-4.200000e-08
1.448876e-03
-5.254545e-06
-1.361293e-03
-8.228636e-05
-4.200000e-08
-2.098000e-04
9.358505e-05
-2.125000e-05
1.375069e-04
-4.200000e-08
4.478579e-04
-1.021442e-03
-4.391364e-05
6.175401e-04
-4.200000e-08
-3.207249e-04
6.027469e-04
-2.514500e-04
-3.053000e-05
-4.200000e-08
-1.273000e-04
-4.190100e-04
5.148169e-04
3.153505e-05
-4.200000e-08
-2.077636e-04
1.151269e-03
-2.379545e-05
-9.196680e-04
-4.200000e-08
2.919273e-04
-3.690545e-05
-2.241262e-04
-3.085364e-05
-4.200000e-08
-1.302857e-03
-4.431304e-06
1.390954e-03
-8.362413e-05
-4.200000e-08
-2.094217e-04
5.175727e-04
-2.172283e-05
-2.863862e-04
-4.200000e-08
-1.262929e-04
-1.749997e-03
-1.256339e-04
2.001966e-03
-4.200000e-08
-2.097071e-04
-1.590343e-03
-2.136607e-05
1.821458e-03
8.880960e-07
-1.226466e-04
-4.088193e-04
-1.226466e-04
6.532243e-04
8.880960e-07
-1.226466e-04
-4.088193e-04
-1.226466e-04
6.532243e-04
8.880960e-07
3.098171e-04
-3.679475e-05
-2.452920e-04
-2.861839e-05
8.880960e-07
-1.226466e-04
-4.088193e-04
-1.226466e-04
6.532243e-04
8.880960e-07
3.098171e-04
-3.679475e-05
-2.452920e-04
-2.861839e-05
8.880960e-07
-1.226466e-04
-4.088193e-04
-1.226466e-04
6.532243e-04
8.880960e-07
3.098171e-04
-3.679475e-05
-2.452920e-04
-2.861839e-05
8.880960e-07
3.098171e-04
-3.679475e-05
-2.452920e-04
-2.861839e-05
8.880960e-07
3.098171e-04
-3.679475e-05
-2.452920e-04
-2.861839e-05
-4.200000e-08
-1.996382e-03
-1.054182e-05
2.080661e-03
-7.369455e-05
-4.200000e-08
2.661856e-04
-3.690545e-05
-1.983846e-04
-3.085364e-05
-4.200000e-08
8.763053e-04
-4.280000e-06
-7.881133e-04
-8.387000e-05
-4.200000e-08
-2.160971e-03
-2.739840e-05
2.234714e-03
-4.630260e-05
-4.200000e-08
-1.302857e-03
-4.431304e-06
1.390954e-03
-8.362413e-05
-4.200000e-08
-1.274040e-04
5.522875e-04
-1.242450e-04
-3.005965e-04
-4.200000e-08
-1.282364e-04
-8.362271e-04
-1.232045e-04
1.087710e-03
-4.200000e-08
2.732407e-03
-7.569600e-06
-2.646271e-03
-7.852440e-05
-4.200000e-08
5.509266e-03
-2.004305e-05
-5.430926e-03
-5.825504e-05
-4.200000e-08
1.893505e-03
-1.607991e-03
-2.481390e-04
-3.733260e-05
-4.200000e-08
3.932096e-04
-4.841600e-06
-3.053686e-04
-8.295740e-05
-4.200000e-08
-1.965437e-03
-3.723840e-05
2.033030e-03
-3.031260e-05
-4.200000e-08
-1.274040e-04
2.820509e-03
-1.242450e-04
-2.568818e-03
-4.200000e-08
-8.119061e-03
-4.243333e-06
8.207276e-03
-8.392958e-05
-4.200000e-08
-2.085960e-04
1.168158e-03
-2.275500e-05
-9.367653e-04
-4.200000e-08
7.456479e-04
-3.690545e-05
-6.778469e-04
-3.085364e-05
-4.200000e-08
-2.742174e-04
-4.431304e-06
3.623148e-04
-8.362413e-05
-4.200000e-08
-3.106045e-04
-3.690545e-05
3.784056e-04
-3.085364e-05
-4.200000e-08
-6.847243e-06
-5.989091e-06
9.397106e-05
-8.109273e-05
-4.200000e-08
3.112194e-04
-3.332727e-05
-2.411819e-04
-3.666818e-05
-4.200000e-08
-1.098406e-03
-5.094545e-06
1.186089e-03
-8.254636e-05
-4.200000e-08
-1.262000e-04
1.171020e-03
-1.257500e-04
-9.190278e-04
-4.200000e-08
2.374685e-04
-4.280000e-06
-1.492765e-04
-8.387000e-05
-4.200000e-08
-2.098000e-04
5.808343e-04
-2.125000e-05
-3.497423e-04
-8.267809e-03
8.586598e-03
-3.775130e-05
-2.516751e-04
-2.936214e-05
-4.200000e-08
7.398300e-04
-3.690545e-05
-6.720289e-04
-3.085364e-05
-4.200000e-08
-1.529468e-03
2.053930e-03
-2.155000e-05
-5.028700e-04
-4.200000e-08
-1.190129e-04
-5.656145e-06
2.063448e-04
-8.163376e-05
-4.200000e-08
-8.089216e-03
-4.243333e-06
8.177431e-03
-8.392958e-05
-4.200000e-08
1.536585e-03
-2.874493e-04
1.431088e-03
-2.680182e-03
-4.200000e-08
-2.098000e-04
3.138291e-04
-2.125000e-05
-8.273707e-05
-4.200000e-08
-1.274040e-04
1.157259e-03
-1.242450e-04
-9.055676e-04
-4.200000e-08
-1.262000e-04
4.376372e-04
-1.257500e-04
-1.856452e-04
-4.200000e-08
-1.015809e-04
-3.772000e-05
1.688729e-04
-2.953000e-05
-4.200000e-08
-2.098917e-04
8.956496e-03
-2.113542e-05
-8.725427e-03
-4.200000e-08
-5.669423e-04
-4.098245e-04
-1.293545e-04
1.106163e-03
-4.200000e-08
9.186298e-04
-4.280000e-06
-8.304378e-04
-8.387000e-05
-4.200000e-08
-1.744969e-02
-3.756870e-05
1.751708e-02
-2.977587e-05
-4.200000e-08
-2.098000e-04
1.174272e-03
-2.125000e-05
-9.431800e-04
-4.200000e-08
-2.077636e-04
1.151269e-03
-2.379545e-05
-9.196680e-04
-4.200000e-08
-2.085960e-04
-1.258037e-03
-2.275500e-05
1.489430e-03
-4.200000e-08
1.962562e-04
3.282058e-04
-2.155000e-05
-5.028700e-04
-4.200000e-08
-4.198518e-04
-4.431304e-06
5.079493e-04
-8.362413e-05
-4.200000e-08
1.568269e-03
-3.723840e-05
-1.500676e-03
-3.031260e-05
-4.200000e-08
-1.092588e-03
-5.094545e-06
1.180271e-03
-8.254636e-05
-4.200000e-08
-1.262000e-04
4.898585e-04
-1.257500e-04
-2.378665e-04
-4.200000e-08
-1.346127e-04
-7.612041e-04
1.772393e-03
-8.765338e-04
-4.200000e-08
7.676495e-04
-4.797221e-04
-2.458500e-04
-4.203545e-05
-4.200000e-08
1.611160e-04
-4.173689e-04
-1.268674e-04
3.831623e-04
-4.200000e-08
-1.274040e-04
-8.199443e-04
-1.242450e-04
1.071635e-03
-4.200000e-08
-1.466171e-03
1.495575e-03
-2.558383e-05
-3.778576e-06
-4.200000e-08
-2.002132e-03
-4.280000e-06
2.090324e-03
-8.387000e-05
-4.200000e-08
1.147751e-03
-6.550691e-06
-1.060978e-03
-8.018013e-05
-4.200000e-08
1.612679e-03
-4.761600e-06
-1.524788e-03
-8.308740e-05
-4.200000e-08
-5.181823e-04
-4.280000e-06
6.063743e-04
-8.387000e-05
-4.200000e-08
2.374685e-04
-4.280000e-06
-1.492765e-04
-8.387000e-05
-4.200000e-08
-2.077636e-04
7.256105e-04
-2.379545e-05
-4.940094e-04
-4.200000e-08
-1.279036e-04
-4.185504e-04
1.764006e-03
-1.217510e-03
-4.200000e-08
-1.274040e-04
1.157259e-03
-1.242450e-04
-9.055676e-04
-4.200000e-08
1.059601e-02
-1.934313e-05
-1.051724e-02
-5.939242e-05
-4.200000e-08
-1.937738e-04
-3.168422e-03
-4.128273e-05
3.403521e-03
-4.200000e-08
-1.835587e-03
-4.418820e-05
-2.498940e-04
2.129711e-03
-4.200000e-08
-2.077636e-04
7.256105e-04
-2.379545e-05
-4.940094e-04
-4.200000e-08
-2.286998e-04
-4.431304e-06
3.167973e-04
-8.362413e-05
-4.200000e-08
2.661856e-04
-3.690545e-05
-1.983846e-04
-3.085364e-05
-4.200000e-08
-2.172294e-04
7.357860e-04
-2.715000e-05
-4.913645e-04
-4.200000e-08
-1.108108e-03
-5.094545e-06
1.195790e-03
-8.254636e-05
-4.200000e-08
-2.674409e-04
8.226103e-04
-6.580500e-05
-4.893224e-04
-4.200000e-08
-7.488594e-04
-4.761600e-06
8.367504e-04
-8.308740e-05
-4.200000e-08
-3.213108e-04
6.157237e-04
-2.397000e-04
-5.467091e-05
-4.200000e-08
-8.550153e-05
-6.550691e-06
1.722743e-04
-8.018013e-05
-4.200000e-08
2.661856e-04
-3.690545e-05
-1.983846e-04
-3.085364e-05
-4.200000e-08
-2.094217e-04
2.428977e-04
-2.172283e-05
-1.171118e-05
-4.200000e-08
-1.302857e-03
-4.431304e-06
1.390954e-03
-8.362413e-05
-4.200000e-08
-1.302857e-03
-4.431304e-06
1.390954e-03
-8.362413e-05
-4.200000e-08
-2.055273e-04
1.125411e-03
-2.659091e-05
-8.932512e-04
-4.200000e-08
-1.282364e-04
2.142074e-04
-1.232045e-04
3.727548e-05
-4.200000e-08
3.239327e-04
-3.153818e-05
-2.527771e-04
-3.957545e-05
-4.200000e-08
-2.055273e-04
6.116743e-05
-2.659091e-05
1.709928e-04
-4.200000e-08
-2.026640e-03
-4.761600e-06
2.114531e-03
-8.308740e-05
-4.200000e-08
4.232559e-03
-4.190900e-04
-1.263000e-04
-3.687127e-03
-4.200000e-08
8.573524e-03
-3.775667e-05
-8.506255e-03
-2.947042e-05
-4.200000e-08
-1.107854e-03
-4.761600e-06
1.195745e-03
-8.308740e-05
-4.200000e-08
-2.077636e-04
6.776247e-04
-2.379545e-05
-4.460236e-04
-4.200000e-08
9.186298e-04
-4.280000e-06
-8.304378e-04
-8.387000e-05
-4.200000e-08
-6.709000e-04
-2.179627e-03
2.935569e-03
-8.500000e-05
-4.200000e-08
-2.098917e-04
8.956496e-03
-2.113542e-05
-8.725427e-03
-4.200000e-08
-1.302857e-03
-4.431304e-06
1.390954e-03
-8.362413e-05
-4.200000e-08
-1.274040e-04
1.972760e-04
-1.242450e-04
5.441501e-05
-4.200000e-08
-1.405364e-04
-4.089300e-04
-5.552014e-04
1.104710e-03
-4.200000e-08
-6.398393e-04
-3.182455e-04
-1.595455e-04
1.117672e-03
-4.200000e-08
-1.302857e-03
-4.431304e-06
1.390954e-03
-8.362413e-05
-4.200000e-08
-6.700964e-04
-5.649643e-06
-1.547525e-03
2.223313e-03
-4.200000e-08
4.043657e-03
-3.495636e-05
-3.974638e-03
-3.402091e-05
-4.200000e-08
-1.262000e-04
1.212928e-06
-1.257500e-04
2.507791e-04
-4.200000e-08
1.491955e-03
-4.761600e-06
-1.404064e-03
-8.308740e-05
-4.200000e-08
2.975497e-04
-4.761600e-06
-2.096587e-04
-8.308740e-05
-4.200000e-08
-2.612743e-03
-2.916742e-05
2.685380e-03
-4.342795e-05
-4.200000e-08
2.001120e-03
-1.480150e-03
-2.486100e-05
-4.960674e-04
-4.200000e-08
-2.077636e-04
7.867492e-04
-2.379545e-05
-5.551481e-04
-4.200000e-08
-2.077636e-04
5.105816e-04
-2.379545e-05
-2.789805e-04
-4.200000e-08
-1.442520e-04
-4.061004e-04
2.756672e-03
-2.206278e-03
-4.200000e-08
1.052565e-03
-5.056484e-04
-2.262818e-04
-3.205925e-04
-4.200000e-08
-1.302120e-04
6.001271e-03
-1.207350e-04
-5.750282e-03
-4.200000e-08
-5.810844e-03
-3.522065e-05
5.879698e-03
-3.359144e-05
-4.200000e-08
-6.933114e-04
-6.446400e-06
7.801494e-04
-8.034960e-05
-4.200000e-08
-2.085960e-04
8.091636e-04
-2.275500e-05
-5.777706e-04
-4.200000e-08
-6.847243e-06
-5.989091e-06
9.397106e-05
-8.109273e-05
-4.200000e-08
9.308839e-03
-9.722825e-05
-1.941302e-02
1.020145e-02
-4.200000e-08
1.510954e-04
3.687150e-04
-2.596100e-05
-4.938074e-04
-4.200000e-08
-2.077636e-04
1.008346e-04
-2.379545e-05
1.307665e-04
-4.200000e-08
-3.602529e-02
-7.320000e-06
3.611158e-02
-7.893000e-05
-4.200000e-08
-6.189436e-04
-5.094545e-06
7.066266e-04
-8.254636e-05
-4.200000e-08
-4.519005e-04
-5.094545e-06
5.395834e-04
-8.254636e-05
-4.200000e-08
-1.108108e-03
-5.094545e-06
1.195790e-03
-8.254636e-05
-4.200000e-08
-1.274040e-04
-8.001449e-04
-1.242450e-04
1.051836e-03
-4.200000e-08
-1.297587e-04
-4.171376e-04
9.698230e-06
5.372401e-04
-4.200000e-08
-2.286998e-04
-4.431304e-06
3.167973e-04
-8.362413e-05
-4.200000e-08
-1.265783e-04
-2.294605e-04
-1.252772e-04
4.813579e-04
-4.200000e-08
-1.262000e-04
2.214569e-04
-1.257500e-04
3.053505e-05
-4.200000e-08
-1.265783e-04
-1.049729e-03
-1.252772e-04
1.301627e-03
-4.200000e-08
-1.589215e-03
2.113677e-03
-2.155000e-05
-5.028700e-04
-4.200000e-08
-1.444364e-04
-4.059600e-04
-1.404364e-04
6.908748e-04
