-4.380000e-08
-4.993465e-03
-4.440000e-06
5.085451e-03
-8.750250e-05
-4.380000e-08
4.592603e-04
-5.321818e-06
-3.678251e-04
-8.606955e-05
-4.380000e-08
-1.460714e-04
-4.268271e-04
-2.292952e-04
8.022376e-04
-4.380000e-08
2.174388e-03
-1.163535e-05
-2.086899e-03
-7.581005e-05
-4.380000e-08
-2.166455e-04
1.266116e-03
-2.484318e-05
-1.024583e-03
-4.380000e-08
-2.185471e-04
-2.090457e-03
-2.246618e-05
2.331514e-03
-4.380000e-08
5.128546e-04
-3.894909e-05
-4.424365e-04
-3.142523e-05
1.690131e-03
-1.253853e-04
-4.179465e-04
-1.253853e-04
-1.021414e-03
-4.380000e-08
-6.999750e-04
-4.941620e-03
5.729988e-03
-8.835000e-05
-4.380000e-08
5.765949e-04
-3.894909e-05
-5.061768e-04
-3.142523e-05
-4.380000e-08
5.765949e-04
-3.894909e-05
-5.061768e-04
-3.142523e-05
-4.380000e-08
2.849116e-03
-5.282857e-06
-2.757656e-03
-8.613286e-05
-4.380000e-08
6.120084e-03
-4.561176e-06
-6.028174e-03
-8.730559e-05
-4.380000e-08
-3.681480e-03
4.050094e-03
-1.915750e-04
-1.769950e-04
-4.380000e-08
-1.325773e-04
-5.519853e-04
-1.299284e-04
8.145348e-04
-4.380000e-08
1.050866e-03
-5.067366e-04
-2.513750e-05
-5.189484e-04
-4.380000e-08
-1.390523e-04
-4.321725e-04
1.766629e-03
-1.195360e-03
-4.380000e-08
5.755413e-04
-4.850909e-06
-4.838118e-04
-8.683477e-05
-4.380000e-08
7.749267e-04
-3.781556e-05
-7.038001e-04
-3.326722e-05
-4.380000e-08
-1.315500e-04
-3.880774e-03
-1.312125e-04
4.143580e-03
-4.380000e-08
5.837575e-04
-5.984444e-06
-4.927365e-04
-8.499278e-05
-4.380000e-08
-2.166455e-04
1.438300e-04
-2.484318e-05
9.770240e-05
-4.380000e-08
4.690171e-03
-1.112548e-05
-4.602363e-03
-7.663859e-05
-4.380000e-08
-2.617611e-04
-3.387250e-04
3.131999e-03
-2.531469e-03
-4.380000e-08
-1.140208e-04
-5.984444e-06
2.050418e-04
-8.499278e-05
-4.380000e-08
2.576957e-03
-3.851714e-05
-2.506269e-03
-3.212714e-05
-4.380000e-08
-1.186221e-03
-3.894909e-05
1.256639e-03
-3.142523e-05
-4.380000e-08
1.934501e-03
-5.984444e-06
-1.843480e-03
-8.499278e-05
-4.380000e-08
-1.121734e-03
-4.277300e-04
-1.347857e-04
1.684293e-03
-4.380000e-08
-1.145140e-04
6.586437e-04
-2.513750e-05
-5.189484e-04
-3.156879e-03
3.488038e-03
-3.921640e-05
-2.614414e-04
-3.050170e-05
-4.380000e-08
3.068265e-04
-3.894909e-05
-2.364083e-04
-3.142523e-05
-4.380000e-08
-2.178227e-04
6.532871e-04
-2.337159e-05
-4.120490e-04
-4.380000e-08
3.029671e-03
-1.079778e-05
-2.941658e-03
-7.717111e-05
-4.380000e-08
4.298609e-03
-1.794889e-05
-4.215065e-03
-6.555056e-05
-4.380000e-08
1.226229e-05
-4.219302e-04
-1.366977e-04
5.464095e-04
-4.380000e-08
8.872149e-04
-5.729841e-05
-1.012130e-03
1.822571e-04
-4.380000e-08
4.492048e-04
-3.894909e-05
-3.787867e-04
-3.142523e-05
-4.380000e-08
-4.264070e-04
7.267390e-04
-2.563250e-04
-4.396318e-05
-4.380000e-08
-1.142203e-03
1.472957e-03
-2.463182e-04
-8.439222e-05
-4.380000e-08
1.037673e-03
-6.726944e-06
4.099437e-03
-5.130340e-03
-4.380000e-08
-2.178227e-04
7.381508e-04
-2.337159e-05
-4.969127e-04
-4.380000e-08
-2.166455e-04
-3.980626e-04
-2.484318e-05
6.395950e-04
-4.380000e-08
-3.023605e-04
-5.321818e-06
3.937956e-04
-8.606955e-05
-4.380000e-08
4.322394e-04
-1.271034e-04
-2.517694e-04
-5.332278e-05
-4.380000e-08
-4.892575e-03
-2.815714e-05
4.969739e-03
-4.896214e-05
-4.380000e-08
-1.315500e-04
-5.352311e-03
-1.312125e-04
5.615117e-03
-4.380000e-08
-1.467045e-04
-4.263450e-04
-2.801309e-04
8.532243e-04
-4.380000e-08
5.830699e-04
-2.861520e-04
-2.595625e-04
-3.731159e-05
-4.380000e-08
-1.514136e-04
9.061517e-04
-1.063830e-04
-6.483113e-04
-4.380000e-08
9.279663e-05
-3.329818e-05
-1.884669e-05
-4.060795e-05
-4.380000e-08
4.625589e-03
-3.936000e-05
-4.555428e-03
-3.075750e-05
-4.380000e-08
3.138995e-04
-4.850909e-06
-2.221700e-04
-8.683477e-05
-4.380000e-08
1.113093e-03
-4.561176e-06
-1.021183e-03
-8.730559e-05
-4.380000e-08
-1.325773e-04
8.652134e-05
-1.299284e-04
1.760281e-04
-4.380000e-08
1.017773e-03
-2.934973e-05
-9.413551e-04
-4.702418e-05
-4.380000e-08
-2.178227e-04
-3.093435e-04
-2.337159e-05
5.505816e-04
-4.380000e-08
-4.049063e-03
-4.561176e-06
4.140974e-03
-8.730559e-05
-4.380000e-08
-1.325773e-04
-5.519853e-04
-1.299284e-04
8.145348e-04
-4.380000e-08
8.631846e-04
-3.894909e-05
-7.927665e-04
-3.142523e-05
-4.380000e-08
9.994003e-04
-1.003091e-05
-9.109083e-04
-7.841727e-05
-4.380000e-08
-1.163840e-03
-9.443117e-06
1.252699e-03
-7.937244e-05
-4.380000e-08
-9.432187e-04
-4.850909e-06
1.034948e-03
-8.683477e-05
-4.380000e-08
-1.325773e-04
8.406370e-04
-1.299284e-04
-5.780875e-04
6.265664e-04
-3.268101e-04
-3.550027e-05
-2.366438e-04
-2.761229e-05
6.265664e-04
-3.268101e-04
-3.550027e-05
-2.366438e-04
-2.761229e-05
6.265664e-04
-1.183241e-04
-3.944033e-04
-1.183241e-04
4.485072e-06
6.265664e-04
-6.310427e-04
-3.948350e-06
8.730886e-05
-7.888416e-05
6.265664e-04
-1.183241e-04
-3.944033e-04
-1.183241e-04
4.485072e-06
6.265664e-04
-1.183241e-04
-3.944033e-04
-1.183241e-04
4.485072e-06
6.265664e-04
-3.268101e-04
-3.550027e-05
-2.366438e-04
-2.761229e-05
6.265664e-04
8.739238e-04
-5.727045e-04
-2.797570e-05
-8.998100e-04
6.265664e-04
-1.972039e-04
6.364492e-05
-1.972431e-05
-4.732831e-04
6.265664e-04
-1.099091e-03
-3.455845e-05
5.362257e-04
-2.914274e-05
6.265664e-04
-6.310427e-04
-3.948350e-06
8.730886e-05
-7.888416e-05
6.265664e-04
-1.183241e-04
-3.944033e-04
-1.183241e-04
4.485072e-06
6.265664e-04
-3.268101e-04
-3.550027e-05
-2.366438e-04
-2.761229e-05
6.265664e-04
-3.268101e-04
-3.550027e-05
-2.366438e-04
-2.761229e-05
6.265664e-04
-1.183241e-04
-3.944033e-04
-1.183241e-04
4.485072e-06
6.265664e-04
-3.268101e-04
-3.550027e-05
-2.366438e-04
-2.761229e-05
6.265664e-04
-6.310427e-04
-3.948350e-06
8.730886e-05
-7.888416e-05
6.265664e-04
-1.187770e-04
1.420373e-03
-1.177579e-04
-1.810405e-03
-4.380000e-08
-8.170810e-04
-4.850909e-06
9.088105e-04
-8.683477e-05
-4.380000e-08
-8.776067e-06
-6.212429e-05
-3.495269e-04
4.204711e-04
-4.380000e-08
-1.325773e-04
-3.247433e-04
-1.299284e-04
5.872928e-04
-4.380000e-08
1.323257e-03
-4.969000e-05
-2.594143e-04
-1.014109e-03
-4.380000e-08
2.273361e-03
-1.960220e-03
-2.441786e-04
-6.891857e-05
-4.380000e-08
-2.486430e-03
2.797004e-03
-2.466125e-04
-6.391795e-05
-4.380000e-08
3.678452e-04
-5.282857e-06
-2.763857e-04
-8.613286e-05
-4.380000e-08
-7.136850e-03
-3.530825e-05
7.209544e-03
-3.734159e-05
-4.380000e-08
-5.619147e-03
5.518527e-03
-1.921869e-04
2.928500e-04
-4.380000e-08
-3.293056e-04
-2.461758e-03
3.216429e-03
-4.253222e-04
-4.380000e-08
2.382463e-03
-1.426909e-05
-2.296619e-03
-7.153023e-05
-4.380000e-08
-7.341928e-04
1.031111e-03
-2.595625e-04
-3.731159e-05
-4.380000e-08
-5.602943e-04
-5.321818e-06
6.517294e-04
-8.606955e-05
-4.380000e-08
-2.845239e-03
3.196904e-03
-2.076472e-04
-1.439739e-04
-4.380000e-08
4.996179e-03
-4.148088e-05
-2.621206e-04
-4.692534e-03
-4.380000e-08
7.393083e-05
-3.800727e-05
-2.924072e-06
-3.295568e-05
-4.380000e-08
-2.302377e-03
-3.781556e-05
2.373504e-03
-3.326722e-05
-4.380000e-08
-3.533638e-03
-4.561176e-06
3.625548e-03
-8.730559e-05
-4.380000e-08
-8.807308e-04
-4.850909e-06
9.724603e-04
-8.683477e-05
-4.380000e-08
-2.909091e-02
-3.076480e-05
2.916644e-02
-4.472470e-05
-4.380000e-08
-2.178227e-04
6.498397e-04
-2.337159e-05
-4.086016e-04
-4.380000e-08
-2.149889e-04
-3.460830e-03
-2.691389e-05
3.702776e-03
-4.380000e-08
-1.372882e-04
-4.335159e-04
-5.014021e-03
5.584869e-03
-4.380000e-08
-7.406678e-04
-3.894909e-05
8.110859e-04
-3.142523e-05
-4.380000e-08
2.737807e-04
-3.894909e-05
-2.033626e-04
-3.142523e-05
-4.380000e-08
-1.186221e-03
-3.894909e-05
1.256639e-03
-3.142523e-05
-4.380000e-08
-2.178227e-04
6.498397e-04
-2.337159e-05
-4.086016e-04
-4.380000e-08
-1.054379e-03
-3.847818e-05
1.125091e-03
-3.219045e-05
-4.380000e-08
9.335583e-05
2.103902e-04
-2.530875e-04
-5.061477e-05
-4.380000e-08
3.318501e-03
-2.777503e-03
-2.810714e-05
-5.128471e-04
-4.380000e-08
6.507527e-03
-1.561111e-05
-6.422522e-03
-6.934944e-05
-4.380000e-08
5.753425e-04
-3.894909e-05
-5.049243e-04
-3.142523e-05
-4.380000e-08
-1.390523e-04
-4.321725e-04
-3.765427e-04
9.478113e-04
-4.380000e-08
2.312423e-03
-1.332727e-05
-2.225991e-03
-7.306068e-05
-2.563519e-04
5.847601e-04
-3.889082e-05
-2.592688e-04
-3.024854e-05
-4.380000e-08
-2.538554e-04
-3.781556e-05
3.249820e-04
-3.326722e-05
-4.380000e-08
-2.178227e-04
1.662021e-03
-2.337159e-05
-1.420782e-03
-4.380000e-08
-1.325773e-04
5.789952e-04
-1.299284e-04
-3.164457e-04
-4.380000e-08
1.023589e-07
2.968155e-04
-2.595625e-04
-3.731159e-05
-4.380000e-08
-7.302083e-05
-3.847818e-05
1.437333e-04
-3.219045e-05
-4.380000e-08
-2.185471e-04
-6.055224e-03
-2.246618e-05
6.296281e-03
5.394123e-04
-1.253853e-04
-4.179465e-04
-1.253853e-04
1.293048e-04
5.394123e-04
-1.253853e-04
-4.179465e-04
-1.253853e-04
1.293048e-04
5.394123e-04
-2.089742e-04
1.919965e-04
-2.089923e-05
-5.015353e-04
5.394123e-04
-1.253853e-04
-4.179465e-04
-1.253853e-04
1.293048e-04
5.394123e-04
-2.217685e-04
-3.761701e-05
-2.507687e-04
-2.925812e-05
5.394123e-04
-1.253853e-04
-4.179465e-04
-1.253853e-04
1.293048e-04
5.394123e-04
-1.253853e-04
-4.179465e-04
-1.253853e-04
1.293048e-04
5.394123e-04
-6.687131e-04
-4.181450e-06
2.170732e-04
-8.359089e-05
5.394123e-04
-2.089742e-04
1.919965e-04
-2.089923e-05
-5.015353e-04
5.394123e-04
-2.217685e-04
-3.761701e-05
-2.507687e-04
-2.925812e-05
5.394123e-04
-2.217685e-04
-3.761701e-05
-2.507687e-04
-2.925812e-05
5.394123e-04
-1.253853e-04
-4.179465e-04
-1.253853e-04
1.293048e-04
5.394123e-04
-2.217685e-04
-3.761701e-05
-2.507687e-04
-2.925812e-05
5.394123e-04
-2.089742e-04
1.919965e-04
-2.089923e-05
-5.015353e-04
5.394123e-04
-2.217685e-04
-3.761701e-05
-2.507687e-04
-2.925812e-05
5.394123e-04
5.377450e-04
-4.125899e-04
-1.271512e-04
-5.374162e-04
5.394123e-04
-2.089742e-04
1.919965e-04
-2.089923e-05
-5.015353e-04
5.394123e-04
-2.217685e-04
-3.761701e-05
-2.507687e-04
-2.925812e-05
5.394123e-04
-2.217685e-04
-3.761701e-05
-2.507687e-04
-2.925812e-05
5.394123e-04
9.037685e-04
-3.432064e-05
-1.374245e-03
-3.461471e-05
5.394123e-04
-7.375192e-04
4.815477e-04
-2.475312e-04
-3.590971e-05
5.394123e-04
-2.089742e-04
1.919965e-04
-2.089923e-05
-5.015353e-04
5.394123e-04
-1.253853e-04
-4.179465e-04
-1.253853e-04
1.293048e-04
5.394123e-04
-6.687131e-04
-4.181450e-06
2.170732e-04
-8.359089e-05
-4.380000e-08
4.293070e-04
-4.197494e-04
-1.374167e-04
1.279029e-04
5.394123e-04
-2.217685e-04
-3.761701e-05
-2.507687e-04
-2.925812e-05
5.394123e-04
-2.217685e-04
-3.761701e-05
-2.507687e-04
-2.925812e-05
5.394123e-04
-1.253853e-04
-4.179465e-04
-1.253853e-04
1.293048e-04
5.394123e-04
-6.687131e-04
-4.181450e-06
2.170732e-04
-8.359089e-05
5.394123e-04
-6.687131e-04
-4.181450e-06
2.170732e-04
-8.359089e-05
5.394123e-04
-1.253853e-04
-4.179465e-04
-1.253853e-04
1.293048e-04
5.394123e-04
-2.217685e-04
-3.761701e-05
-2.507687e-04
-2.925812e-05
5.394123e-04
-2.089742e-04
1.919965e-04
-2.089923e-05
-5.015353e-04
5.394123e-04
-2.089742e-04
1.919965e-04
-2.089923e-05
-5.015353e-04
5.394123e-04
-2.217685e-04
-3.761701e-05
-2.507687e-04
-2.925812e-05
5.394123e-04
-1.253853e-04
-4.179465e-04
-1.253853e-04
1.293048e-04
5.394123e-04
-2.217685e-04
-3.761701e-05
-2.507687e-04
-2.925812e-05
5.394123e-04
-6.687131e-04
-4.181450e-06
2.170732e-04
-8.359089e-05
5.394123e-04
-1.253853e-04
-4.179465e-04
-1.253853e-04
1.293048e-04
5.394123e-04
-1.253853e-04
-4.179465e-04
-1.253853e-04
1.293048e-04
5.394123e-04
6.637132e-03
-1.610693e-05
-7.096225e-03
-6.421198e-05
5.394123e-04
-2.217685e-04
-3.761701e-05
-2.507687e-04
-2.925812e-05
5.394123e-04
-1.253853e-04
-4.179465e-04
-1.253853e-04
1.293048e-04
5.394123e-04
-6.687131e-04
-4.181450e-06
2.170732e-04
-8.359089e-05
5.394123e-04
-6.687131e-04
-4.181450e-06
2.170732e-04
-8.359089e-05
5.394123e-04
-1.253853e-04
-4.179465e-04
-1.253853e-04
1.293048e-04
5.394123e-04
-2.217685e-04
-3.761701e-05
-2.507687e-04
-2.925812e-05
5.394123e-04
-2.089742e-04
1.919965e-04
-2.089923e-05
-5.015353e-04
5.394123e-04
-1.253853e-04
-4.179465e-04
-1.253853e-04
1.293048e-04
5.394123e-04
-2.217685e-04
-3.761701e-05
-2.507687e-04
-2.925812e-05
5.394123e-04
-1.948470e-04
-2.156119e-03
-3.855832e-05
1.850112e-03
5.394123e-04
-2.089742e-04
1.919965e-04
-2.089923e-05
-5.015353e-04
5.516202e-04
-2.060316e-04
1.694893e-04
-2.060550e-05
-4.944723e-04
5.516202e-04
-1.236200e-04
-4.120607e-04
-1.236200e-04
1.076805e-04
5.516202e-04
-6.592955e-04
-4.123175e-06
1.942127e-04
-8.241421e-05
5.219686e-04
-6.404603e-04
-4.006625e-06
2.025592e-04
-8.006084e-05
5.219686e-04
-1.200894e-04
-4.002891e-04
-1.200894e-04
1.184993e-04
5.219686e-04
-1.200894e-04
-4.002891e-04
-1.200894e-04
1.184993e-04
5.219686e-04
-2.177404e-04
-3.602945e-05
-2.401750e-04
-2.802375e-05
5.219686e-04
-2.177404e-04
-3.602945e-05
-2.401750e-04
-2.802375e-05
5.219686e-04
-1.200894e-04
-4.002891e-04
-1.200894e-04
1.184993e-04
5.219686e-04
-2.177404e-04
-3.602945e-05
-2.401750e-04
-2.802375e-05
5.219686e-04
-6.404603e-04
-4.006625e-06
2.025592e-04
-8.006084e-05
5.219686e-04
-1.200894e-04
-4.002891e-04
-1.200894e-04
1.184993e-04
5.394123e-04
-2.395182e-04
-1.363876e-05
-2.488152e-04
-3.744016e-05
5.394123e-04
-2.054424e-04
1.608848e-04
-2.531400e-05
-4.695406e-04
5.394123e-04
-2.130947e-04
1.667123e-04
-6.882579e-07
-4.923416e-04
5.394123e-04
-2.478658e-04
-3.714610e-05
-2.243770e-04
-3.002334e-05
5.394123e-04
-1.425625e-04
-4.072333e-04
-1.289172e-04
1.393006e-04
5.394123e-04
-2.230364e-04
-5.368678e-05
-2.454709e-04
-1.721820e-05
5.394123e-04
-1.241175e-04
-4.018767e-04
-1.306831e-04
1.172649e-04
5.394123e-04
-1.222448e-04
-4.009349e-04
-1.319671e-04
1.157345e-04
5.394123e-04
-1.253853e-04
-4.179465e-04
-1.253853e-04
1.293048e-04
5.394123e-04
-2.217685e-04
-3.761701e-05
-2.507687e-04
-2.925812e-05
5.394123e-04
-2.330432e-04
-4.514056e-05
-2.179020e-04
-4.332653e-05
5.394123e-04
-1.353922e-04
-4.094002e-04
3.983119e-04
-3.929318e-04
5.394123e-04
-6.444884e-04
-5.594177e-06
1.919655e-04
-8.129521e-05
5.394123e-04
-2.242137e-04
-2.529376e-05
-2.439994e-04
-4.590553e-05
5.394123e-04
-1.437398e-04
-3.788403e-04
-1.274456e-04
1.106133e-04
5.394123e-04
-2.045913e-04
-4.833019e-05
-2.472369e-04
-3.925394e-05
5.394123e-04
-2.054424e-04
1.608848e-04
-2.531400e-05
-4.695406e-04
5.394123e-04
-1.869973e-04
1.662413e-04
-2.707991e-05
-4.915764e-04
5.394123e-04
-2.402136e-04
-4.297360e-05
-2.490028e-04
-7.222374e-06
5.394123e-04
-1.425625e-04
-4.072333e-04
-1.289172e-04
1.393006e-04
5.394123e-04
-6.457563e-04
-2.166395e-05
1.972632e-04
-6.925529e-05
5.394123e-04
-1.222448e-04
-4.009349e-04
-1.319671e-04
1.157345e-04
5.394123e-04
-1.893519e-04
1.689601e-04
-2.413673e-05
-4.948837e-04
5.394123e-04
-1.253853e-04
-4.179465e-04
-1.253853e-04
1.293048e-04
5.394123e-04
-2.478658e-04
-3.714610e-05
-2.243770e-04
-3.002334e-05
5.394123e-04
-2.217685e-04
-3.761701e-05
-2.507687e-04
-2.925812e-05
5.394123e-04
-1.253853e-04
-4.179465e-04
-1.253853e-04
1.293048e-04
5.394123e-04
-6.687131e-04
-4.181450e-06
2.170732e-04
-8.359089e-05
5.394123e-04
-6.687131e-04
-4.181450e-06
2.170732e-04
-8.359089e-05
5.394123e-04
-2.217685e-04
-3.761701e-05
-2.507687e-04
-2.925812e-05
-4.380000e-08
-1.949333e-04
-5.204155e-03
-5.198333e-05
5.451116e-03
-4.380000e-08
1.113093e-03
-4.561176e-06
-1.021183e-03
-8.730559e-05
-4.380000e-08
-1.325773e-04
-5.691154e-04
-1.299284e-04
8.316649e-04
-4.380000e-08
-2.178227e-04
-2.504514e-04
-2.337159e-05
4.916895e-04
-4.380000e-08
-1.318529e-04
-2.485767e-03
-1.308338e-04
2.748498e-03
-4.380000e-08
-2.057894e-04
-3.522183e-03
-3.841326e-05
3.766430e-03
-4.380000e-08
2.817184e-03
-1.332727e-05
-2.730753e-03
-7.306068e-05
-4.380000e-08
4.845130e-04
-4.219302e-04
-1.366977e-04
7.415880e-05
-4.380000e-08
-2.166455e-04
1.287658e-04
-2.484318e-05
1.127667e-04
-4.380000e-08
-3.059460e-04
-3.800727e-05
3.769527e-04
-3.295568e-05
-4.380000e-08
-9.295726e-04
1.234709e-03
-2.517694e-04
-5.332278e-05
-4.380000e-08
-2.955544e-03
-3.139778e-05
3.030682e-03
-4.369611e-05
-4.380000e-08
-6.487960e-03
-3.923882e-05
6.558197e-03
-3.095441e-05
-4.380000e-08
-6.983088e-04
2.763750e-03
-1.975532e-03
-8.986471e-05
-4.380000e-08
-9.516337e-04
-3.781556e-05
1.022760e-03
-3.326722e-05
-4.380000e-08
1.113093e-03
-4.561176e-06
-1.021183e-03
-8.730559e-05
-4.380000e-08
-1.354111e-04
8.543792e-04
-1.263861e-04
-5.925381e-04
-4.380000e-08
-6.416569e-04
-4.850909e-06
7.333864e-04
-8.683477e-05
-4.380000e-08
-6.166250e-04
-6.848250e-05
-5.932410e-04
1.278392e-03
-4.380000e-08
2.249904e-04
7.192748e-05
-2.595625e-04
-3.731159e-05
-4.380000e-08
4.663349e-04
-3.894909e-05
-3.959167e-04
-3.142523e-05
-4.380000e-08
-2.149889e-04
1.719429e-04
-2.691389e-05
7.000364e-05
-4.380000e-08
-7.990920e-05
-4.326434e-04
-1.331659e-04
6.457623e-04
-4.380000e-08
2.185154e-04
-3.894909e-05
-1.480973e-04
-3.142523e-05
-4.380000e-08
1.113093e-03
-4.561176e-06
-1.021183e-03
-8.730559e-05
-4.380000e-08
-4.381046e-04
-3.847818e-05
5.088170e-04
-3.219045e-05
-4.380000e-08
1.113093e-03
-4.561176e-06
-1.021183e-03
-8.730559e-05
-4.380000e-08
1.936910e-03
-1.426909e-05
-1.851067e-03
-7.153023e-05
-4.380000e-08
5.837575e-04
-5.984444e-06
-4.927365e-04
-8.499278e-05
-4.380000e-08
6.346844e-04
-5.321818e-06
-5.432492e-04
-8.606955e-05
-4.380000e-08
-1.893019e-04
-3.894909e-05
2.597200e-04
-3.142523e-05
-4.380000e-08
-1.785743e-04
-4.850909e-06
2.703038e-04
-8.683477e-05
-4.380000e-08
-1.926182e-04
-3.913800e-04
5.330534e-04
5.098859e-05
-4.380000e-08
-2.166455e-04
-1.979114e-05
-2.484318e-05
2.613236e-04
-4.380000e-08
-1.361091e-04
-1.060991e-03
-1.255136e-04
1.322658e-03
-4.380000e-08
3.681187e-03
-3.923882e-05
-3.610950e-03
-3.095441e-05
-4.380000e-08
9.688764e-05
-5.548977e-05
-2.575023e-04
2.161482e-04
-4.380000e-08
8.263657e-04
-3.235636e-05
-7.518271e-04
-4.213841e-05
-4.380000e-08
-1.315500e-04
-3.880774e-03
-1.312125e-04
4.143580e-03
-4.380000e-08
-2.302377e-03
-3.781556e-05
2.373504e-03
-3.326722e-05
-3.444880e-03
3.777190e-03
-3.935257e-05
-2.623501e-04
-3.060757e-05
-3.444880e-03
3.872264e-03
-3.844972e-05
-3.568596e-04
-3.207472e-05
-4.380000e-08
2.044982e-04
3.364999e-04
-2.810714e-05
-5.128471e-04
-4.380000e-08
-1.460714e-04
-4.268271e-04
3.016911e-04
2.712513e-04
-4.380000e-08
-1.390523e-04
-4.321725e-04
5.379110e-04
3.335758e-05
-4.380000e-08
-2.185471e-04
2.814311e-03
-2.246618e-05
-2.573254e-03
-4.380000e-08
-9.369425e-04
1.233860e-03
-2.595625e-04
-3.731159e-05
1.262408e-03
-2.160574e-04
-5.062074e-04
-2.160627e-05
-5.185370e-04
-4.380000e-08
-2.188500e-04
5.670857e-03
-2.208750e-05
-5.429875e-03
-4.380000e-08
-2.604389e-02
-6.850588e-06
2.613437e-02
-8.358529e-05
-4.380000e-08
-5.863916e-04
-4.850909e-06
6.781211e-04
-8.683477e-05
-4.380000e-08
-1.703126e-03
-3.753636e-05
1.774427e-03
-3.372091e-05
-4.380000e-08
-1.204963e-03
-5.321818e-06
1.296399e-03
-8.606955e-05
-4.380000e-08
-2.436565e-03
-3.923882e-05
2.506802e-03
-3.095441e-05
-4.380000e-08
-2.154682e-04
2.427511e-04
-2.631477e-05
-9.243705e-07
-4.380000e-08
-2.096792e-04
6.754348e-05
-3.355097e-05
1.757305e-04
-4.380000e-08
-2.154682e-04
-7.541676e-04
-2.631477e-05
9.959944e-04
-4.380000e-08
-2.188500e-04
5.039274e-03
-2.208750e-05
-4.798293e-03
-4.380000e-08
-3.564395e-04
-6.455354e-06
4.471662e-04
-8.422755e-05
-4.380000e-08
-1.186221e-03
-3.894909e-05
1.256639e-03
-3.142523e-05
-4.380000e-08
-1.773136e-04
-4.030350e-04
-1.608261e-03
2.188653e-03
-4.380000e-08
-1.390523e-04
-4.321725e-04
-2.662827e-04
8.375512e-04
-4.380000e-08
-1.878697e-04
-3.749898e-03
-6.081288e-05
3.998625e-03
-4.380000e-08
3.138995e-04
-4.850909e-06
-2.221700e-04
-8.683477e-05
-4.380000e-08
3.727916e-04
-4.850909e-06
-2.810621e-04
-8.683477e-05
-4.380000e-08
3.678452e-04
-5.282857e-06
-2.763857e-04
-8.613286e-05
-4.380000e-08
2.802557e-04
1.666217e-05
-2.595625e-04
-3.731159e-05
-4.380000e-08
-4.807179e-03
-4.802353e-06
4.898939e-03
-8.691368e-05
-4.380000e-08
8.183444e-04
-4.850909e-06
-7.266149e-04
-8.683477e-05
-4.380000e-08
-1.325773e-04
-9.659651e-04
-1.299284e-04
1.228515e-03
-4.380000e-08
4.652401e-03
-3.923882e-05
-4.582164e-03
-3.095441e-05
-4.380000e-08
-1.543568e-04
-4.205175e-04
8.598821e-04
-2.849639e-04
-4.380000e-08
4.279976e-04
-3.851714e-05
-3.573095e-04
-3.212714e-05
-4.380000e-08
1.370025e-02
-2.666961e-05
-1.362215e-02
-5.137938e-05
-4.380000e-08
2.546123e-04
-4.878714e-05
8.097952e-04
-1.015577e-03
-4.380000e-08
-3.216992e-03
-3.851714e-05
3.287680e-03
-3.212714e-05
5.387243e-04
-5.328417e-04
-3.340693e-06
6.407242e-05
-6.661439e-05
5.387243e-04
-1.665202e-04
4.409125e-05
-1.666147e-05
-3.996339e-04
5.387243e-04
-7.068391e-04
-4.025225e-05
-1.964365e-04
4.048035e-04
5.387243e-04
-1.665202e-04
4.409125e-05
-1.666147e-05
-3.996339e-04
5.387243e-04
-1.665202e-04
4.409125e-05
-1.666147e-05
-3.996339e-04
5.387243e-04
-2.855980e-04
-2.998225e-05
-1.998222e-04
-2.332186e-05
5.387243e-04
-2.855980e-04
-2.998225e-05
-1.998222e-04
-2.332186e-05
5.387243e-04
-1.665202e-04
4.409125e-05
-1.666147e-05
-3.996339e-04
5.387243e-04
-2.855980e-04
-2.998225e-05
-1.998222e-04
-2.332186e-05
5.387243e-04
-5.328417e-04
-3.340693e-06
6.407242e-05
-6.661439e-05
5.387243e-04
-1.665202e-04
4.409125e-05
-1.666147e-05
-3.996339e-04
5.387243e-04
-2.855980e-04
-2.998225e-05
-1.998222e-04
-2.332186e-05
4.141468e-04
-5.007548e-04
-3.142143e-06
1.523554e-04
-6.260529e-05
4.141468e-04
-1.762567e-04
-2.817926e-05
-1.877909e-04
-2.191998e-05
4.141468e-04
-5.007548e-04
-3.142143e-06
1.523554e-04
-6.260529e-05
7.950325e-04
-5.374343e-04
-3.051144e-05
-2.033534e-04
-2.373332e-05
7.950325e-04
2.746209e-03
-1.142119e-05
-3.475065e-03
-5.475497e-05
7.950325e-04
-5.374343e-04
-3.051144e-05
-2.033534e-04
-2.373332e-05
7.950325e-04
-5.374343e-04
-3.051144e-05
-2.033534e-04
-2.373332e-05
7.950325e-04
-5.374343e-04
-3.051144e-05
-2.033534e-04
-2.373332e-05
7.950325e-04
-5.374343e-04
-3.051144e-05
-2.033534e-04
-2.373332e-05
7.950325e-04
-5.374343e-04
-3.051144e-05
-2.033534e-04
-2.373332e-05
7.950325e-04
-1.694628e-04
-2.019175e-04
-1.695520e-05
-4.066969e-04
7.950325e-04
-1.016817e-04
-3.389158e-04
-1.016817e-04
-2.527534e-04
-4.380000e-08
-8.831727e-05
-4.969000e-05
-2.594143e-04
3.974654e-04
-4.380000e-08
-1.343441e-04
-4.357579e-04
2.724152e-03
-2.154006e-03
-4.380000e-08
2.737807e-04
-3.894909e-05
-2.033626e-04
-3.142523e-05
-4.380000e-08
2.727714e-04
-6.185714e-06
-1.818761e-04
-8.466571e-05
-4.380000e-08
-6.013205e-04
-8.013750e-05
-5.840757e-04
1.265577e-03
-4.380000e-08
6.952302e-04
-1.050182e-05
-6.070325e-04
-7.765205e-05
-4.380000e-08
-9.340918e-04
1.484142e-03
-4.919743e-04
-5.803159e-05
-4.380000e-08
4.273922e-03
-1.536367e-05
-4.188763e-03
-6.975154e-05
-4.380000e-08
-9.444711e-04
-4.850909e-06
1.036201e-03
-8.683477e-05
-4.380000e-08
9.335583e-05
2.103902e-04
-2.530875e-04
-5.061477e-05
-4.380000e-08
-6.769736e-03
-2.508424e-05
6.848819e-03
-5.395561e-05
-4.380000e-08
-1.390523e-04
-4.321725e-04
-1.067743e-04
6.780428e-04
-4.380000e-08
-1.349318e-04
-1.721200e-04
-1.269852e-04
4.340808e-04
-4.380000e-08
2.625199e-03
-1.517195e-05
-2.539920e-03
-7.006308e-05
-4.380000e-08
-1.325773e-04
-6.156352e-04
-1.299284e-04
8.781846e-04
-4.380000e-08
-1.561227e-04
1.867563e-03
-1.004966e-04
-1.610900e-03
-4.380000e-08
-1.555341e-04
1.481279e-03
1.246498e-04
-1.450351e-03
-4.380000e-08
-7.357214e-04
-3.851714e-05
8.064095e-04
-3.212714e-05
-4.380000e-08
-4.803056e-04
-1.722950e-04
-5.192964e-03
5.845609e-03
-4.380000e-08
-2.185471e-04
-1.193142e-02
-2.246618e-05
1.217247e-02
-4.380000e-08
5.757892e-03
-5.306324e-03
-1.129119e-04
-3.386119e-04
-4.380000e-08
-1.186221e-03
-3.894909e-05
1.256639e-03
-3.142523e-05
-4.380000e-08
-1.574722e-04
-4.181450e-04
4.083138e-03
-3.507477e-03
-4.380000e-08
1.023589e-07
2.968155e-04
-2.595625e-04
-3.731159e-05
-4.380000e-08
-1.483611e-04
4.366785e-03
-1.101986e-04
-4.108181e-03
-4.380000e-08
-1.179746e-03
1.476664e-03
-2.595625e-04
-3.731159e-05
-4.380000e-08
-1.318529e-04
6.383767e-03
-1.308338e-04
-6.121037e-03
-4.380000e-08
-1.325773e-04
-6.781230e-04
-1.299284e-04
9.406725e-04
-4.380000e-08
-1.676462e-03
-5.282857e-06
1.767922e-03
-8.613286e-05
-4.380000e-08
-4.390379e-03
4.438002e-03
1.257919e-04
-1.733710e-04
-4.380000e-08
-3.864567e-03
4.169703e-03
-2.517694e-04
-5.332278e-05
-4.380000e-08
5.572402e-03
-5.094652e-03
-8.808333e-05
-3.896233e-04
-4.380000e-08
-1.029887e-04
-3.851714e-05
1.736768e-04
-3.212714e-05
-4.380000e-08
6.903429e-03
-5.464034e-06
-6.812083e-03
-8.583845e-05
-4.380000e-08
4.404119e-04
-1.403624e-04
-2.565929e-04
-4.341286e-05
-4.380000e-08
-9.434175e-04
-3.894909e-05
1.013836e-03
-3.142523e-05
-4.380000e-08
-9.432187e-04
-4.850909e-06
1.034948e-03
-8.683477e-05
-4.380000e-08
-1.315500e-04
-4.710730e-03
-1.312125e-04
4.973536e-03
-3.220512e-04
-7.290406e-06
-8.864118e-08
3.303795e-04
-9.492294e-07
3.221826e-04
-6.935534e-04
-4.335159e-06
4.624005e-04
-8.669457e-05
3.221826e-04
-6.935534e-04
-4.335159e-06
4.624005e-04
-8.669457e-05
3.221826e-04
7.256418e-06
-3.901281e-05
-2.600828e-04
-3.034339e-05
3.221826e-04
-2.167357e-04
4.363923e-04
-2.167398e-05
-5.201652e-04
3.221826e-04
-1.300416e-04
-4.334710e-04
-1.300416e-04
3.713717e-04
3.221826e-04
-1.300416e-04
-4.334710e-04
-1.300416e-04
3.713717e-04
3.221826e-04
-1.300416e-04
-4.334710e-04
-1.300416e-04
3.713717e-04
3.221826e-04
-2.167357e-04
4.363923e-04
-2.167398e-05
-5.201652e-04
3.221826e-04
-2.167357e-04
4.363923e-04
-2.167398e-05
-5.201652e-04
3.221826e-04
7.256418e-06
-3.901281e-05
-2.600828e-04
-3.034339e-05
3.221826e-04
-2.167357e-04
4.363923e-04
-2.167398e-05
-5.201652e-04
3.221826e-04
-1.300416e-04
-4.334710e-04
-1.300416e-04
3.713717e-04
3.221826e-04
-6.935534e-04
-4.335159e-06
4.624005e-04
-8.669457e-05
3.221826e-04
-6.935534e-04
-4.335159e-06
4.624005e-04
-8.669457e-05
3.221826e-04
-6.935534e-04
-4.335159e-06
4.624005e-04
-8.669457e-05
3.221826e-04
-6.935534e-04
-4.335159e-06
4.624005e-04
-8.669457e-05
3.221826e-04
-2.167357e-04
4.363923e-04
-2.167398e-05
-5.201652e-04
3.221826e-04
-6.935534e-04
-4.335159e-06
4.624005e-04
-8.669457e-05
3.221826e-04
-1.300416e-04
-4.334710e-04
-1.300416e-04
3.713717e-04
3.221826e-04
-1.300416e-04
-4.334710e-04
-1.300416e-04
3.713717e-04
3.221826e-04
-2.167357e-04
4.363923e-04
-2.167398e-05
-5.201652e-04
3.221826e-04
-2.167357e-04
4.363923e-04
-2.167398e-05
-5.201652e-04
3.221826e-04
7.256418e-06
-3.901281e-05
-2.600828e-04
-3.034339e-05
3.221826e-04
-6.935534e-04
-4.335159e-06
4.624005e-04
-8.669457e-05
3.221826e-04
-6.935534e-04
-4.335159e-06
4.624005e-04
-8.669457e-05
3.221826e-04
7.256418e-06
-3.901281e-05
-2.600828e-04
-3.034339e-05
3.221826e-04
-6.935534e-04
-4.335159e-06
4.624005e-04
-8.669457e-05
3.221826e-04
-6.935534e-04
-4.335159e-06
4.624005e-04
-8.669457e-05
3.221826e-04
-1.300416e-04
-4.334710e-04
-1.300416e-04
3.713717e-04
3.221826e-04
-6.935534e-04
-4.335159e-06
4.624005e-04
-8.669457e-05
3.221826e-04
-1.300416e-04
-4.334710e-04
-1.300416e-04
3.713717e-04
3.221826e-04
-6.935534e-04
-4.335159e-06
4.624005e-04
-8.669457e-05
3.221826e-04
-6.935534e-04
-4.335159e-06
4.624005e-04
-8.669457e-05
3.221826e-04
-1.300416e-04
-4.334710e-04
-1.300416e-04
3.713717e-04
3.221826e-04
-2.167357e-04
4.363923e-04
-2.167398e-05
-5.201652e-04
3.221826e-04
-1.300416e-04
-4.334710e-04
-1.300416e-04
3.713717e-04
3.221826e-04
-6.935534e-04
-4.335159e-06
4.624005e-04
-8.669457e-05
3.221826e-04
-6.935534e-04
-4.335159e-06
4.624005e-04
-8.669457e-05
3.221826e-04
-6.935534e-04
-4.335159e-06
4.624005e-04
-8.669457e-05
3.221826e-04
-2.167357e-04
4.363923e-04
-2.167398e-05
-5.201652e-04
3.221826e-04
-6.935534e-04
-4.335159e-06
4.624005e-04
-8.669457e-05
3.221826e-04
-6.935534e-04
-4.335159e-06
4.624005e-04
-8.669457e-05
3.221826e-04
-6.935534e-04
-4.335159e-06
4.624005e-04
-8.669457e-05
3.221826e-04
7.256418e-06
-3.901281e-05
-2.600828e-04
-3.034339e-05
3.221826e-04
-2.167357e-04
4.363923e-04
-2.167398e-05
-5.201652e-04
3.221826e-04
-6.935534e-04
-4.335159e-06
4.624005e-04
-8.669457e-05
3.221826e-04
-6.935534e-04
-4.335159e-06
4.624005e-04
-8.669457e-05
3.221826e-04
-6.935534e-04
-4.335159e-06
4.624005e-04
-8.669457e-05
3.221826e-04
-6.935534e-04
-4.335159e-06
4.624005e-04
-8.669457e-05
3.221826e-04
7.256418e-06
-3.901281e-05
-2.600828e-04
-3.034339e-05
3.221826e-04
-6.935534e-04
-4.335159e-06
4.624005e-04
-8.669457e-05
3.221826e-04
-1.300416e-04
-4.334710e-04
-1.300416e-04
3.713717e-04
3.221826e-04
-6.935534e-04
-4.335159e-06
4.624005e-04
-8.669457e-05
3.221826e-04
-6.935534e-04
-4.335159e-06
4.624005e-04
-8.669457e-05
3.221826e-04
-1.300416e-04
-4.334710e-04
-1.300416e-04
3.713717e-04
3.221826e-04
-2.167357e-04
4.363923e-04
-2.167398e-05
-5.201652e-04
3.221826e-04
7.256418e-06
-3.901281e-05
-2.600828e-04
-3.034339e-05
3.221826e-04
7.256418e-06
-3.901281e-05
-2.600828e-04
-3.034339e-05
1.381885e-03
-2.137932e-04
-6.336092e-04
-2.138025e-05
-5.131021e-04
3.221826e-04
-2.167357e-04
4.363923e-04
-2.167398e-05
-5.201652e-04
3.221826e-04
-2.167357e-04
4.363923e-04
-2.167398e-05
-5.201652e-04
3.221826e-04
-1.300416e-04
-4.334710e-04
-1.300416e-04
3.713717e-04
3.221826e-04
-2.167357e-04
4.363923e-04
-2.167398e-05
-5.201652e-04
3.221826e-04
7.256418e-06
-3.901281e-05
-2.600828e-04
-3.034339e-05
3.221826e-04
-6.935534e-04
-4.335159e-06
4.624005e-04
-8.669457e-05
3.221826e-04
7.256418e-06
-3.901281e-05
-2.600828e-04
-3.034339e-05
3.221826e-04
-1.300416e-04
-4.334710e-04
-1.300416e-04
3.713717e-04
3.221826e-04
-6.935534e-04
-4.335159e-06
4.624005e-04
-8.669457e-05
3.221826e-04
-2.167357e-04
4.363923e-04
-2.167398e-05
-5.201652e-04
3.221826e-04
-1.300416e-04
-4.334710e-04
-1.300416e-04
3.713717e-04
3.221826e-04
-6.935534e-04
-4.335159e-06
4.624005e-04
-8.669457e-05
3.221826e-04
-2.167357e-04
4.363923e-04
-2.167398e-05
-5.201652e-04
3.221826e-04
7.256418e-06
-3.901281e-05
-2.600828e-04
-3.034339e-05
3.221826e-04
-1.300416e-04
-4.334710e-04
-1.300416e-04
3.713717e-04
3.221826e-04
7.256418e-06
-3.901281e-05
-2.600828e-04
-3.034339e-05
3.221826e-04
-1.300416e-04
-4.334710e-04
-1.300416e-04
3.713717e-04
3.221826e-04
7.256418e-06
-3.901281e-05
-2.600828e-04
-3.034339e-05
3.221826e-04
7.256418e-06
-3.901281e-05
-2.600828e-04
-3.034339e-05
3.221826e-04
-6.935534e-04
-4.335159e-06
4.624005e-04
-8.669457e-05
3.221826e-04
-2.167357e-04
4.363923e-04
-2.167398e-05
-5.201652e-04
3.221826e-04
7.256418e-06
-3.901281e-05
-2.600828e-04
-3.034339e-05
3.221826e-04
-6.935534e-04
-4.335159e-06
4.624005e-04
-8.669457e-05
3.221826e-04
-2.167357e-04
4.363923e-04
-2.167398e-05
-5.201652e-04
3.221826e-04
-1.300416e-04
-4.334710e-04
-1.300416e-04
3.713717e-04
3.221826e-04
-6.935534e-04
-4.335159e-06
4.624005e-04
-8.669457e-05
3.221826e-04
-2.167357e-04
4.363923e-04
-2.167398e-05
-5.201652e-04
3.221826e-04
-1.300416e-04
-4.334710e-04
-1.300416e-04
3.713717e-04
3.221826e-04
-1.300416e-04
-4.334710e-04
-1.300416e-04
3.713717e-04
3.221826e-04
-1.300416e-04
-4.334710e-04
-1.300416e-04
3.713717e-04
3.221826e-04
-1.300416e-04
-4.334710e-04
-1.300416e-04
3.713717e-04
3.221826e-04
-2.155585e-04
6.765153e-04
-2.314557e-05
-7.599938e-04
3.221826e-04
-6.935534e-04
-4.335159e-06
4.624005e-04
-8.669457e-05
3.221826e-04
-2.167357e-04
4.363923e-04
-2.167398e-05
-5.201652e-04
3.221826e-04
-2.167357e-04
4.363923e-04
-2.167398e-05
-5.201652e-04
3.221826e-04
-1.300416e-04
-4.334710e-04
-1.300416e-04
3.713717e-04
3.221826e-04
-6.935534e-04
-4.335159e-06
4.624005e-04
-8.669457e-05
3.221826e-04
-1.300416e-04
-4.334710e-04
-1.300416e-04
3.713717e-04
3.221826e-04
-9.997908e-04
-4.436940e-05
-2.583169e-04
9.802945e-04
3.221826e-04
-2.167357e-04
4.363923e-04
-2.167398e-05
-5.201652e-04
3.221826e-04
-1.300416e-04
-4.334710e-04
-1.300416e-04
3.713717e-04
3.221826e-04
-6.935534e-04
-4.335159e-06
4.624005e-04
-8.669457e-05
3.221826e-04
-6.935534e-04
-4.335159e-06
4.624005e-04
-8.669457e-05
3.221826e-04
-6.935534e-04
-4.335159e-06
4.624005e-04
-8.669457e-05
3.221826e-04
-1.300416e-04
-4.334710e-04
-1.300416e-04
3.713717e-04
3.221826e-04
-2.167357e-04
4.363923e-04
-2.167398e-05
-5.201652e-04
3.221826e-04
-1.300416e-04
-4.334710e-04
-1.300416e-04
3.713717e-04
3.221826e-04
-2.167357e-04
4.363923e-04
-2.167398e-05
-5.201652e-04
3.221826e-04
-1.300416e-04
-4.334710e-04
-1.300416e-04
3.713717e-04
3.221826e-04
-2.167357e-04
4.363923e-04
-2.167398e-05
-5.201652e-04
3.221826e-04
-1.300416e-04
-4.334710e-04
-1.300416e-04
3.713717e-04
3.221826e-04
7.256418e-06
-3.901281e-05
-2.600828e-04
-3.034339e-05
3.221826e-04
-6.935534e-04
-4.335159e-06
4.624005e-04
-8.669457e-05
3.221826e-04
-6.935534e-04
-4.335159e-06
4.624005e-04
-8.669457e-05
3.221826e-04
-1.300416e-04
-4.334710e-04
-1.300416e-04
3.713717e-04
3.221826e-04
7.256418e-06
-3.901281e-05
-2.600828e-04
-3.034339e-05
3.221826e-04
-6.935534e-04
-4.335159e-06
4.624005e-04
-8.669457e-05
3.221826e-04
7.256418e-06
-3.901281e-05
-2.600828e-04
-3.034339e-05
3.221826e-04
-2.167357e-04
4.363923e-04
-2.167398e-05
-5.201652e-04
3.221826e-04
-2.167357e-04
4.363923e-04
-2.167398e-05
-5.201652e-04
3.221826e-04
7.256418e-06
-3.901281e-05
-2.600828e-04
-3.034339e-05
3.221826e-04
-6.935534e-04
-4.335159e-06
4.624005e-04
-8.669457e-05
3.221826e-04
7.256418e-06
-3.901281e-05
-2.600828e-04
-3.034339e-05
3.221826e-04
-1.300416e-04
-4.334710e-04
-1.300416e-04
3.713717e-04
3.221826e-04
-2.167357e-04
4.363923e-04
-2.167398e-05
-5.201652e-04
3.221826e-04
-1.300416e-04
-4.334710e-04
-1.300416e-04
3.713717e-04
3.221826e-04
-6.935534e-04
-4.335159e-06
4.624005e-04
-8.669457e-05
3.221826e-04
7.256418e-06
-3.901281e-05
-2.600828e-04
-3.034339e-05
3.221826e-04
-6.935534e-04
-4.335159e-06
4.624005e-04
-8.669457e-05
3.221826e-04
-2.167357e-04
4.363923e-04
-2.167398e-05
-5.201652e-04
3.221826e-04
-2.167357e-04
4.363923e-04
-2.167398e-05
-5.201652e-04
3.221826e-04
-1.300416e-04
-4.334710e-04
-1.300416e-04
3.713717e-04
3.221826e-04
-6.935534e-04
-4.335159e-06
4.624005e-04
-8.669457e-05
3.221826e-04
-6.935534e-04
-4.335159e-06
4.624005e-04
-8.669457e-05
3.221826e-04
-6.935534e-04
-4.335159e-06
4.624005e-04
-8.669457e-05
3.221826e-04
7.256418e-06
-3.901281e-05
-2.600828e-04
-3.034339e-05
3.221826e-04
-6.935534e-04
-4.335159e-06
4.624005e-04
-8.669457e-05
3.221826e-04
-2.167357e-04
4.363923e-04
-2.167398e-05
-5.201652e-04
3.221826e-04
-1.300416e-04
-4.334710e-04
-1.300416e-04
3.713717e-04
3.221826e-04
-2.167357e-04
4.363923e-04
-2.167398e-05
-5.201652e-04
3.221826e-04
-1.300416e-04
-4.334710e-04
-1.300416e-04
3.713717e-04
3.221826e-04
-2.167357e-04
4.363923e-04
-2.167398e-05
-5.201652e-04
3.221826e-04
-1.300416e-04
-4.334710e-04
-1.300416e-04
3.713717e-04
3.221826e-04
-6.935534e-04
-4.335159e-06
4.624005e-04
-8.669457e-05
3.221826e-04
-6.935534e-04
-4.335159e-06
4.624005e-04
-8.669457e-05
3.221826e-04
-2.167357e-04
4.363923e-04
-2.167398e-05
-5.201652e-04
3.221826e-04
-1.300416e-04
-4.334710e-04
-1.300416e-04
3.713717e-04
3.221826e-04
7.256418e-06
-3.901281e-05
-2.600828e-04
-3.034339e-05
3.221826e-04
-1.300416e-04
-4.334710e-04
-1.300416e-04
3.713717e-04
3.221826e-04
-2.167357e-04
4.363923e-04
-2.167398e-05
-5.201652e-04
3.221826e-04
-1.300416e-04
-4.334710e-04
-1.300416e-04
3.713717e-04
3.221826e-04
7.256418e-06
-3.901281e-05
-2.600828e-04
-3.034339e-05
3.221826e-04
-6.935534e-04
-4.335159e-06
4.624005e-04
-8.669457e-05
