-6.840000e-08
-1.087570e-03
-7.053333e-06
1.231145e-03
-1.364533e-04
-6.840000e-08
-3.984436e-04
1.242985e-03
-4.418250e-05
-8.002905e-04
-6.840000e-08
-2.062750e-04
-3.640306e-04
-2.038562e-04
7.742302e-04
-6.840000e-08
-1.168720e-03
1.628615e-03
-4.089333e-04
-5.089333e-05
-6.840000e-08
6.486934e-04
-6.113000e-05
-5.389162e-04
-4.857875e-05
-6.840000e-08
5.191769e-04
-6.019467e-05
-4.088151e-04
-5.009867e-05
-6.840000e-08
-2.062750e-04
-8.197578e-04
-2.038562e-04
1.229957e-03
-6.840000e-08
-2.086667e-04
-6.813600e-04
4.533372e-03
-3.643277e-03
-6.840000e-08
-2.495733e-04
-6.502080e-04
-8.312866e-04
1.731136e-03
-6.840000e-08
8.111359e-04
-6.019467e-05
-7.007742e-04
-5.009867e-05
-6.840000e-08
-1.171654e-03
-6.134667e-05
1.281295e-03
-4.822667e-05
-6.840000e-08
-8.739492e-04
-5.609867e-05
9.868709e-04
-5.675467e-05
-6.840000e-08
1.689086e-04
-5.804467e-05
-5.720308e-05
-5.359242e-05
-6.840000e-08
2.177734e-04
8.108854e-04
-4.280000e-05
-9.857904e-04
-6.840000e-08
1.660402e-03
-7.053333e-06
-1.516827e-03
-1.364533e-04
-6.840000e-08
-3.414667e-04
-1.482803e-03
-3.486667e-05
1.859205e-03
-6.840000e-08
-2.270767e-04
-4.584084e-04
-1.778542e-04
8.634077e-04
-6.840000e-08
-3.398500e-04
6.234275e-04
-3.688750e-05
-2.466216e-04
-6.840000e-08
-2.062750e-04
-9.349520e-04
-2.038562e-04
1.345152e-03
-6.840000e-08
-3.414667e-04
4.520809e-04
-3.486667e-05
-7.567920e-05
-6.840000e-08
6.125775e-04
-6.113000e-05
-5.028003e-04
-4.857875e-05
-6.840000e-08
2.028391e-03
-6.134667e-05
-1.918749e-03
-4.822667e-05
-6.840000e-08
3.550784e-04
2.584274e-04
-5.572650e-04
-5.617242e-05
-1.506053e-04
-3.393130e-04
1.338201e-03
-3.393179e-05
-8.143505e-04
-1.506053e-04
-3.393130e-04
1.338201e-03
-3.393179e-05
-8.143505e-04
-1.506053e-04
-2.035880e-04
-6.786255e-04
-2.035880e-04
1.236407e-03
-6.840000e-08
-2.062750e-04
-9.349520e-04
-2.038562e-04
1.345152e-03
-5.542147e-04
-1.997568e-04
-6.658518e-04
-1.997568e-04
1.619580e-03
-6.840000e-08
2.109367e-03
-2.100867e-05
-1.974514e-03
-1.137759e-04
-6.840000e-08
-2.595125e-04
-5.351867e-05
3.740468e-04
-6.094717e-05
-6.840000e-08
-3.373033e-04
-6.905788e-03
-4.007083e-05
7.283231e-03
-6.840000e-08
-2.997400e-04
-3.913231e-04
-8.702500e-05
7.781565e-04
-6.840000e-08
-2.265053e-03
-5.608733e-05
2.377982e-03
-5.677308e-05
-6.840000e-08
5.563870e-04
-6.010800e-05
-4.459711e-04
-5.023950e-05
-6.840000e-08
1.984913e-04
-6.113000e-05
-8.871418e-05
-4.857875e-05
-6.840000e-08
-9.585187e-04
-7.050000e-06
1.102096e-03
-1.364587e-04
-6.840000e-08
-2.088300e-04
-7.134001e-04
-2.006625e-04
1.122961e-03
-6.840000e-08
1.647356e-03
-7.050000e-06
-1.503779e-03
-1.364587e-04
-6.840000e-08
-2.084250e-04
8.615143e-05
-2.011687e-04
3.235107e-04
-6.840000e-08
-8.276410e-04
-8.205333e-06
9.704961e-04
-1.345813e-04
-6.840000e-08
-2.086667e-04
-6.813600e-04
5.204621e-04
3.696330e-04
-6.840000e-08
-2.442423e-04
-8.292000e-06
3.870432e-04
-1.344405e-04
-6.840000e-08
-6.001720e-04
-8.205333e-06
7.430271e-04
-1.345813e-04
-6.840000e-08
1.984913e-04
-6.113000e-05
-8.871418e-05
-4.857875e-05
-6.840000e-08
3.001668e-04
-6.113000e-05
-1.903897e-04
-4.857875e-05
-6.840000e-08
-2.062750e-04
-1.083513e-03
-2.038562e-04
1.493713e-03
-6.840000e-08
-9.355609e-05
6.541247e-04
-3.134671e-04
-2.470331e-04
-6.840000e-08
-3.366250e-04
1.823205e-04
-4.091875e-05
1.952917e-04
-6.840000e-08
-2.191750e-04
-6.733575e-04
1.853414e-04
7.072595e-04
-6.840000e-08
-9.668536e-04
-1.043067e-05
1.108318e-03
-1.309652e-04
-6.840000e-08
-3.640686e-04
-6.791087e-04
-2.068125e-04
1.250058e-03
-6.840000e-08
3.940665e-04
-4.871333e-05
-2.765289e-04
-6.875583e-05
-6.840000e-08
-2.413617e-04
-6.564615e-04
3.580258e-04
5.398658e-04
-6.840000e-08
1.118923e-03
-5.976467e-05
-1.008293e-03
-5.079742e-05
-6.840000e-08
-2.084250e-04
-3.896008e-04
-2.011687e-04
7.992630e-04
-6.840000e-08
3.114178e-04
-6.070000e-05
-2.013719e-04
-4.927750e-05
-6.840000e-08
6.903277e-04
-6.019467e-05
-5.799660e-04
-5.009867e-05
-6.840000e-08
-2.062750e-04
-5.012742e-04
-2.038562e-04
9.114738e-04
-6.840000e-08
-3.409250e-04
6.578487e-04
-3.554375e-05
-2.813115e-04
-6.840000e-08
2.995557e-04
-7.473333e-06
-1.562431e-04
-1.357708e-04
-6.840000e-08
-9.049875e-03
9.511293e-03
-4.074896e-04
-5.385958e-05
-6.840000e-08
3.289619e-03
-7.053333e-06
-3.146044e-03
-1.364533e-04
-6.840000e-08
1.825513e-02
-1.750005e-02
-1.290108e-04
-6.260068e-04
-6.840000e-08
3.832506e-03
-7.053333e-06
-3.688931e-03
-1.364533e-04
-6.840000e-08
1.099970e-02
-1.041158e-02
-2.873467e-04
-3.006987e-04
-6.840000e-08
1.163865e-03
-1.185067e-05
-1.023288e-03
-1.286577e-04
-6.840000e-08
6.894169e-03
-6.223751e-03
-8.063000e-05
-5.897195e-04
-6.840000e-08
-3.444000e-04
-6.255212e-03
2.718602e-03
3.881078e-03
-6.840000e-08
-2.054545e-04
-6.122043e-03
-2.048818e-04
6.532448e-03
-6.840000e-08
-6.660913e-04
-1.710667e-05
8.033830e-04
-1.201167e-04
-6.840000e-08
-2.057333e-04
1.008602e-03
-2.045333e-04
-5.982670e-04
-6.840000e-08
-3.409250e-04
1.043126e-03
-3.554375e-05
-6.665886e-04
-6.840000e-08
3.147992e-04
1.466667e-04
-4.074437e-04
-5.395375e-05
-6.840000e-08
-1.161303e-03
-7.053333e-06
1.304878e-03
-1.364533e-04
-6.840000e-08
9.522302e-04
-7.480000e-06
-8.089218e-04
-1.357600e-04
-6.840000e-08
5.607490e-04
-4.251202e-04
-2.905450e-04
1.549846e-04
-6.840000e-08
-6.552222e-03
-6.134667e-05
6.661864e-03
-4.822667e-05
-6.840000e-08
-2.121875e-04
-6.786787e-04
3.289829e-04
5.619518e-04
-6.840000e-08
-2.062750e-04
-4.621622e-04
-2.038562e-04
8.723618e-04
-6.840000e-08
-3.302493e-04
-6.010800e-05
4.406652e-04
-5.023950e-05
-6.840000e-08
-5.202251e-04
-5.898000e-05
6.313460e-04
-5.207250e-05
-6.840000e-08
-2.125517e-04
-4.176985e-04
-1.960104e-04
8.263290e-04
-6.840000e-08
1.116821e-04
3.628000e-04
-3.951008e-04
-7.931283e-05
-6.840000e-08
6.705830e-04
-6.019467e-05
-5.602212e-04
-5.009867e-05
-6.840000e-08
-3.816589e-04
-6.134667e-05
4.913006e-04
-4.822667e-05
-6.840000e-08
-5.492900e-04
-7.270000e-06
6.927296e-04
-1.361012e-04
-6.840000e-08
-9.137704e-04
-7.270000e-06
1.057210e-03
-1.361012e-04
-6.840000e-08
-1.070805e-03
-2.480850e-05
2.315189e-03
-1.219507e-03
-6.840000e-08
4.445374e-05
4.237933e-04
-4.010133e-04
-6.716533e-05
-6.840000e-08
-3.261967e-04
-1.614787e-04
-5.395417e-05
5.416979e-04
-6.840000e-08
-1.821410e-05
-6.645125e-05
-4.087875e-04
4.935213e-04
-6.840000e-08
-3.048566e-04
-6.791087e-04
-2.068125e-04
1.190846e-03
-6.840000e-08
-6.086563e-05
-9.420000e-06
2.029615e-04
-1.326075e-04
-6.840000e-08
2.753361e-04
-7.709067e-05
-4.052800e-04
2.071030e-04
-6.840000e-08
-1.385627e-03
-8.205333e-06
1.528483e-03
-1.345813e-04
-6.840000e-08
-5.588734e-04
-7.270000e-06
7.023130e-04
-1.361012e-04
-6.840000e-08
-2.057333e-04
-2.660950e-04
-2.045333e-04
6.764300e-04
-6.840000e-08
-1.092745e-03
-8.100000e-06
5.677438e-03
-4.576524e-03
-6.840000e-08
8.399209e-03
-7.053333e-06
-8.255634e-03
-1.364533e-04
-6.840000e-08
3.392788e-04
-6.113000e-05
-2.295017e-04
-4.857875e-05
-6.840000e-08
-3.409250e-04
8.735551e-04
-3.554375e-05
-4.970179e-04
-6.840000e-08
6.087394e-04
-6.070000e-05
-4.986935e-04
-4.927750e-05
-6.840000e-08
-2.124600e-04
8.372403e-04
-1.961250e-04
-4.285869e-04
-6.840000e-08
1.984913e-04
-6.113000e-05
-8.871418e-05
-4.857875e-05
-6.840000e-08
1.442165e-03
-5.429200e-05
-1.328114e-03
-5.969050e-05
-6.840000e-08
-1.417850e-04
-6.134667e-05
2.514267e-04
-4.822667e-05
-6.840000e-08
4.377151e-03
-5.079133e-05
-4.260912e-03
-6.537908e-05
-6.840000e-08
1.319850e-03
-5.206667e-05
-1.204409e-03
-6.330667e-05
-6.840000e-08
8.874804e-04
-7.480000e-06
-7.441720e-04
-1.357600e-04
-6.840000e-08
-2.121875e-04
-6.786787e-04
-2.992128e-04
1.190147e-03
-6.840000e-08
-2.131017e-04
-4.124055e-04
-1.953229e-04
8.208985e-04
-6.840000e-08
-2.234893e-03
-6.134667e-05
2.344535e-03
-4.822667e-05
-6.840000e-08
-2.025230e-03
-7.050000e-06
2.168807e-03
-1.364587e-04
-6.840000e-08
-9.735141e-05
-6.529356e-04
-7.110458e-05
8.214600e-04
-6.840000e-08
-1.087412e-03
-1.216125e-05
9.580827e-04
1.415595e-04
-6.840000e-08
-2.086133e-04
-4.105850e-04
-2.009333e-04
8.202001e-04
-6.840000e-08
-3.383700e-04
4.365466e-03
-3.873750e-05
-3.988290e-03
-6.840000e-08
-3.366250e-04
1.107597e-03
-4.091875e-05
-7.299849e-04
-6.840000e-08
-2.095000e-04
1.264900e-04
-1.998250e-04
2.829034e-04
-6.840000e-08
-1.489854e-03
-5.029067e-05
1.606406e-03
-6.619267e-05
-6.840000e-08
-1.794621e-03
7.769196e-04
1.118647e-03
-1.008775e-04
-6.840000e-08
1.971975e-04
6.547534e-04
-3.715625e-05
-8.147262e-04
-6.840000e-08
1.742700e-03
-1.653946e-03
-2.443375e-04
1.556513e-04
-6.840000e-08
1.393508e-04
-6.027000e-05
-2.903614e-05
-4.997625e-05
-6.840000e-08
-2.062750e-04
-1.367937e-04
-2.038562e-04
5.469934e-04
-6.840000e-08
-2.121875e-04
-6.786787e-04
3.385663e-04
5.523684e-04
-6.840000e-08
-2.520160e-05
-6.113000e-05
1.349788e-04
-4.857875e-05
-6.840000e-08
-3.409250e-04
6.498621e-04
-3.554375e-05
-2.733250e-04
-6.840000e-08
-1.087412e-03
-1.216125e-05
6.943421e-04
4.053000e-04
-6.840000e-08
-5.492900e-04
-7.270000e-06
6.927296e-04
-1.361012e-04
-6.840000e-08
3.329225e-04
-6.791087e-04
-2.068125e-04
5.530671e-04
-6.840000e-08
-2.520160e-05
-6.113000e-05
1.349788e-04
-4.857875e-05
-6.840000e-08
-2.520160e-05
-6.113000e-05
1.349788e-04
-4.857875e-05
-6.840000e-08
-5.492900e-04
-7.270000e-06
6.927296e-04
-1.361012e-04
-6.840000e-08
-1.088487e-03
5.350450e-04
6.956859e-04
-1.421750e-04
-6.840000e-08
-2.062750e-04
-1.367937e-04
-2.038562e-04
5.469934e-04
-6.840000e-08
-3.409250e-04
6.498621e-04
-3.554375e-05
-2.733250e-04
-6.840000e-08
-3.479125e-04
6.551834e-04
5.082225e-04
-8.154250e-04
-6.840000e-08
4.861180e-04
-5.967800e-05
-3.754333e-04
-5.093825e-05
-6.840000e-08
2.366433e-05
-5.893075e-04
4.636974e-04
1.020142e-04
-6.840000e-08
-5.492900e-04
-7.270000e-06
6.927296e-04
-1.361012e-04
-6.840000e-08
-4.451465e-04
-1.028000e-05
5.867049e-04
-1.312100e-04
-6.840000e-08
-5.492900e-04
-7.270000e-06
6.927296e-04
-1.361012e-04
-6.840000e-08
-1.821410e-05
-6.645125e-05
-4.087875e-04
4.935213e-04
-6.170134e-04
2.438198e-04
-1.995805e-05
4.097180e-04
-1.656630e-05
-6.170134e-04
2.438198e-04
-1.995805e-05
4.097180e-04
-1.656630e-05
-6.170134e-04
-6.785330e-05
-2.260708e-04
-6.785330e-05
9.787908e-04
-6.170134e-04
7.528726e-04
-3.596047e-06
-8.910866e-05
-4.315455e-05
-6.170134e-04
-1.664648e-04
5.334836e-04
2.907154e-04
-4.072088e-05
-6.170134e-04
-6.892830e-05
3.211355e-04
-6.650955e-05
4.313158e-04
-8.458621e-05
2.524192e-04
-1.990483e-05
-1.324363e-04
-1.549183e-05
-8.458621e-05
-8.361218e-06
2.297629e-04
5.895301e-05
-1.957685e-04
-8.458621e-05
-9.728300e-05
1.672010e-04
-2.743925e-05
4.210746e-05
-1.234497e-04
1.733709e-04
-5.951606e-06
-3.932686e-05
-4.642772e-06
-1.234497e-04
2.997332e-05
1.535797e-04
-2.402769e-05
-3.607561e-05
-1.234497e-04
-7.417019e-05
1.565897e-04
8.199707e-05
-4.096686e-05
-6.170134e-04
6.847862e-04
-1.737805e-05
-2.963604e-05
-2.075880e-05
-6.170134e-04
-1.237533e-04
-1.835008e-04
4.566658e-04
4.676017e-04
-6.170134e-04
-3.616858e-04
-2.306047e-06
1.026256e-03
-4.525080e-05
-6.170134e-04
-3.616858e-04
-2.306047e-06
1.026256e-03
-4.525080e-05
-6.170134e-04
2.077626e-04
-3.166047e-06
4.562701e-04
-4.385330e-05
-6.170134e-04
7.889298e-04
-2.038805e-05
-1.356608e-04
-1.586755e-05
-6.840000e-08
1.595366e-04
-6.113000e-05
-4.975949e-05
-4.857875e-05
-6.840000e-08
-2.073500e-04
-5.102716e-04
-2.025125e-04
9.202025e-04
-6.840000e-08
-2.166943e-03
-8.292000e-06
2.309744e-03
-1.344405e-04
-6.840000e-08
-2.191750e-04
-6.733575e-04
2.228757e-04
6.697252e-04
-6.840000e-08
-2.041756e-03
2.671340e-03
-2.480217e-04
-3.814937e-04
-6.840000e-08
-1.070805e-03
-2.480850e-05
3.355086e-03
-2.259404e-03
-6.840000e-08
-7.406273e-04
-7.270000e-06
8.840670e-04
-1.361012e-04
-6.840000e-08
2.020352e-04
-6.113000e-05
-9.225810e-05
-4.857875e-05
-6.840000e-08
-2.124321e-04
6.801330e-04
-4.015312e-04
-6.610125e-05
-6.840000e-08
-8.130055e-04
-8.722000e-06
9.555376e-04
-1.337417e-04
-6.840000e-08
-5.444318e-04
-4.835867e-05
6.621910e-04
-6.933217e-05
-6.840000e-08
-4.297429e-04
9.713310e-04
-3.314658e-04
-2.100538e-04
-6.840000e-08
2.531494e-04
-6.019467e-05
-1.427877e-04
-5.009867e-05
-6.840000e-08
-1.187069e-03
-7.270000e-06
1.330509e-03
-1.361012e-04
-6.840000e-08
1.960997e-04
-5.882933e-05
-8.488465e-05
-5.231733e-05
-3.751991e-04
8.820736e-04
-6.002571e-05
-4.001617e-04
-4.668704e-05
-6.840000e-08
-8.589734e-04
-6.113667e-05
9.687463e-04
-4.856792e-05
-6.840000e-08
-4.144791e-04
-5.984000e-05
5.250625e-04
-5.067500e-05
-6.840000e-08
8.118000e-03
-8.950000e-06
-7.975611e-03
-1.333712e-04
-6.840000e-08
-1.223145e-04
-8.112500e-05
-4.039500e-04
6.074579e-04
-6.840000e-08
1.331681e-04
6.563807e-04
-7.153667e-05
-7.179438e-04
-6.840000e-08
-1.198661e-03
-5.108933e-05
1.314713e-03
-6.489483e-05
-6.840000e-08
-9.056400e-04
-1.505880e-04
-2.257593e-03
3.313889e-03
-6.840000e-08
-6.520087e-04
-9.495333e-06
7.940575e-04
-1.324851e-04
-6.840000e-08
1.226518e-04
-5.941000e-05
-1.179968e-05
-5.137375e-05
-6.840000e-08
-6.557501e-04
-3.514667e-05
7.817669e-04
-9.080167e-05
-6.840000e-08
4.219323e-04
-5.976467e-05
-3.113019e-04
-5.079742e-05
-6.840000e-08
-4.117848e-03
1.096681e-03
3.388798e-03
-3.675628e-04
-6.840000e-08
-9.522017e-04
-1.151295e-04
1.197046e-04
9.476949e-04
-6.840000e-08
-1.385627e-03
-8.205333e-06
1.528483e-03
-1.345813e-04
-6.840000e-08
5.379502e-04
-6.970315e-05
-4.010133e-04
-6.716533e-05
-6.840000e-08
-2.062750e-04
-9.349520e-04
-2.038562e-04
1.345152e-03
-6.840000e-08
-2.062750e-04
-3.281311e-04
-2.038562e-04
7.383307e-04
-6.840000e-08
1.595366e-04
-6.113000e-05
-4.975949e-05
-4.857875e-05
-6.840000e-08
3.841823e-03
-9.002135e-04
-2.003896e-04
-2.741152e-03
-6.840000e-08
-2.086667e-04
-6.813600e-04
2.695388e-03
-1.805293e-03
-6.840000e-08
2.385389e-04
-6.113000e-05
-1.287618e-04
-4.857875e-05
-6.840000e-08
-2.401375e-04
-6.573937e-04
-1.329287e-04
1.030528e-03
-6.840000e-08
1.059332e-04
-6.019467e-05
4.428506e-06
-5.009867e-05
-6.840000e-08
1.806855e-03
-7.053333e-06
-1.663280e-03
-1.364533e-04
-6.840000e-08
-2.520160e-05
-6.113000e-05
1.349788e-04
-4.857875e-05
-6.840000e-08
-3.156350e-04
4.246318e-04
-6.715625e-05
-4.177213e-05
-6.840000e-08
2.048073e-04
2.550878e-04
-4.089333e-04
-5.089333e-05
4.778254e-03
-4.264491e-03
-6.084080e-05
-4.056008e-04
-4.732080e-05
-6.840000e-08
6.213627e-04
-6.674835e-04
-2.106450e-04
2.568342e-04
-6.840000e-08
-1.225024e-03
-8.205333e-06
1.367879e-03
-1.345813e-04
-6.840000e-08
7.716181e-06
-5.617400e-05
1.051585e-04
-5.663225e-05
-6.840000e-08
-1.688183e-03
-1.000067e-05
1.829916e-03
-1.316639e-04
-6.840000e-08
-2.787900e-04
7.441558e-03
-1.132125e-04
-7.049487e-03
-6.840000e-08
-1.620361e-03
-5.966333e-05
1.731055e-03
-5.096208e-05
-6.840000e-08
-1.620361e-03
-5.966333e-05
1.731055e-03
-5.096208e-05
-6.840000e-08
4.126833e-04
-9.744000e-06
-2.707899e-04
-1.320810e-04
-6.840000e-08
-2.088300e-04
-7.134001e-04
-2.006625e-04
1.122961e-03
-6.840000e-08
5.971621e-04
-7.053333e-06
-4.535870e-04
-1.364533e-04
8.952066e-04
-3.773925e-04
-6.132027e-05
-4.088003e-04
-4.769360e-05
-6.840000e-08
-5.492900e-04
-7.270000e-06
6.927296e-04
-1.361012e-04
-6.840000e-08
6.044393e-03
-6.145818e-05
-5.934821e-03
-4.804545e-05
-6.840000e-08
-2.057333e-04
3.701059e-03
-2.045333e-04
-3.290724e-03
-6.840000e-08
-2.520160e-05
-6.113000e-05
1.349788e-04
-4.857875e-05
-6.840000e-08
6.308918e-04
1.268284e-04
-1.265129e-04
-6.311389e-04
-6.840000e-08
-2.161383e-04
-1.227588e-04
-1.915271e-04
5.304926e-04
-6.840000e-08
-3.353617e-04
6.025199e-04
-4.249792e-05
-2.245919e-04
-6.840000e-08
-2.283758e-03
-3.750000e-05
2.408303e-03
-8.697750e-05
-6.840000e-08
-9.508846e-04
-7.700000e-06
1.094055e-03
-1.354025e-04
-6.840000e-08
9.056153e-05
-1.797800e-05
4.618562e-05
-1.187007e-04
-6.840000e-08
3.715349e-03
-3.246474e-03
-4.004175e-04
-6.838950e-05
-6.840000e-08
-4.382906e-04
-3.821008e-05
-4.054722e-04
8.820413e-04
-6.840000e-08
2.044038e-04
2.570621e-04
-4.074437e-04
-5.395375e-05
-6.840000e-08
-3.617423e-04
-4.886262e-04
1.224487e-03
-3.740500e-04
-6.840000e-08
-6.407357e-04
-1.683867e-05
7.781949e-04
-1.205522e-04
-6.840000e-08
5.191769e-04
-6.019467e-05
-4.088151e-04
-5.009867e-05
-6.840000e-08
-3.535070e-03
-6.134667e-05
3.644712e-03
-4.822667e-05
-6.840000e-08
2.020352e-04
-6.113000e-05
-9.225810e-05
-4.857875e-05
-6.840000e-08
-1.017465e-03
-5.523867e-05
1.130924e-03
-5.815217e-05
-6.840000e-08
1.592452e-03
-6.010800e-05
-1.482036e-03
-5.023950e-05
-6.840000e-08
-1.172191e-03
1.677302e-03
-3.660562e-04
-1.389862e-04
-6.840000e-08
1.225203e-03
-5.035800e-05
-1.108693e-03
-6.608325e-05
-6.840000e-08
-8.130305e-04
-7.270000e-06
9.564702e-04
-1.361012e-04
-6.840000e-08
-2.062750e-04
-4.708821e-04
-2.038562e-04
8.810817e-04
-6.840000e-08
-5.619613e-04
-7.700000e-06
7.051322e-04
-1.354025e-04
-6.840000e-08
7.729566e-04
-6.113000e-05
-6.631795e-04
-4.857875e-05
-6.840000e-08
-1.933004e-03
-2.782600e-05
2.063596e-03
-1.026977e-04
-6.840000e-08
-1.369587e-03
-5.831267e-05
1.481125e-03
-5.315692e-05
-6.840000e-08
5.191769e-04
-6.019467e-05
-4.088151e-04
-5.009867e-05
-6.840000e-08
-2.585774e-03
-2.240933e-05
2.719752e-03
-1.114998e-04
-6.840000e-08
1.693375e-04
-5.984000e-05
-5.875413e-05
-5.067500e-05
-6.840000e-08
-7.438291e-04
-8.560000e-06
8.864625e-04
-1.340050e-04
-6.840000e-08
-2.095000e-04
-3.250441e-04
-1.998250e-04
7.344375e-04
-6.840000e-08
-6.077571e-04
-1.028000e-05
7.493155e-04
-1.312100e-04
-6.840000e-08
3.326551e-05
-5.812000e-05
7.839289e-05
-5.347000e-05
-6.840000e-08
-3.334000e-04
6.936555e-04
-4.495000e-05
-3.152371e-04
-6.840000e-08
-2.795130e-04
-5.769000e-05
3.914401e-04
-5.416875e-05
-6.840000e-08
-6.058418e-04
4.501329e-04
3.292886e-04
-1.735112e-04
-6.840000e-08
1.575746e-04
-5.931095e-04
2.203625e-03
-1.768022e-03
1.258629e-03
-1.008405e-03
-6.307875e-06
-1.178600e-04
-1.260554e-04
1.258629e-03
-3.151304e-04
-1.556750e-04
-3.151787e-05
-7.563054e-04
1.258629e-03
-7.796225e-04
-5.672787e-05
-3.781554e-04
-4.412287e-05
-6.840000e-08
-2.330774e-03
1.949400e-03
5.443043e-04
-1.628613e-04
-6.840000e-08
-3.671493e-04
8.317327e-04
-4.044875e-04
-6.002750e-05
-6.840000e-08
5.679186e-04
-2.063918e-03
-9.191833e-05
1.587986e-03
-6.840000e-08
1.710207e-04
2.630964e-04
-2.170250e-04
-2.170237e-04
-6.840000e-08
-9.553214e-04
-6.010800e-05
1.065737e-03
-5.023950e-05
-6.840000e-08
5.450577e-04
3.037757e-04
-4.011250e-05
-8.086525e-04
-6.840000e-08
6.762943e-04
-8.379808e-04
-2.041583e-04
3.659132e-04
-6.840000e-08
-3.383700e-04
-2.852399e-04
-3.873750e-05
6.624158e-04
-6.840000e-08
-1.959426e-03
-1.769200e-05
2.096352e-03
-1.191655e-04
-6.840000e-08
-8.739492e-04
-5.609867e-05
9.868709e-04
-5.675467e-05
-6.840000e-08
-2.969317e-04
4.838948e-04
-9.053542e-05
-9.635927e-05
-6.840000e-08
-4.480326e-04
5.732909e-03
-1.475367e-04
-5.137271e-03
-6.840000e-08
-5.311926e-04
1.376362e-03
-4.358667e-05
-8.015147e-04
-6.840000e-08
3.663290e-04
-5.753933e-05
-2.543077e-04
-5.441358e-05
-6.840000e-08
-7.488280e-04
-1.667667e-05
8.863884e-04
-1.208154e-04
-6.840000e-08
-3.771501e-05
5.022984e-04
-4.044875e-04
-6.002750e-05
-6.840000e-08
1.510945e-04
1.140458e-06
-9.144029e-05
-6.072625e-05
-6.840000e-08
-2.165150e-04
-6.857234e-04
-1.910562e-04
1.093363e-03
-6.840000e-08
-7.744752e-04
-1.002697e-05
9.161918e-04
-1.316212e-04
3.613888e-04
1.176173e-04
-5.672787e-05
-3.781554e-04
-4.412287e-05
3.613888e-04
1.176173e-04
-5.672787e-05
-3.781554e-04
-4.412287e-05
3.613888e-04
-1.890804e-04
-6.302554e-04
-1.890804e-04
6.470273e-04
-6.840000e-08
-8.973418e-04
-1.250533e-05
1.037509e-03
-1.275938e-04
-6.840000e-08
2.400877e-04
-7.117300e-05
-3.278493e-04
1.590030e-04
-6.840000e-08
3.162268e-05
-5.726000e-05
8.057322e-05
-5.486750e-05
-6.840000e-08
-3.278367e-04
9.723917e-04
-5.190417e-05
-5.925824e-04
-6.840000e-08
1.014977e-04
-1.104725e-04
-3.942750e-04
4.033182e-04
-6.840000e-08
9.074768e-05
3.987757e-04
-3.808375e-04
-1.086175e-04
-6.840000e-08
2.132107e-04
-6.350875e-04
-2.213250e-04
6.432702e-04
-6.840000e-08
6.055469e-04
-1.243000e-05
-4.653322e-04
-1.277162e-04
-6.840000e-08
-3.312500e-04
6.878202e-04
-4.763750e-05
-3.088643e-04
-6.840000e-08
-8.262658e-04
-5.640000e-05
9.389992e-04
-5.626500e-05
-6.840000e-08
8.716072e-05
7.367327e-04
-6.376250e-05
-7.600625e-04
-6.840000e-08
9.074768e-05
3.987757e-04
-3.808375e-04
-1.086175e-04
-6.840000e-08
-7.988558e-04
1.296799e-03
-3.728533e-04
-1.250213e-04
-6.840000e-08
-3.348283e-04
-4.827480e-04
-4.316458e-05
8.608093e-04
-6.840000e-08
-8.083936e-04
-5.259600e-05
9.235045e-04
-6.244650e-05
1.831412e-03
-1.220757e-03
-8.178933e-06
-4.684272e-04
-1.340483e-04
-6.840000e-08
-1.130879e-03
-8.292000e-06
1.273680e-03
-1.344405e-04
-6.840000e-08
-6.476632e-03
-6.941818e-06
6.620277e-03
-1.366345e-04
-6.840000e-08
6.339908e-04
-6.070000e-05
-5.239449e-04
-4.927750e-05
7.375868e-04
-2.197727e-04
-6.132027e-05
-4.088003e-04
-4.769360e-05
-6.840000e-08
-2.217017e-04
-4.699537e-04
-1.845729e-04
8.762966e-04
-6.840000e-08
6.087394e-04
-6.070000e-05
-4.986935e-04
-4.927750e-05
-6.840000e-08
-2.741417e-04
-2.525437e-03
-1.190229e-04
2.918670e-03
-6.840000e-08
5.563870e-04
-6.010800e-05
-4.459711e-04
-5.023950e-05
-6.840000e-08
-3.414667e-04
-1.558773e-03
-3.486667e-05
1.935175e-03
-6.840000e-08
9.670424e-04
-6.019467e-05
-8.566806e-04
-5.009867e-05
-6.840000e-08
-2.259655e-03
-3.212533e-05
2.387560e-03
-9.571133e-05
-6.840000e-08
-2.375050e-04
3.401159e-04
-1.648187e-04
6.227630e-05
-6.840000e-08
-8.746584e-04
-7.270000e-06
1.018098e-03
-1.361012e-04
-6.840000e-08
-3.409250e-04
1.168430e-03
-3.554375e-05
-7.918929e-04
-6.840000e-08
1.647356e-03
-7.050000e-06
-1.503779e-03
-1.364587e-04
-6.840000e-08
-3.003935e-05
8.819902e-04
-3.715625e-05
-8.147262e-04
-6.840000e-08
2.994576e-04
-1.230133e-05
-1.591625e-04
-1.279253e-04
-6.840000e-08
-2.287950e-04
-6.660315e-04
1.265492e-03
-3.705974e-04
-6.840000e-08
-3.414667e-04
-2.858950e-03
-3.486667e-05
3.235352e-03
-6.840000e-08
1.775376e-03
-5.280000e-05
-1.660392e-03
-6.211500e-05
-6.840000e-08
1.863429e-04
-1.286000e-05
-4.639704e-05
-1.270175e-04
-6.840000e-08
-2.062750e-04
-3.215320e-04
-2.038562e-04
7.317316e-04
-6.840000e-08
-5.492900e-04
-7.270000e-06
6.927296e-04
-1.361012e-04
-6.840000e-08
-2.073500e-04
-8.161681e-06
-2.025125e-04
4.180926e-04
-6.840000e-08
-2.062750e-04
-3.640306e-04
-2.038562e-04
7.742302e-04
-6.840000e-08
-2.086133e-04
-7.822611e-04
-2.009333e-04
1.191876e-03
-6.840000e-08
-3.479125e-04
1.173751e-03
-1.034539e-05
-8.154250e-04
-6.840000e-08
1.485958e-03
-9.657333e-06
-1.344010e-03
-1.322218e-04
-6.840000e-08
-3.206840e-03
-8.292000e-06
3.349641e-03
-1.344405e-04
-6.840000e-08
5.971621e-04
-7.053333e-06
-4.535870e-04
-1.364533e-04
-6.840000e-08
-4.174098e-03
-2.097980e-04
2.338677e-03
2.045288e-03
-6.840000e-08
9.821439e-04
-5.882933e-05
-8.709288e-04
-5.231733e-05
-6.840000e-08
-1.649689e-03
-4.705733e-05
1.768262e-03
-7.144683e-05
-6.840000e-08
-3.409250e-04
1.014343e-03
-3.554375e-05
-6.378054e-04
-6.840000e-08
-2.057333e-04
-2.658441e-03
-2.045333e-04
3.068776e-03
-6.840000e-08
2.896532e-03
-4.946933e-05
-2.779467e-03
-6.752733e-05
-6.840000e-08
-1.092745e-03
-8.100000e-06
5.677438e-03
-4.576524e-03
-6.840000e-08
-2.062750e-04
-4.621622e-04
-2.038562e-04
8.723618e-04
-6.840000e-08
-3.398500e-04
6.908292e-04
-3.688750e-05
-3.140233e-04
4.580626e-04
-2.000817e-04
-6.669350e-04
-2.000817e-04
6.090359e-04
-6.840000e-08
-1.729145e-03
-2.050933e-05
1.864310e-03
-1.145873e-04
-6.840000e-08
-3.321213e-04
-7.053333e-06
4.756964e-04
-1.364533e-04
-6.840000e-08
-2.088300e-04
1.732362e-04
-2.006625e-04
2.363247e-04
-6.840000e-08
-3.385867e-04
6.961844e-04
-3.846667e-05
-3.190627e-04
-6.840000e-08
-3.302493e-04
-6.010800e-05
4.406652e-04
-5.023950e-05
-6.840000e-08
-1.493932e-02
1.574944e-02
-7.682500e-05
-7.332250e-04
-6.840000e-08
-1.087412e-03
-1.216125e-05
9.519251e-04
1.477171e-04
-6.840000e-08
-1.540521e-02
-6.049667e-05
1.551538e-02
-4.960792e-05
-6.840000e-08
8.747316e-03
-1.061200e-05
-8.605965e-03
-1.306705e-04
-6.840000e-08
-8.894417e-03
-6.092333e-05
9.004324e-03
-4.891458e-05
-6.840000e-08
2.030495e-04
-5.941000e-05
-9.219734e-05
-5.137375e-05
-6.840000e-08
-4.313569e-03
4.773440e-03
-4.089562e-04
-5.084625e-05
-6.840000e-08
-3.398750e-04
-7.704307e-03
-3.685625e-05
8.081106e-03
-6.840000e-08
-8.365615e-03
8.827032e-03
-4.074896e-04
-5.385958e-05
-6.840000e-08
1.440512e-02
-9.583333e-06
-1.426313e-02
-1.323421e-04
-6.840000e-08
-2.572000e-04
-6.444000e-04
1.195661e-02
-1.105495e-02
-6.840000e-08
2.237386e-02
-5.262133e-05
-2.225877e-02
-6.240533e-05
-6.840000e-08
7.936229e-03
-7.082708e-03
-3.566667e-05
-8.177867e-04
-6.840000e-08
-3.414667e-04
7.791634e-04
-3.486667e-05
-4.027616e-04
-6.840000e-08
2.201492e-04
2.113898e-04
-6.584583e-05
-3.656248e-04
-6.840000e-08
-2.022838e-05
-9.925333e-06
1.620084e-04
-1.317863e-04
-6.840000e-08
-3.321213e-04
-7.053333e-06
4.756964e-04
-1.364533e-04
-6.840000e-08
-2.025230e-03
-7.050000e-06
2.168807e-03
-1.364587e-04
-6.840000e-08
6.358440e-03
-7.266667e-06
-6.214998e-03
-1.361067e-04
-6.840000e-08
3.289619e-03
-7.053333e-06
-3.146044e-03
-1.364533e-04
-6.840000e-08
4.039086e-03
-3.185564e-03
-3.566667e-05
-8.177867e-04
-6.840000e-08
-2.191508e-03
-4.462515e-04
-8.614024e-04
3.499230e-03
-6.840000e-08
-1.157220e-03
-1.096575e-04
1.082072e-03
1.848733e-04
-6.840000e-08
-2.062750e-04
-3.604867e-04
-2.038562e-04
7.706863e-04
-6.840000e-08
5.352808e-04
-6.815733e-04
-2.060000e-04
3.523609e-04
-6.840000e-08
-1.273195e-03
-5.967800e-05
1.383879e-03
-5.093825e-05
-6.840000e-08
3.808298e-04
-8.292000e-06
-2.380289e-04
-1.344405e-04
-6.840000e-08
-9.553214e-04
-6.010800e-05
1.065737e-03
-5.023950e-05
1.432335e-03
-1.065362e-03
-6.660315e-06
-2.271407e-04
-1.331718e-04
-6.840000e-08
-3.361333e-04
-1.800738e-03
-4.153333e-05
2.178473e-03
-6.840000e-08
-3.414667e-04
4.520809e-04
-3.486667e-05
-7.567920e-05
-6.840000e-08
-3.409250e-04
1.014343e-03
-3.554375e-05
-6.378054e-04
-6.840000e-08
9.248377e-04
-6.070000e-05
-8.147918e-04
-4.927750e-05
-6.840000e-08
5.195387e-04
-5.753933e-05
-4.075173e-04
-5.441358e-05
-6.840000e-08
3.088867e-04
-6.113000e-05
-1.991096e-04
-4.857875e-05
-6.840000e-08
-1.067858e-03
-7.270000e-06
1.211298e-03
-1.361012e-04
-6.840000e-08
1.334547e-04
7.117151e-04
-4.358667e-05
-8.015147e-04
-6.840000e-08
5.559009e-03
-9.186667e-06
-5.416767e-03
-1.329867e-04
-6.840000e-08
-3.414667e-04
-3.543210e-03
-3.486667e-05
3.919612e-03
-6.840000e-08
1.022723e-04
-1.119587e-03
-2.025458e-04
1.219929e-03
-6.840000e-08
-7.816215e-04
-7.270000e-06
9.250612e-04
-1.361012e-04
-6.840000e-08
3.832506e-03
-7.053333e-06
-3.688931e-03
-1.364533e-04
-6.840000e-08
2.568041e-05
-6.019467e-05
8.468133e-05
-5.009867e-05
-6.840000e-08
2.455264e-04
-6.645125e-05
-4.087875e-04
2.297807e-04
-6.840000e-08
-3.409250e-04
9.136027e-04
-3.554375e-05
-5.370655e-04
-6.840000e-08
-1.087412e-03
-1.216125e-05
9.580827e-04
1.415595e-04
-6.840000e-08
2.455264e-04
-6.645125e-05
-4.087875e-04
2.297807e-04
-6.840000e-08
-3.409250e-04
9.136027e-04
-3.554375e-05
-5.370655e-04
-6.840000e-08
2.444514e-04
2.170145e-04
-4.074437e-04
-5.395375e-05
-6.840000e-08
6.918197e-05
-6.791087e-04
-2.068125e-04
8.168077e-04
-6.840000e-08
-3.479125e-04
9.189239e-04
2.444820e-04
-8.154250e-04
-6.840000e-08
-3.479125e-04
9.189239e-04
2.444820e-04
-8.154250e-04
-6.840000e-08
-7.423953e-05
-6.070000e-05
1.842854e-04
-4.927750e-05
-6.840000e-08
-8.130305e-04
-7.270000e-06
9.564702e-04
-1.361012e-04
-6.840000e-08
1.802043e-03
-8.292000e-06
-1.659242e-03
-1.344405e-04
-6.840000e-08
-1.245075e-03
-8.205333e-06
1.387930e-03
-1.345813e-04
-6.840000e-08
-1.246281e-03
-7.270000e-06
1.389721e-03
-1.361012e-04
-6.840000e-08
-2.520160e-05
-6.113000e-05
1.349788e-04
-4.857875e-05
-6.840000e-08
1.245926e-05
8.394916e-04
-3.715625e-05
-8.147262e-04
-6.840000e-08
-3.417455e-04
6.610825e-03
-3.451818e-05
-6.234493e-03
-6.840000e-08
-1.015410e-03
-8.990000e-06
1.157775e-03
-1.333062e-04
-6.840000e-08
-3.385867e-04
6.961844e-04
-3.846667e-05
-3.190627e-04
-6.840000e-08
-3.708092e-04
-5.578822e-04
2.292436e-03
-1.363676e-03
-6.840000e-08
6.647499e-04
-6.645125e-05
-4.087875e-04
-1.894428e-04
-6.840000e-08
-3.409250e-04
1.332826e-03
-3.554375e-05
-9.562890e-04
-6.840000e-08
-2.084250e-04
-2.214322e-04
-2.011687e-04
6.310944e-04
-6.840000e-08
-2.771733e-04
-2.817020e-03
-1.152333e-04
3.209495e-03
-6.840000e-08
-2.086133e-04
-9.685715e-04
-2.009333e-04
1.378187e-03
-6.840000e-08
-3.387750e-04
1.141290e-03
-3.823125e-05
-7.642154e-04
-6.840000e-08
-5.249516e-04
-7.700000e-06
6.681225e-04
-1.354025e-04
-6.840000e-08
2.488799e-04
-7.053333e-06
-1.053048e-04
-1.364533e-04
-6.840000e-08
8.525618e-05
7.487582e-04
-5.416500e-05
-7.797810e-04
-6.840000e-08
-3.406270e-03
-2.547200e-05
3.538333e-03
-1.065230e-04
-6.840000e-08
3.392788e-04
-6.113000e-05
-2.295017e-04
-4.857875e-05
-6.840000e-08
1.592452e-03
-6.010800e-05
-1.482036e-03
-5.023950e-05
-6.840000e-08
-2.442423e-04
-8.292000e-06
3.870432e-04
-1.344405e-04
-6.840000e-08
-3.175417e-04
-5.984475e-04
2.642283e-03
-1.726226e-03
-6.840000e-08
3.451913e-04
1.162746e-04
-4.074437e-04
-5.395375e-05
-6.840000e-08
-3.414750e-04
2.495994e-03
-3.485625e-05
-2.119595e-03
-6.840000e-08
-6.500600e-04
-3.452220e-04
1.005504e-03
-1.015357e-05
-6.840000e-08
-2.234893e-03
-6.134667e-05
2.344535e-03
-4.822667e-05
-6.840000e-08
5.048668e-04
-6.010800e-05
-3.944509e-04
-5.023950e-05
-6.840000e-08
8.892821e-03
-4.635133e-05
-8.773807e-03
-7.259408e-05
-4.528609e-03
5.047482e-03
-6.144558e-05
-4.096365e-04
-4.779104e-05
-4.528609e-03
-3.413638e-04
5.723382e-03
-3.413649e-05
-8.192729e-04
-6.840000e-08
3.060793e-04
1.553866e-04
-4.074437e-04
-5.395375e-05
-6.840000e-08
5.455787e-03
-4.655505e-03
-8.615208e-05
-7.140621e-04
-6.840000e-08
-3.409250e-04
6.594455e-04
-3.554375e-05
-2.829084e-04
-6.840000e-08
-2.096883e-04
-4.847498e-04
-1.995896e-04
8.940962e-04
-6.840000e-08
3.808298e-04
-8.292000e-06
-2.380289e-04
-1.344405e-04
-6.840000e-08
-2.062750e-04
-8.337849e-04
-2.038562e-04
1.243985e-03
5.323588e-04
-1.660214e-05
-6.107679e-05
-4.071755e-04
-4.750429e-05
5.323588e-04
-3.382380e-04
7.471661e-04
-3.527554e-05
-9.060113e-04
5.323588e-04
-2.035880e-04
-6.786255e-04
-2.035880e-04
5.534429e-04
5.323588e-04
-2.035880e-04
-6.786255e-04
-2.035880e-04
5.534429e-04
5.323588e-04
-1.085801e-03
-6.786787e-06
6.959541e-04
-1.357255e-04
5.323588e-04
-1.085801e-03
-6.786787e-06
6.959541e-04
-1.357255e-04
5.323588e-04
-1.085801e-03
-6.786787e-06
6.959541e-04
-1.357255e-04
5.323588e-04
-3.393130e-04
6.552366e-04
-3.393179e-05
-8.143505e-04
5.323588e-04
-1.085801e-03
-6.786787e-06
6.959541e-04
-1.357255e-04
5.323588e-04
-2.035880e-04
-6.786255e-04
-2.035880e-04
5.534429e-04
5.323588e-04
-2.035880e-04
-6.786255e-04
-2.035880e-04
5.534429e-04
5.323588e-04
-3.393130e-04
6.552366e-04
-3.393179e-05
-8.143505e-04
-6.840000e-08
1.971975e-04
6.547534e-04
-3.715625e-05
-8.147262e-04
-6.840000e-08
-1.928910e-05
4.807550e-04
-4.074437e-04
-5.395375e-05
-6.840000e-08
-1.087412e-03
-1.216125e-05
6.943421e-04
4.053000e-04
-6.840000e-08
-1.087412e-03
-1.216125e-05
6.943421e-04
4.053000e-04
-6.840000e-08
-2.520160e-05
-6.113000e-05
1.349788e-04
-4.857875e-05
-6.840000e-08
-1.153552e-04
-7.668061e-05
-1.849083e-04
3.770126e-04
-6.840000e-08
-3.580105e-04
-6.684693e-04
-2.103200e-04
1.236868e-03
-6.840000e-08
-8.732846e-04
1.717826e-03
-4.418250e-05
-8.002905e-04
-6.840000e-08
-3.409250e-04
9.839505e-04
-3.554375e-05
-6.074133e-04
-6.840000e-08
-1.161303e-03
-7.053333e-06
1.304878e-03
-1.364533e-04
-6.840000e-08
-3.414667e-04
-3.502010e-03
-3.486667e-05
3.878412e-03
2.693643e-03
-2.044003e-04
-6.813336e-04
-2.044003e-04
-1.603509e-03
2.693643e-03
-5.148340e-04
-9.038933e-06
-2.037119e-03
-1.326508e-04
2.693643e-03
-2.724236e-04
1.921604e-03
-1.193711e-04
-4.223452e-03
2.693643e-03
-3.406669e-04
-1.501309e-03
-3.406693e-05
-8.176003e-04
2.693643e-03
-2.044003e-04
-6.813336e-04
-2.044003e-04
-1.603509e-03
2.693643e-03
-2.175829e-03
-6.132027e-05
-4.088003e-04
-4.769360e-05
2.693643e-03
-1.090134e-03
-6.813600e-06
-1.460429e-03
-1.362669e-04
