1.2248e+02 -2.3677e+01 2.5352e+01 -5.1076e-01 -5.7823e+00 -5.2646e+01 9.4363e+00 4.7133e-01 -3.3811e+01 1.7145e+01 -5.6285e+00 9.1101e+00 -4.2900e+00 3.2870e-01 2.1828e+00 -1.3380e+00 -1.9817e+01 -1.3004e+00 6.7647e-01 2.9382e+00 -8.3824e-02 -1.3216e+00 -1.1301e+01 7.7156e-01 3.0217e+00 4.2866e-01 -1.6161e-01 2.0087e-01 4.2738e-01 2.7856e-01 3.9785e-01 4.0531e+01 -1.4833e+00 -1.7019e+01 -2.5967e+00 -1.8633e+01 -1.9741e+01 -1.2856e+01 3.8121e+00 6.2120e+00 -4.9932e-02 8.4545e-01 -4.1480e-01 8.0105e-01 -5.6452e-01 7.3935e-01 1.1588e+00 -4.9332e-02 2.8206e-01 -1.8527e+00 3.4999e-01 -5.8336e-02
-2.3677e+01 7.2289e+01 4.5759e+00 -3.3094e+00 9.0968e-01 5.4920e+00 3.1686e+00 4.8892e+00 7.6010e+00 -7.3580e-01 -1.9665e-01 7.8343e+00 1.9072e+00 -1.3737e-01 -3.6389e+00 2.2985e-01 2.2976e+01 1.5596e+00 -1.9100e+00 -1.9996e+00 -6.7380e-02 -7.6997e-03 1.4229e+00 -1.2329e+00 1.5425e+00 1.3622e-01 1.0847e+00 -2.5209e-01 -2.1489e-02 2.6833e-01 -7.0434e-01 -4.6914e+00 -1.2306e-02 9.8201e-01 -2.2622e+00 7.8236e+00 3.4099e+00 1.5330e+01 -8.8449e+00 4.5901e+00 -5.4537e-01 1.4305e-01 1.0340e-01 -1.4865e-01 2.4694e-01 -1.5968e-01 -1.9141e+00 2.3379e-01 -6.0074e-01 -1.2744e+00 2.6243e+00 -4.8917e-02
2.5352e+01 4.5759e+00 9.9704e+01 8.6484e+00 -6.9459e+00 -4.2916e+01 3.2352e-01 2.8953e-01 -3.1983e+01 1.7272e+01 -6.1614e+00 1.5369e+01 -2.1285e+00 -5.5120e-02 -1.5680e+00 1.7449e-02 3.8565e+01 7.3627e-01 -8.1850e-01 7.0595e+00 -1.3518e-02 -1.0930e+00 -1.3336e+01 -8.8801e-01 4.0192e+00 4.4702e-03 -3.5050e-01 -1.2459e-01 2.6926e-01 -4.0268e-01 6.1794e-02 1.1107e+01 1.7753e+00 -2.3368e+01 -9.9485e-01 -1.9162e+01 -2.3811e+01 1.7822e+01 -3.4482e+00 -3.1328e+00 -4.4867e-01 1.3968e+00 1.9609e+00 7.5985e-01 -1.4754e+00 7.0136e-01 9.5866e-01 -3.7911e-01 -2.8688e-01 3.2600e-01 2.5945e-01 -2.0571e-01
-5.1076e-01 -3.3094e+00 8.6484e+00 6.8805e+01 3.3084e+00 1.2796e+01 -2.5674e+00 -3.3376e-01 -2.1239e+01 -1.5051e+01 -5.4073e+00 -2.5159e+00 -2.0671e+00 -2.6363e-01 -7.5837e-01 6.8187e-01 3.1527e+01 -1.6876e-01 1.6670e-01 1.2358e+01 9.1520e-01 -8.7913e-01 -4.4772e+00 2.9978e-01 4.0301e-01 6.9504e-01 1.7469e+00 -5.9382e-03 2.0348e-01 -4.3870e-01 4.3782e-02 -9.7230e+00 -6.3664e-01 -2.2047e+01 -1.4142e+00 -1.6919e+01 -1.8863e+01 1.9960e+01 -1.5495e+00 -9.3273e+00 7.4246e-02 -8.1561e-01 2.7133e-02 -7.2148e-01 -2.4726e+00 -8.0588e-01 3.4524e+00 1.3669e-01 1.3677e-01 1.9469e+00 1.6034e-01 -1.4713e-01
-5.7823e+00 9.0968e-01 -6.9459e+00 3.3084e+00 4.4903e+01 3.3102e+00 -2.7839e-01 4.8026e-01 1.3919e+00 -7.4302e+00 -3.0846e-01 -4.4293e-01 -2.9531e+00 -6.6384e-01 -6.5505e-01 9.0703e-02 1.5243e+01 -5.6944e-01 -3.8083e-02 1.9762e+00 5.0427e+00 7.0233e-01 1.1161e+01 -1.3006e-01 -2.0897e+00 -2.1701e+00 1.3048e+01 1.7048e-03 -6.2778e-02 -2.7067e-01 -3.7548e-01 1.0986e-01 -9.7601e-02 -1.8651e+01 -1.7674e-01 -5.7506e+00 -1.7545e+01 1.6777e+01 8.9310e-01 -7.4417e-01 -2.9971e-01 5.8764e-01 1.5891e+00 -3.5687e-01 -2.6572e-01 -1.8428e-02 -5.9711e-01 -2.7487e-01 -1.0346e-01 4.3360e-02 1.1974e+00 -9.8156e-01
-5.2646e+01 5.4920e+00 -4.2916e+01 1.2796e+01 3.3102e+00 1.1491e+02 -2.6608e+00 -7.1141e+00 4.5646e+01 -8.8789e+00 4.6497e+00 -1.2187e+01 -7.2872e-02 -1.1692e+00 -1.1324e+00 -4.8265e-01 -1.3427e+01 -8.6572e-01 -5.6411e-01 5.6942e+00 -2.4787e-01 -3.7949e-01 1.0775e+01 7.5441e-01 -1.0046e+01 5.1161e-01 3.1370e+00 -2.1686e-01 -3.8580e-01 1.1181e-01 1.3591e-01 -2.2138e+01 -9.5358e-01 2.5063e+01 -1.5772e+00 2.7036e+01 2.5575e+01 -3.8050e+00 1.4845e+00 -9.4298e+00 1.3175e-01 7.5725e-01 -2.0721e+00 -9.4788e-01 1.8242e+00 4.4989e-02 2.7844e+00 1.4470e-01 -2.5002e-01 -2.7411e-01 -4.5555e+00 5.5707e+00
9.4363e+00 3.1686e+00 3.2352e-01 -2.5674e+00 -2.7839e-01 -2.6608e+00 3.6389e+01 2.3910e+00 8.9113e-01 -4.0356e-02 1.5267e-01 6.5236e-02 -1.0180e-01 -3.8900e-02 2.5576e-01 -1.1598e+00 -2.3486e+00 -2.4272e-02 7.7136e-02 -1.4780e+00 -4.3692e-01 -7.2205e-01 -6.9123e-01 2.6858e-01 2.0963e+00 -1.4506e-02 -1.6354e+00 -2.2133e-01 -2.9141e-01 -4.0174e-02 1.6686e-02 9.1616e+00 -8.7013e-01 1.7031e+00 3.8551e-01 1.1941e+00 1.1809e+00 7.6511e-01 -1.9221e+00 1.6160e+00 1.5682e-01 6.5128e-02 1.8811e-01 1.0549e-01 1.2443e-01 3.4306e-01 1.4589e-01 1.6725e-01 -8.0437e-02 -1.6090e+00 9.5225e-01 9.7136e-01
4.7133e-01 4.8892e+00 2.8953e-01 -3.3376e-01 4.8026e-01 -7.1141e+00 2.3910e+00 2.6350e+01 -1.3021e+00 -1.1683e+00 1.3636e-01 6.1048e-02 6.3691e-01 1.0570e-01 -2.2181e-02 -3.6753e-02 4.3306e+00 -1.3348e-01 -8.6069e-02 -1.7412e+00 2.1626e-01 -6.1427e-01 5.6972e-01 -2.6150e-01 7.0430e+00 7.1170e-01 -7.2606e+00 6.1258e-02 5.4851e-02 2.9686e-01 -3.2413e-02 -1.0678e+00 1.0725e-01 -2.1014e+00 2.2734e-02 -2.3899e-01 -2.6440e+00 2.2008e+00 -2.7350e+00 4.0749e-01 -4.1213e-01 -2.8539e-02 7.2448e-02 -1.2631e-01 1.0024e-01 -6.2988e-01 -1.8913e+00 4.1218e-02 5.3990e-02 -3.4723e-02 1.4378e+01 1.2262e+00
-3.3811e+01 7.6010e+00 -3.1983e+01 -2.1239e+01 1.3919e+00 4.5646e+01 8.9113e-01 -1.3021e+00 7.3344e+01 1.6436e+01 4.4072e+00 -1.2993e+01 1.6011e-01 -7.8924e-01 -7.7906e-01 -3.1705e-01 -3.5099e+01 -2.2789e+00 -3.6579e-01 -9.1419e+00 -2.0983e-01 -7.2743e-01 7.2259e+00 2.8990e-01 -2.5795e+00 7.9216e-02 2.2155e+00 -2.2499e-02 -3.8522e-01 4.2796e-01 9.9090e-02 -2.3679e+01 -1.1771e+00 4.1879e+01 -3.3544e-01 4.1498e+01 4.3904e+01 -1.4614e+01 3.3751e-01 -3.7925e-01 5.1925e-01 5.7507e-01 -1.5512e+00 -1.0932e+00 2.1919e+00 3.9331e-01 1.0106e+00 7.0010e-01 -2.0298e-01 -1.3868e-01 3.6845e-01 -1.2433e+00
1.7145e+01 -7.3580e-01 1.7272e+01 -1.5051e+01 -7.4302e+00 -8.8789e+00 -4.0356e-02 -1.1683e+00 1.6436e+01 4.6982e+01 -1.8222e+00 -2.2759e+00 -1.0909e-01 -5.9733e-01 -5.1826e-01 -5.6443e-01 -1.8710e+01 -1.2404e+00 -1.3262e-01 -3.1809e+00 -6.1283e-01 -9.1491e-01 -8.0811e+00 2.0995e-01 4.0964e+00 3.4268e-01 -2.3197e-01 1.4550e-02 -7.4459e-02 1.0358e-01 -6.2895e-03 1.0041e-01 3.1921e-01 1.7205e+01 -1.6056e-01 1.6800e+01 1.5203e+01 -1.0501e+01 -2.6148e-01 3.4261e+00 -2.8446e-01 2.0097e+00 -1.3538e-01 2.4873e-01 1.3512e+00 1.2541e+00 3.5300e+00 -9.8093e-02 -3.4435e-02 1.1521e-01 -1.8057e+00 1.2725e+00
-5.6285e+00 -1.9665e-01 -6.1614e+00 -5.4073e+00 -3.0846e-01 4.6497e+00 1.5267e-01 1.3636e-01 4.4072e+00 -1.8222e+00 2.1026e+01 -1.0372e+00 -2.4953e-02 7.7272e-02 -1.8229e-01 4.0497e-01 -4.2224e+00 2.9231e-01 3.3795e-01 -1.6855e+00 -2.0928e-01 -3.0365e-01 1.0606e+01 -1.3762e-01 -1.2841e+00 -4.3286e-02 2.5444e-01 -7.8212e-02 9.2597e-02 6.6117e-02 2.1455e-01 -2.1715e+00 -1.0939e-02 4.3173e+00 -2.0723e-02 3.8089e+00 4.3625e+00 -1.9507e+00 -8.8652e-01 -7.9346e-01 -1.5429e-01 -3.0078e-01 -5.6768e-02 7.6744e-02 4.1066e-01 -2.2537e-01 -9.3973e-01 -1.2743e-01 -7.5268e-02 -6.8795e-02 1.7765e-01 -1.0614e-01
9.1101e+00 7.8343e+00 1.5369e+01 -2.5159e+00 -4.4293e-01 -1.2187e+01 6.5236e-02 6.1048e-02 -1.2993e+01 -2.2759e+00 -1.0372e+00 4.0583e+01 -2.5700e-01 -1.4843e-02 4.8513e-02 4.5257e-02 4.8246e-01 3.0020e-01 -5.6861e-01 -1.4586e+00 -3.3957e-02 -3.3091e-01 -2.0735e+00 -3.0454e-01 6.1718e-01 -1.9379e-01 -3.2433e-01 -4.3766e-02 3.0076e-01 -1.3984e-01 -1.1996e-01 1.3926e+01 1.3018e+00 -6.1918e+00 1.5949e+00 -1.3343e+01 -1.3453e+01 -2.3614e-01 -2.4830e+00 -2.2328e+00 -1.8825e-01 -3.9438e-01 1.1518e+00 2.5601e-01 -6.7749e-01 -1.6513e-01 -4.4741e-01 -1.5794e-01 -1.3112e-01 8.7547e-01 3.8019e-01 -3.4350e-01
-4.2900e+00 1.9072e+00 -2.1285e+00 -2.0671e+00 -2.9531e+00 -7.2872e-02 -1.0180e-01 6.3691e-01 1.6011e-01 -1.0909e-01 -2.4953e-02 -2.5700e-01 2.5148e+01 -1.6281e-01 -1.0137e-01 -1.5050e-01 -2.2030e+00 -2.0598e-01 -4.3890e-02 -2.8913e+00 -9.7398e-01 -2.1043e-01 -1.2481e+00 5.8795e-01 3.5388e-01 1.1426e+00 -2.9409e+00 -9.7111e-02 1.5953e-01 -2.8047e-02 1.5763e-02 1.4831e+00 -9.5665e-02 -6.1108e-01 -2.5987e-01 1.2310e+00 -6.4178e-01 4.2277e+00 -1.3938e-01 1.4670e+00 -2.2694e-01 -3.5560e-01 -2.6069e-01 3.1324e-01 -1.1105e-01 -7.0660e-02 -1.9313e-02 1.0125e+00 -2.0652e-01 -1.2850e-01 5.2248e-01 -2.5975e-03
3.2870e-01 -1.3737e-01 -5.5120e-02 -2.6363e-01 -6.6384e-01 -1.1692e+00 -3.8900e-02 1.0570e-01 -7.8924e-01 -5.9733e-01 7.7272e-02 -1.4843e-02 -1.6281e-01 7.7156e+00 3.2326e-01 -4.5574e-02 1.1604e-01 -6.1822e-02 -2.6735e-02 3.3654e-01 -1.1638e-01 8.4539e-02 -1.6100e-01 -7.2115e-02 -1.1467e-01 -1.3856e-01 5.3352e-01 -7.9115e-03 -5.1198e-02 -4.6455e-02 -6.7825e-02 7.6593e-01 2.8664e-02 7.9174e-01 1.2892e+00 2.9563e-01 6.4195e-01 1.1953e-01 -2.2901e-02 -3.6804e-01 -5.8129e-02 3.6691e-01 -1.0388e-01 -3.5654e-02 -6.7704e-02 3.1421e-02 -3.1041e-01 -4.3051e-02 5.9550e-02 1.7434e-02 5.5785e-02 -8.8477e-02
2.1828e+00 -3.6389e+00 -1.5680e+00 -7.5837e-01 -6.5505e-01 -1.1324e+00 2.5576e-01 -2.2181e-02 -7.7906e-01 -5.1826e-01 -1.8229e-01 4.8513e-02 -1.0137e-01 3.2326e-01 2.0197e+01 -4.2913e-01 1.2828e-01 -2.5574e-01 -1.5069e-01 2.7481e-01 1.9562e-01 9.8473e-03 -1.9639e-01 -8.5492e-01 -5.4085e-01 1.7639e-02 -1.0654e-01 -2.7708e-01 -9.2749e-02 -1.1711e-01 -2.2134e-01 -3.3377e+00 1.7650e-01 -1.5653e+00 1.1332e-01 -4.9335e-01 -5.8913e-01 -8.4344e-01 -1.1727e+00 -1.0221e+00 -2.1036e-01 5.7419e-01 -1.0253e-01 4.7810e-02 -6.1665e-02 -2.6003e-02 7.7937e-02 -8.6637e-02 -2.2448e-01 -2.9779e-01 -2.5618e-01 -1.2162e-01
-1.3380e+00 2.2985e-01 1.7449e-02 6.8187e-01 9.0703e-02 -4.8265e-01 -1.1598e+00 -3.6753e-02 -3.1705e-01 -5.6443e-01 4.0497e-01 4.5257e-02 -1.5050e-01 -4.5574e-02 -4.2913e-01 1.6895e+01 1.0798e-01 -2.5770e-01 -7.0379e-02 -6.0980e-02 -5.0087e-01 -3.5781e-01 3.3987e-01 -6.5165e-01 -1.2088e+00 2.7708e-02 -7.6688e-01 3.6958e-01 -5.0393e-02 -9.0383e-02 -1.8621e-01 -1.0737e+00 -1.7288e-01 2.9858e-01 -1.0972e-01 -2.3445e-01 -3.1218e-01 1.8879e-01 -2.7295e-01 -4.1983e-01 3.8023e-01 5.8473e-01 -1.5461e-01 -6.0257e-02 -1.2147e-01 -1.7603e-01 1.9041e-02 2.0350e-02 -1.1244e-01 -6.4096e-02 -8.2135e-01 -1.9735e+00
-1.9817e+01 2.2976e+01 3.8565e+01 3.1527e+01 1.5243e+01 -1.3427e+01 -2.3486e+00 4.3306e+00 -3.5099e+01 -1.8710e+01 -4.2224e+00 4.8246e-01 -2.2030e+00 1.1604e-01 1.2828e-01 1.0798e-01 1.4493e+02 2.5423e+00 -5.0299e-01 2.9203e+01 4.0161e+00 -1.0533e+00 2.1088e+00 -1.7745e+00 1.7466e+00 -3.9541e+00 2.0243e+01 -2.3886e-01 1.8094e-02 -5.6074e-01 -1.1123e+00 -5.3422e+00 2.6756e+00 -5.4515e+01 -3.7479e-01 -2.4714e+01 -4.7021e+01 5.8392e+01 -4.0931e+00 -9.5639e+00 -9.9239e-01 9.5569e-01 1.8792e+00 4.8337e-01 -1.3572e+00 -1.5940e-01 -6.5397e+00 -1.4787e-01 -5.4092e-01 -3.6662e-01 2.7010e+00 -1.1916e+00
-1.3004e+00 1.5596e+00 7.3627e-01 -1.6876e-01 -5.6944e-01 -8.6572e-01 -2.4272e-02 -1.3348e-01 -2.2789e+00 -1.2404e+00 2.9231e-01 3.0020e-01 -2.0598e-01 -6.1822e-02 -2.5574e-01 -2.5770e-01 2.5423e+00 1.4265e+01 6.8556e-02 3.6311e-01 -6.3067e-02 -1.7704e-01 1.4836e+00 -1.7596e-02 -1.1825e-01 6.3300e-01 -5.8139e-01 -4.1049e-02 -7.3657e-02 -3.6303e-02 -6.4600e-02 2.7198e+00 -1.6364e-01 -1.9291e+00 3.7150e-01 -1.9980e+00 -2.1604e+00 -5.5317e-01 -5.8932e-01 -9.6209e-01 -1.3175e-01 -2.5627e-01 3.6175e-01 -6.3043e-02 -2.7517e-01 -1.1295e-01 -3.5236e-01 -9.4175e-02 5.4547e-01 -1.5205e-01 -4.0400e-01 -2.3584e-01
6.7647e-01 -1.9100e+00 -8.1850e-01 1.6670e-01 -3.8083e-02 -5.6411e-01 7.7136e-02 -8.6069e-02 -3.6579e-01 -1.3262e-01 3.3795e-01 -5.6861e-01 -4.3890e-02 -2.6735e-02 -1.5069e-01 -7.0379e-02 -5.0299e-01 6.8556e-02 6.5923e+00 -9.4227e-02 4.7759e-02 -9.3732e-03 -1.4019e-01 -1.3393e-01 -2.1672e+00 -3.7902e-02 -1.2250e-01 -4.6767e-02 -3.1392e-02 -1.0767e-02 -3.8983e-02 -1.1399e+00 -1.1119e-01 1.0612e+00 -3.9108e-02 2.5201e-01 4.1517e-01 7.7639e-01 -2.2052e-01 5.9088e-01 -1.2263e-02 4.5102e-02 -1.3814e-01 2.0605e-03 -7.1655e-02 9.9601e-02 -2.5567e-02 -2.4114e-02 -4.0597e-02 -5.7760e-02 -6.3793e-02 -5.4291e-02
2.9382e+00 -1.9996e+00 7.0595e+00 1.2358e+01 1.9762e+00 5.6942e+00 -1.4780e+00 -1.7412e+00 -9.1419e+00 -3.1809e+00 -1.6855e+00 -1.4586e+00 -2.8913e+00 3.3654e-01 2.7481e-01 -6.0980e-02 2.9203e+01 3.6311e-01 -9.4227e-02 5.9056e+01 9.7734e-01 -1.2264e-01 -2.9301e+00 -4.8260e-01 1.1365e+00 -6.0078e+00 7.6272e+00 -8.2374e-02 -1.0255e-01 -4.3499e-02 -8.7397e-01 2.2548e+00 4.9995e-01 -2.1920e+01 -9.5936e-01 -8.2569e+00 -2.2717e+01 1.6008e+01 1.4895e+00 -5.7890e+00 -3.0312e-01 1.5910e-01 -3.5605e-01 -4.1250e-01 -6.5857e-01 -3.3436e-01 -4.6991e-01 -9.0169e-01 -1.0644e+00 -1.8897e-01 -1.0339e-01 -7.5105e-01
-8.3824e-02 -6.7380e-02 -1.3518e-02 9.1520e-01 5.0427e+00 -2.4787e-01 -4.3692e-01 2.1626e-01 -2.0983e-01 -6.1283e-01 -2.0928e-01 -3.3957e-02 -9.7398e-01 -1.1638e-01 1.9562e-01 -5.0087e-01 4.0161e+00 -6.3067e-02 4.7759e-02 9.7734e-01 1.9435e+01 -2.9900e-01 -1.3720e+00 -5.6776e-01 -5.2299e-01 -4.5759e-01 5.9922e+00 -1.6565e-01 -7.1797e-03 -5.7921e-02 -2.2041e-01 -6.5261e-01 -1.1965e-01 -2.7407e+00 -1.4858e-01 3.7699e-01 -3.0524e+00 3.0056e+00 8.2887e-01 -3.9668e-01 -1.8214e-01 -3.7783e-01 2.7992e+00 1.7639e-01 1.0974e-01 -3.8481e-02 -2.4725e-01 -1.7623e-01 -1.4181e-01 -6.9539e-02 -1.6170e-01 -7.2122e-01
-1.3216e+00 -7.6997e-03 -1.0930e+00 -8.7913e-01 7.0233e-01 -3.7949e-01 -7.2205e-01 -6.1427e-01 -7.2743e-01 -9.1491e-01 -3.0365e-01 -3.3091e-01 -2.1043e-01 8.4539e-02 9.8473e-03 -3.5781e-01 -1.0533e+00 -1.7704e-01 -9.3732e-03 -1.2264e-01 -2.9900e-01 1.2889e+01 -7.9928e-01 -1.8842e-01 1.6996e+00 -9.0896e-02 5.2195e-01 -3.1072e-02 1.5864e-01 5.7889e-01 -2.0221e-02 3.9004e+00 -1.4552e-01 -7.2439e-01 -9.2343e-02 -7.5576e-01 9.8405e-01 -1.4906e+00 1.1124e+00 7.7571e-01 -1.2128e-01 -2.4880e-01 3.1125e-02 -5.1197e-02 1.1151e-01 -1.9727e-01 8.6107e-01 -1.2478e-02 -7.8595e-02 -3.3878e-02 -1.0165e+00 1.2623e+00
-1.1301e+01 1.4229e+00 -1.3336e+01 -4.4772e+00 1.1161e+01 1.0775e+01 -6.9123e-01 5.6972e-01 7.2259e+00 -8.0811e+00 1.0606e+01 -2.0735e+00 -1.2481e+00 -1.6100e-01 -1.9639e-01 3.3987e-01 2.1088e+00 1.4836e+00 -1.4019e-01 -2.9301e+00 -1.3720e+00 -7.9928e-01 4.4606e+01 -9.6506e-02 -6.7423e-01 -2.8463e-01 -5.9134e+00 -6.0155e-02 -6.8345e-02 -2.7491e-01 -2.0779e-01 -4.0548e+00 1.4206e-01 -1.3141e+00 -1.1542e-01 4.6342e-01 -1.6750e+00 9.6472e+00 -1.6200e+00 -1.9162e+00 1.7504e+00 -1.3340e+00 -8.9654e-01 -1.3708e-01 2.3458e-02 -3.1063e-01 -1.7906e+00 -4.2993e-01 -3.3585e-01 -1.6799e-01 2.7606e-01 -7.5497e-02
7.7156e-01 -1.2329e+00 -8.8801e-01 2.9978e-01 -1.3006e-01 7.5441e-01 2.6858e-01 -2.6150e-01 2.8990e-01 2.0995e-01 -1.3762e-01 -3.0454e-01 5.8795e-01 -7.2115e-02 -8.5492e-01 -6.5165e-01 -1.7745e+00 -1.7596e-02 -1.3393e-01 -4.8260e-01 -5.6776e-01 -1.8842e-01 -9.6506e-02 1.8690e+01 7.7707e-01 -2.3492e-02 -6.4469e-01 -1.6475e-01 -4.7711e-02 -7.2309e-02 -2.4319e-01 1.7941e+00 -1.7135e-01 5.1682e-02 1.4836e+00 3.5124e-01 5.1331e-01 2.6862e-01 -3.7192e-01 -2.1891e-01 -1.5916e-01 3.6704e-01 8.2494e-02 -9.1061e-02 -4.9409e-02 -1.4518e-01 1.2595e+00 3.5081e-01 9.1991e-01 -9.7351e-02 -8.4490e-01 1.1010e+00
3.0217e+00 1.5425e+00 4.0192e+00 4.0301e-01 -2.0897e+00 -1.0046e+01 2.0963e+00 7.0430e+00 -2.5795e+00 4.0964e+00 -1.2841e+00 6.1718e-01 3.5388e-01 -1.1467e-01 -5.4085e-01 -1.2088e+00 1.7466e+00 -1.1825e-01 -2.1672e+00 1.1365e+00 -5.2299e-01 1.6996e+00 -6.7423e-01 7.7707e-01 3.9072e+01 -2.7360e-01 -1.1283e+01 -3.4295e-02 1.2182e-01 -1.9970e-02 -3.8411e-01 7.0818e+00 2.2409e-02 -3.5904e+00 -1.4616e-01 -2.3828e+00 -2.5856e+00 -4.5979e-01 9.1463e-02 5.6444e-01 -1.7488e-01 2.1532e-03 9.3307e-02 -2.5952e-01 2.3426e-01 1.9487e+00 -3.0456e-01 5.2985e-02 6.5326e-02 1.1232e-03 -4.2243e+00 1.9960e+01
4.2866e-01 1.3622e-01 4.4702e-03 6.9504e-01 -2.1701e+00 5.1161e-01 -1.4506e-02 7.1170e-01 7.9216e-02 3.4268e-01 -4.3286e-02 -1.9379e-01 1.1426e+00 -1.3856e-01 1.7639e-02 2.7708e-02 -3.9541e+00 6.3300e-01 -3.7902e-02 -6.0078e+00 -4.5759e-01 -9.0896e-02 -2.8463e-01 -2.3492e-02 -2.7360e-01 1.4188e+01 -2.4032e+00 8.6610e-02 -1.2916e-01 -8.3504e-02 -4.7682e-02 1.3922e-01 2.5741e-01 4.4737e+00 -1.0892e-01 -2.9075e-02 3.6127e+00 -3.9189e+00 -3.8038e-01 3.4064e+00 -1.6279e-01 -1.1063e-01 -3.0035e-01 3.7806e-02 4.2065e-02 -2.7418e-02 -5.9637e-01 1.0169e+00 -9.3322e-02 1.4814e-01 4.1338e-01 -5.6720e-01
-1.6161e-01 1.0847e+00 -3.5050e-01 1.7469e+00 1.3048e+01 3.1370e+00 -1.6354e+00 -7.2606e+00 2.2155e+00 -2.3197e-01 2.5444e-01 -3.2433e-01 -2.9409e+00 5.3352e-01 -1.0654e-01 -7.6688e-01 2.0243e+01 -5.8139e-01 -1.2250e-01 7.6272e+00 5.9922e+00 5.2195e-01 -5.9134e+00 -6.4469e-01 -1.1283e+01 -2.4032e+00 6.3243e+01 -1.4139e-01 -3.3730e-02 -4.1308e-01 -4.5669e-01 -1.8781e+00 1.0761e+00 -1.7563e+01 -1.3766e-01 6.2569e-01 -1.4469e+01 1.4822e+01 2.1836e+00 3.4538e-01 1.0746e+00 2.1086e+00 2.4944e+00 -1.0889e-01 -8.3083e-02 -8.2687e-01 -8.2822e-01 -1.7829e-01 -5.4056e-02 -1.0167e-01 1.3519e+01 -9.1053e+00
2.0087e-01 -2.5209e-01 -1.2459e-01 -5.9382e-03 1.7048e-03 -2.1686e-01 -2.2133e-01 6.1258e-02 -2.2499e-02 1.4550e-02 -7.8212e-02 -4.3766e-02 -9.7111e-02 -7.9115e-03 -2.7708e-01 3.6958e-01 -2.3886e-01 -4.1049e-02 -4.6767e-02 -8.2374e-02 -1.6565e-01 -3.1072e-02 -6.0155e-02 -1.6475e-01 -3.4295e-02 8.6610e-02 -1.4139e-01 6.7338e+00 -3.5282e-02 -5.7160e-02 -6.5533e-02 3.4446e-02 -2.1400e-02 1.0923e+00 3.7656e-01 -1.0558e-01 -1.4021e-01 8.7882e-02 -5.7623e-02 -1.1650e-01 -2.5641e-02 -5.2278e-02 -1.7775e-02 -2.4093e-02 3.5137e-02 3.8452e-02 -3.1714e-02 5.0795e-02 -5.3660e-02 -4.9948e-02 -5.0899e-02 -1.1123e-01
4.2738e-01 -2.1489e-02 2.6926e-01 2.0348e-01 -6.2778e-02 -3.8580e-01 -2.9141e-01 5.4851e-02 -3.8522e-01 -7.4459e-02 9.2597e-02 3.0076e-01 1.5953e-01 -5.1198e-02 -9.2749e-02 -5.0393e-02 1.8094e-02 -7.3657e-02 -3.1392e-02 -1.0255e-01 -7.1797e-03 1.5864e-01 -6.8345e-02 -4.7711e-02 1.2182e-01 -1.2916e-01 -3.3730e-02 -3.5282e-02 6.9779e+00 -3.5072e-02 -4.1799e-02 2.1113e-01 -3.2760e-02 1.6454e-01 -1.2461e-01 3.7479e-02 3.4489e-01 -5.6262e-02 -2.1158e-01 -2.8176e-01 7.9522e-02 -2.0637e-02 -4.1159e-02 -2.3946e-02 -5.4442e-02 6.1765e-02 9.9045e-01 -3.2600e-02 -4.0227e-02 -3.4498e-02 -1.0066e-02 4.3812e-02
2.7856e-01 2.6833e-01 -4.0268e-01 -4.3870e-01 -2.7067e-01 1.1181e-01 -4.0174e-02 2.9686e-01 4.2796e-01 1.0358e-01 6.6117e-02 -1.3984e-01 -2.8047e-02 -4.6455e-02 -1.1711e-01 -9.0383e-02 -5.6074e-01 -3.6303e-02 -1.0767e-02 -4.3499e-02 -5.7921e-02 5.7889e-01 -2.7491e-01 -7.2309e-02 -1.9970e-02 -8.3504e-02 -4.1308e-01 -5.7160e-02 -3.5072e-02 8.0729e+00 -2.0652e-02 1.3811e+00 -8.4792e-02 6.2634e-01 8.6571e-02 7.8340e-02 7.1098e-01 -9.7132e-01 -2.1461e-01 -2.4758e-01 -6.3873e-02 1.9069e-01 3.5318e-02 -4.4936e-02 -3.0893e-02 -2.6833e-02 -1.7889e-01 -4.5325e-02 8.8948e-03 4.0085e-01 3.0752e-01 -1.3458e-01
3.9785e-01 -7.0434e-01 6.1794e-02 4.3782e-02 -3.7548e-01 1.3591e-01 1.6686e-02 -3.2413e-02 9.9090e-02 -6.2895e-03 2.1455e-01 -1.1996e-01 1.5763e-02 -6.7825e-02 -2.2134e-01 -1.8621e-01 -1.1123e+00 -6.4600e-02 -3.8983e-02 -8.7397e-01 -2.2041e-01 -2.0221e-02 -2.0779e-01 -2.4319e-01 -3.8411e-01 -4.7682e-02 -4.5669e-01 -6.5533e-02 -4.1799e-02 -2.0652e-02 8.3203e+00 -5.1906e-01 -8.1642e-02 9.2932e-02 3.9799e-02 1.9671e-01 1.5250e+00 -1.1074e+00 2.6423e-01 -2.5527e-01 -7.8634e-02 1.6637e-01 -8.5111e-02 -2.3602e-02 -4.0732e-02 3.9351e-02 -9.6192e-03 3.6801e-02 2.1519e-01 -6.3349e-02 -2.0207e-01 -2.7258e-01
4.0531e+01 -4.6914e+00 1.1107e+01 -9.7230e+00 1.0986e-01 -2.2138e+01 9.1616e+00 -1.0678e+00 -2.3679e+01 1.0041e-01 -2.1715e+00 1.3926e+01 1.4831e+00 7.6593e-01 -3.3377e+00 -1.0737e+00 -5.3422e+00 2.7198e+00 -1.1399e+00 2.2548e+00 -6.5261e-01 3.9004e+00 -4.0548e+00 1.7941e+00 7.0818e+00 1.3922e-01 -1.8781e+00 3.4446e-02 2.1113e-01 1.3811e+00 -5.1906e-01 1.1494e+02 -1.7021e+00 -4.3358e+01 -1.8816e-01 -3.1712e+01 -3.2131e+01 -1.7675e+01 -9.9959e+00 1.7228e+01 2.8681e-01 -1.0006e+00 3.8694e+00 8.7023e-01 -9.8933e-01 -8.0760e-01 -6.7971e-01 -3.1155e-01 2.0583e-01 -3.7697e-01 -2.6061e+00 3.1153e+00
-1.4833e+00 -1.2306e-02 1.7753e+00 -6.3664e-01 -9.7601e-02 -9.5358e-01 -8.7013e-01 1.0725e-01 -1.1771e+00 3.1921e-01 -1.0939e-02 1.3018e+00 -9.5665e-02 2.8664e-02 1.7650e-01 -1.7288e-01 2.6756e+00 -1.6364e-01 -1.1119e-01 4.9995e-01 -1.1965e-01 -1.4552e-01 1.4206e-01 -1.7135e-01 2.2409e-02 2.5741e-01 1.0761e+00 -2.1400e-02 -3.2760e-02 -8.4792e-02 -8.1642e-02 -1.7021e+00 1.5471e+01 -7.0755e-01 -1.0248e-01 -1.7583e+00 -1.9077e+00 7.9084e-01 -7.4953e-01 -7.7354e-01 -1.7125e-01 -1.5751e-01 -1.5124e-01 -4.2987e-02 -1.6620e-01 -1.2110e-01 -1.7547e-01 -5.2722e-02 -5.8842e-02 -1.8350e-01 4.8553e-01 -2.1183e-01
-1.7019e+01 9.8201e-01 -2.3368e+01 -2.2047e+01 -1.8651e+01 2.5063e+01 1.7031e+00 -2.1014e+00 4.1879e+01 1.7205e+01 4.3173e+00 -6.1918e+00 -6.1108e-01 7.9174e-01 -1.5653e+00 2.9858e-01 -5.4515e+01 -1.9291e+00 1.0612e+00 -2.1920e+01 -2.7407e+00 -7.2439e-01 -1.3141e+00 5.1682e-02 -3.5904e+00 4.4737e+00 -1.7563e+01 1.0923e+00 1.6454e-01 6.2634e-01 9.2932e-02 -4.3358e+01 -7.0755e-01 1.3905e+02 2.7855e+00 5.7371e+01 9.2806e+01 -6.0439e+01 1.3731e+01 -8.9545e+00 3.6285e-01 7.6065e-01 -4.4276e+00 6.5779e-01 2.8455e+00 7.4509e-01 6.3625e+00 9.2752e-01 3.1860e-01 -1.3843e+00 -1.6196e+00 2.7878e-01
-2.5967e+00 -2.2622e+00 -9.9485e-01 -1.4142e+00 -1.7674e-01 -1.5772e+00 3.8551e-01 2.2734e-02 -3.3544e-01 -1.6056e-01 -2.0723e-02 1.5949e+00 -2.5987e-01 1.2892e+00 1.1332e-01 -1.0972e-01 -3.7479e-01 3.7150e-01 -3.9108e-02 -9.5936e-01 -1.4858e-01 -9.2343e-02 -1.1542e-01 1.4836e+00 -1.4616e-01 -1.0892e-01 -1.3766e-01 3.7656e-01 -1.2461e-01 8.6571e-02 3.9799e-02 -1.8816e-01 -1.0248e-01 2.7855e+00 1.7266e+01 -1.0899e+00 -1.0108e+00 -2.0435e+00 -9.0448e-01 -1.0222e+00 -5.7252e-03 2.8966e-01 1.9658e+00 -4.2979e-02 -4.5795e-02 -1.4275e-02 -1.8995e-01 3.3518e-01 -1.0222e-01 7.2023e-01 -1.8782e-01 -2.7031e-01
-1.8633e+01 7.8236e+00 -1.9162e+01 -1.6919e+01 -5.7506e+00 2.7036e+01 1.1941e+00 -2.3899e-01 4.1498e+01 1.6800e+01 3.8089e+00 -1.3343e+01 1.2310e+00 2.9563e-01 -4.9335e-01 -2.3445e-01 -2.4714e+01 -1.9980e+00 2.5201e-01 -8.2569e+00 3.7699e-01 -7.5576e-01 4.6342e-01 3.5124e-01 -2.3828e+00 -2.9075e-02 6.2569e-01 -1.0558e-01 3.7479e-02 7.8340e-02 1.9671e-01 -3.1712e+01 -1.7583e+00 5.7371e+01 -1.0899e+00 7.6966e+01 6.4973e+01 -2.3065e+01 -1.1445e+00 -8.6548e+00 2.3323e-01 6.0390e-01 -2.8869e+00 -1.6126e-02 2.3187e+00 8.3798e-01 1.8430e+00 7.8857e-02 -1.9990e-01 -6.1108e-01 -1.2061e-01 -4.3365e-02
-1.9741e+01 3.4099e+00 -2.3811e+01 -1.8863e+01 -1.7545e+01 2.5575e+01 1.1809e+00 -2.6440e+00 4.3904e+01 1.5203e+01 4.3625e+00 -1.3453e+01 -6.4178e-01 6.4195e-01 -5.8913e-01 -3.1218e-01 -4.7021e+01 -2.1604e+00 4.1517e-01 -2.2717e+01 -3.0524e+00 9.8405e-01 -1.6750e+00 5.1331e-01 -2.5856e+00 3.6127e+00 -1.4469e+01 -1.4021e-01 3.4489e-01 7.1098e-01 1.5250e+00 -3.2131e+01 -1.9077e+00 9.2806e+01 -1.0108e+00 6.4973e+01 1.2381e+02 -6.5000e+01 3.6684e+00 -6.8239e+00 8.2553e-01 -7.6031e-02 -3.6611e+00 -6.8922e-01 2.6311e+00 6.6106e-01 6.2660e+00 8.8416e-01 -8.9816e-01 -7.8353e-01 -1.5033e+00 -3.6191e-01
-1.2856e+01 1.5330e+01 1.7822e+01 1.9960e+01 1.6777e+01 -3.8050e+00 7.6511e-01 2.2008e+00 -1.4614e+01 -1.0501e+01 -1.9507e+00 -2.3614e-01 4.2277e+00 1.1953e-01 -8.4344e-01 1.8879e-01 5.8392e+01 -5.5317e-01 7.7639e-01 1.6008e+01 3.0056e+00 -1.4906e+00 9.6472e+00 2.6862e-01 -4.5979e-01 -3.9189e+00 1.4822e+01 8.7882e-02 -5.6262e-02 -9.7132e-01 -1.1074e+00 -1.7675e+01 7.9084e-01 -6.0439e+01 -2.0435e+00 -2.3065e+01 -6.5000e+01 1.1102e+02 -9.3979e+00 -9.0115e+00 1.2877e+00 9.4942e-01 -1.3184e-01 -3.6869e-01 -1.7043e+00 -3.3602e-01 -5.4253e+00 -4.9659e-01 7.3542e-01 -1.0932e+00 1.9337e+00 -8.0731e-02
3.8121e+00 -8.8449e+00 -3.4482e+00 -1.5495e+00 8.9310e-01 1.4845e+00 -1.9221e+00 -2.7350e+00 3.3751e-01 -2.6148e-01 -8.8652e-01 -2.4830e+00 -1.3938e-01 -2.2901e-02 -1.1727e+00 -2.7295e-01 -4.0931e+00 -5.8932e-01 -2.2052e-01 1.4895e+00 8.2887e-01 1.1124e+00 -1.6200e+00 -3.7192e-01 9.1463e-02 -3.8038e-01 2.1836e+00 -5.7623e-02 -2.1158e-01 -2.1461e-01 2.6423e-01 -9.9959e+00 -7.4953e-01 1.3731e+01 -9.0448e-01 -1.1445e+00 3.6684e+00 -9.3979e+00 4.5116e+01 -2.9627e+00 1.0972e-01 -2.3057e-01 -1.2152e-01 -1.6437e-01 1.5594e+00 -1.2440e-01 -4.2621e-01 -7.0749e-02 -4.0559e-01 -4.5460e-01 -2.3372e+00 4.3874e-02
6.2120e+00 4.5901e+00 -3.1328e+00 -9.3273e+00 -7.4417e-01 -9.4298e+00 1.6160e+00 4.0749e-01 -3.7925e-01 3.4261e+00 -7.9346e-01 -2.2328e+00 1.4670e+00 -3.6804e-01 -1.0221e+00 -4.1983e-01 -9.5639e+00 -9.6209e-01 5.9088e-01 -5.7890e+00 -3.9668e-01 7.7571e-01 -1.9162e+00 -2.1891e-01 5.6444e-01 3.4064e+00 3.4538e-01 -1.1650e-01 -2.8176e-01 -2.4758e-01 -2.5527e-01 1.7228e+01 -7.7354e-01 -8.9545e+00 -1.0222e+00 -8.6548e+00 -6.8239e+00 -9.0115e+00 -2.9627e+00 5.5053e+01 -5.0720e-01 -9.2784e-01 3.8048e+00 5.5570e-01 -1.0622e+00 -4.2881e-01 -2.9304e+00 9.9084e-01 -1.6770e-01 -3.6715e-01 1.2638e-01 8.2593e-03
-4.9932e-02 -5.4537e-01 -4.4867e-01 7.4246e-02 -2.9971e-01 1.3175e-01 1.5682e-01 -4.1213e-01 5.1925e-01 -2.8446e-01 -1.5429e-01 -1.8825e-01 -2.2694e-01 -5.8129e-02 -2.1036e-01 3.8023e-01 -9.9239e-01 -1.3175e-01 -1.2263e-02 -3.0312e-01 -1.8214e-01 -1.2128e-01 1.7504e+00 -1.5916e-01 -1.7488e-01 -1.6279e-01 1.0746e+00 -2.5641e-02 7.9522e-02 -6.3873e-02 -7.8634e-02 2.8681e-01 -1.7125e-01 3.6285e-01 -5.7252e-03 2.3323e-01 8.2553e-01 1.2877e+00 1.0972e-01 -5.0720e-01 1.1680e+01 -8.2615e-02 3.2922e-01 -7.4969e-02 -1.0621e-01 -1.2104e-01 -2.4016e-01 9.2917e-02 -2.5933e-02 -5.7767e-02 8.7434e-01 -4.2944e-01
8.4545e-01 1.4305e-01 1.3968e+00 -8.1561e-01 5.8764e-01 7.5725e-01 6.5128e-02 -2.8539e-02 5.7507e-01 2.0097e+00 -3.0078e-01 -3.9438e-01 -3.5560e-01 3.6691e-01 5.7419e-01 5.8473e-01 9.5569e-01 -2.5627e-01 4.5102e-02 1.5910e-01 -3.7783e-01 -2.4880e-01 -1.3340e+00 3.6704e-01 2.1532e-03 -1.1063e-01 2.1086e+00 -5.2278e-02 -2.0637e-02 1.9069e-01 1.6637e-01 -1.0006e+00 -1.5751e-01 7.6065e-01 2.8966e-01 6.0390e-01 -7.6031e-02 9.4942e-01 -2.3057e-01 -9.2784e-01 -8.2615e-02 1.5854e+01 2.4583e-01 -1.3263e-01 -2.2167e-01 -1.3456e-01 -8.7124e-01 -1.1283e-01 -1.4788e-01 -3.2953e-02 8.5934e-02 -2.7254e-01
-4.1480e-01 1.0340e-01 1.9609e+00 2.7133e-02 1.5891e+00 -2.0721e+00 1.8811e-01 7.2448e-02 -1.5512e+00 -1.3538e-01 -5.6768e-02 1.1518e+00 -2.6069e-01 -1.0388e-01 -1.0253e-01 -1.5461e-01 1.8792e+00 3.6175e-01 -1.3814e-01 -3.5605e-01 2.7992e+00 3.1125e-02 -8.9654e-01 8.2494e-02 9.3307e-02 -3.0035e-01 2.4944e+00 -1.7775e-02 -4.1159e-02 3.5318e-02 -8.5111e-02 3.8694e+00 -1.5124e-01 -4.4276e+00 1.9658e+00 -2.8869e+00 -3.6611e+00 -1.3184e-01 -1.2152e-01 3.8048e+00 3.2922e-01 2.4583e-01 1.5781e+01 -4.2511e-02 2.8989e-02 -5.9216e-02 -2.1313e-01 -9.6675e-02 -1.2002e-01 1.0675e+00 4.8346e-01 -6.1453e-02
8.0105e-01 -1.4865e-01 7.5985e-01 -7.2148e-01 -3.5687e-01 -9.4788e-01 1.0549e-01 -1.2631e-01 -1.0932e+00 2.4873e-01 7.6744e-02 2.5601e-01 3.1324e-01 -3.5654e-02 4.7810e-02 -6.0257e-02 4.8337e-01 -6.3043e-02 2.0605e-03 -4.1250e-01 1.7639e-01 -5.1197e-02 -1.3708e-01 -9.1061e-02 -2.5952e-01 3.7806e-02 -1.0889e-01 -2.4093e-02 -2.3946e-02 -4.4936e-02 -2.3602e-02 8.7023e-01 -4.2987e-02 6.5779e-01 -4.2979e-02 -1.6126e-02 -6.8922e-01 -3.6869e-01 -1.6437e-01 5.5570e-01 -7.4969e-02 -1.3263e-01 -4.2511e-02 6.5607e+00 3.6279e-01 1.9102e-01 7.7838e-03 -2.2511e-02 -2.5641e-02 6.2177e-02 -1.1917e-03 -1.1605e-01
-5.6452e-01 2.4694e-01 -1.4754e+00 -2.4726e+00 -2.6572e-01 1.8242e+00 1.2443e-01 1.0024e-01 2.1919e+00 1.3512e+00 4.1066e-01 -6.7749e-01 -1.1105e-01 -6.7704e-02 -6.1665e-02 -1.2147e-01 -1.3572e+00 -2.7517e-01 -7.1655e-02 -6.5857e-01 1.0974e-01 1.1151e-01 2.3458e-02 -4.9409e-02 2.3426e-01 4.2065e-02 -8.3083e-02 3.5137e-02 -5.4442e-02 -3.0893e-02 -4.0732e-02 -9.8933e-01 -1.6620e-01 2.8455e+00 -4.5795e-02 2.3187e+00 2.6311e+00 -1.7043e+00 1.5594e+00 -1.0622e+00 -1.0621e-01 -2.2167e-01 2.8989e-02 3.6279e-01 1.2386e+01 1.5243e+00 -3.4349e-01 -9.4123e-02 -4.5072e-02 4.5281e-02 9.4852e-02 -1.0485e-02
7.3935e-01 -1.5968e-01 7.0136e-01 -8.0588e-01 -1.8428e-02 4.4989e-02 3.4306e-01 -6.2988e-01 3.9331e-01 1.2541e+00 -2.2537e-01 -1.6513e-01 -7.0660e-02 3.1421e-02 -2.6003e-02 -1.7603e-01 -1.5940e-01 -1.1295e-01 9.9601e-02 -3.3436e-01 -3.8481e-02 -1.9727e-01 -3.1063e-01 -1.4518e-01 1.9487e+00 -2.7418e-02 -8.2687e-01 3.8452e-02 6.1765e-02 -2.6833e-02 3.9351e-02 -8.0760e-01 -1.2110e-01 7.4509e-01 -1.4275e-02 8.3798e-01 6.6106e-01 -3.3602e-01 -1.2440e-01 -4.2881e-01 -1.2104e-01 -1.3456e-01 -5.9216e-02 1.9102e-01 1.5243e+00 8.8477e+00 6.2024e-02 -2.3690e-02 -1.2342e-02 1.1328e-01 -1.4667e+00 1.4890e+00
1.1588e+00 -1.9141e+00 9.5866e-01 3.4524e+00 -5.9711e-01 2.7844e+00 1.4589e-01 -1.8913e+00 1.0106e+00 3.5300e+00 -9.3973e-01 -4.4741e-01 -1.9313e-02 -3.1041e-01 7.7937e-02 1.9041e-02 -6.5397e+00 -3.5236e-01 -2.5567e-02 -4.6991e-01 -2.4725e-01 8.6107e-01 -1.7906e+00 1.2595e+00 -3.0456e-01 -5.9637e-01 -8.2822e-01 -3.1714e-02 9.9045e-01 -1.7889e-01 -9.6192e-03 -6.7971e-01 -1.7547e-01 6.3625e+00 -1.8995e-01 1.8430e+00 6.2660e+00 -5.4253e+00 -4.2621e-01 -2.9304e+00 -2.4016e-01 -8.7124e-01 -2.1313e-01 7.7838e-03 -3.4349e-01 6.2024e-02 2.6442e+01 -1.0872e-01 -4.2816e-02 1.0969e-02 4.9188e-01 -8.2381e-02
-4.9332e-02 2.3379e-01 -3.7911e-01 1.3669e-01 -2.7487e-01 1.4470e-01 1.6725e-01 4.1218e-02 7.0010e-01 -9.8093e-02 -1.2743e-01 -1.5794e-01 1.0125e+00 -4.3051e-02 -8.6637e-02 2.0350e-02 -1.4787e-01 -9.4175e-02 -2.4114e-02 -9.0169e-01 -1.7623e-01 -1.2478e-02 -4.2993e-01 3.5081e-01 5.2985e-02 1.0169e+00 -1.7829e-01 5.0795e-02 -3.2600e-02 -4.5325e-02 3.6801e-02 -3.1155e-01 -5.2722e-02 9.2752e-01 3.3518e-01 7.8857e-02 8.8416e-01 -4.9659e-01 -7.0749e-02 9.9084e-01 9.2917e-02 -1.1283e-01 -9.6675e-02 -2.2511e-02 -9.4123e-02 -2.3690e-02 -1.0872e-01 7.2277e+00 -4.0404e-02 -5.9650e-02 5.0488e-02 -3.0938e-03
2.8206e-01 -6.0074e-01 -2.8688e-01 1.3677e-01 -1.0346e-01 -2.5002e-01 -8.0437e-02 5.3990e-02 -2.0298e-01 -3.4435e-02 -7.5268e-02 -1.3112e-01 -2.0652e-01 5.9550e-02 -2.2448e-01 -1.1244e-01 -5.4092e-01 5.4547e-01 -4.0597e-02 -1.0644e+00 -1.4181e-01 -7.8595e-02 -3.3585e-01 9.1991e-01 6.5326e-02 -9.3322e-02 -5.4056e-02 -5.3660e-02 -4.0227e-02 8.8948e-03 2.1519e-01 2.0583e-01 -5.8842e-02 3.1860e-01 -1.0222e-01 -1.9990e-01 -8.9816e-01 7.3542e-01 -4.0559e-01 -1.6770e-01 -2.5933e-02 -1.4788e-01 -1.2002e-01 -2.5641e-02 -4.5072e-02 -1.2342e-02 -4.2816e-02 -4.0404e-02 7.6070e+00 -4.8610e-02 -2.2326e-02 9.9000e-03
-1.8527e+00 -1.2744e+00 3.2600e-01 1.9469e+00 4.3360e-02 -2.7411e-01 -1.6090e+00 -3.4723e-02 -1.3868e-01 1.1521e-01 -6.8795e-02 8.7547e-01 -1.2850e-01 1.7434e-02 -2.9779e-01 -6.4096e-02 -3.6662e-01 -1.5205e-01 -5.7760e-02 -1.8897e-01 -6.9539e-02 -3.3878e-02 -1.6799e-01 -9.7351e-02 1.1232e-03 1.4814e-01 -1.0167e-01 -4.9948e-02 -3.4498e-02 4.0085e-01 -6.3349e-02 -3.7697e-01 -1.8350e-01 -1.3843e+00 7.2023e-01 -6.1108e-01 -7.8353e-01 -1.0932e+00 -4.5460e-01 -3.6715e-01 -5.7767e-02 -3.2953e-02 1.0675e+00 6.2177e-02 4.5281e-02 1.1328e-01 1.0969e-02 -5.9650e-02 -4.8610e-02 9.2803e+00 -7.5569e-02 1.3690e-01
3.4999e-01 2.6243e+00 2.5945e-01 1.6034e-01 1.1974e+00 -4.5555e+00 9.5225e-01 1.4378e+01 3.6845e-01 -1.8057e+00 1.7765e-01 3.8019e-01 5.2248e-01 5.5785e-02 -2.5618e-01 -8.2135e-01 2.7010e+00 -4.0400e-01 -6.3793e-02 -1.0339e-01 -1.6170e-01 -1.0165e+00 2.7606e-01 -8.4490e-01 -4.2243e+00 4.1338e-01 1.3519e+01 -5.0899e-02 -1.0066e-02 3.0752e-01 -2.0207e-01 -2.6061e+00 4.8553e-01 -1.6196e+00 -1.8782e-01 -1.2061e-01 -1.5033e+00 1.9337e+00 -2.3372e+00 1.2638e-01 8.7434e-01 8.5934e-02 4.8346e-01 -1.1917e-03 9.4852e-02 -1.4667e+00 4.9188e-01 5.0488e-02 -2.2326e-02 -7.5569e-02 2.7169e+01 -7.9055e+00
-5.8336e-02 -4.8917e-02 -2.0571e-01 -1.4713e-01 -9.8156e-01 5.5707e+00 9.7136e-01 1.2262e+00 -1.2433e+00 1.2725e+00 -1.0614e-01 -3.4350e-01 -2.5975e-03 -8.8477e-02 -1.2162e-01 -1.9735e+00 -1.1916e+00 -2.3584e-01 -5.4291e-02 -7.5105e-01 -7.2122e-01 1.2623e+00 -7.5497e-02 1.1010e+00 1.9960e+01 -5.6720e-01 -9.1053e+00 -1.1123e-01 4.3812e-02 -1.3458e-01 -2.7258e-01 3.1153e+00 -2.1183e-01 2.7878e-01 -2.7031e-01 -4.3365e-02 -3.6191e-01 -8.0731e-02 4.3874e-02 8.2593e-03 -4.2944e-01 -2.7254e-01 -6.1453e-02 -1.1605e-01 -1.0485e-02 1.4890e+00 -8.2381e-02 -3.0938e-03 9.9000e-03 1.3690e-01 -7.9055e+00 2.5439e+01
