1.805503e-02
1.661616e-02
9.901569e-03
1.995201e-02
2.356460e-02
1.387918e-02
1.942463e-02
2.284188e-02
1.294400e-02
2.009158e-02
9.801164e-03
1.098194e-02
-1.619515e-02
1.484636e-02
7.169449e-03
4.550431e-03
-1.782497e-02
5.647633e-03
8.455456e-03
-1.762720e-03
4.807597e-04
1.459270e-03
4.266376e-05
-6.908463e-03
-4.315748e-03
-1.796493e-03
-4.167092e-03
-2.397562e-03
-1.329071e-02
-3.371544e-03
2.817302e-03
-6.974905e-03
-8.337177e-03
-1.765942e-02
-5.350232e-03
-6.770571e-03
-5.194801e-02
1.806201e-03
-1.069178e-02
-4.845836e-03
-1.542103e-02
-7.640133e-03
-1.280433e-02
-1.070743e-02
2.389802e-03
2.849177e-03
-2.291198e-02
-7.368360e-03
-8.568369e-03
-2.887997e-02
4.681454e-02
6.133846e-02
