1.776197e-02
1.609704e-02
8.686295e-03
1.934769e-02
2.080778e-02
1.372915e-02
1.993993e-02
2.235977e-02
1.518564e-02
1.952091e-02
9.884161e-03
9.271392e-03
-1.274814e-02
1.134915e-02
6.188181e-03
2.286118e-03
-1.666808e-02
6.089064e-03
5.871006e-03
-2.658174e-03
3.537690e-03
3.450247e-03
1.386785e-03
-5.422403e-03
3.669531e-04
-1.019049e-03
-4.687905e-04
-4.878116e-03
-9.119120e-03
-2.966164e-03
2.571885e-03
-1.035351e-02
-7.579054e-03
-2.063066e-02
-5.407014e-03
-6.216207e-03
-5.193850e-02
2.047320e-03
-1.008017e-02
-4.961850e-03
-1.318511e-02
-9.067691e-03
-1.467487e-02
-7.496355e-03
5.249266e-03
8.184857e-03
-1.868628e-02
-5.043341e-03
-7.288072e-03
-3.372997e-02
7.008492e-02
6.896671e-02
