2.147267e-02
1.953939e-02
4.159873e-03
2.302920e-02
2.141349e-02
1.612581e-02
2.265241e-02
2.352707e-02
1.207967e-02
2.444662e-02
7.384978e-03
9.609464e-03
-2.688524e-02
1.334103e-02
1.049256e-03
2.425000e-03
-8.784837e-03
6.249583e-04
6.412370e-03
-3.308915e-03
-1.353013e-03
-6.189458e-04
-3.201418e-03
-2.993393e-03
-5.600253e-03
-3.181222e-03
-1.998045e-03
-5.886538e-03
-1.382711e-02
-6.223779e-03
3.371032e-03
-4.163053e-03
-8.702329e-03
-3.574469e-02
-8.942124e-03
-1.161856e-02
-6.046839e-02
-1.639524e-03
-6.019888e-03
-1.961833e-03
-1.885654e-02
-7.663689e-03
-8.712410e-03
-1.205006e-02
-8.914150e-04
3.729421e-03
-2.186132e-02
-5.621165e-03
-8.288134e-03
-3.192758e-02
6.104348e-02
6.014013e-02
