1.990611e-02
1.815760e-02
8.077782e-03
1.894944e-02
2.654923e-02
1.071504e-02
2.409114e-02
2.542613e-02
9.931928e-03
9.074036e-03
1.061511e-02
1.221340e-02
-5.982576e-03
7.110062e-03
8.261829e-03
-5.755086e-04
-2.987328e-02
4.404506e-03
6.157502e-03
-7.744816e-03
1.902773e-03
6.799846e-03
2.667662e-03
-1.422260e-02
-4.569676e-03
-2.806828e-03
1.189597e-03
-9.002632e-03
-6.813143e-03
-5.849561e-03
3.570029e-03
-1.700666e-02
-1.556357e-02
-3.901886e-02
-1.180938e-02
1.349747e-03
-3.518492e-02
1.841162e-03
-1.863644e-02
-4.853269e-03
-1.315109e-02
-1.082933e-02
-2.710885e-02
-5.374393e-03
2.198671e-03
1.230796e-02
-1.236423e-02
-1.120955e-02
-1.887823e-03
-5.509078e-02
3.943488e-02
4.808547e-02
