1.686098e-02
1.391859e-02
5.339611e-03
2.039225e-02
1.697041e-02
1.502853e-02
1.820154e-02
2.160609e-02
1.397272e-02
2.291364e-02
9.352800e-03
1.032645e-02
-1.898533e-02
1.217442e-02
6.933270e-03
3.426504e-03
-2.340678e-02
3.867103e-03
3.537185e-03
-2.528357e-03
1.939022e-03
4.315026e-03
1.091619e-03
-4.651619e-03
-3.797346e-03
-8.061490e-04
9.129919e-04
-7.077477e-03
-1.239104e-02
-3.237959e-03
6.142327e-04
-5.248623e-03
-5.044680e-03
-1.639559e-02
-7.337426e-03
-7.866924e-03
-6.830459e-02
1.632341e-03
-1.215079e-02
-2.041444e-03
-9.540417e-03
-8.809216e-03
-4.971851e-03
-4.712953e-03
-5.680906e-04
3.936586e-03
-1.757709e-02
-6.851674e-03
-2.083542e-03
-3.776909e-02
6.578056e-02
6.401410e-02
