1.655868e-02
1.504985e-02
5.472050e-03
2.029662e-02
2.034843e-02
1.433665e-02
1.896270e-02
2.118906e-02
1.570015e-02
2.141341e-02
1.074816e-02
1.136141e-02
-1.132523e-02
1.337538e-02
8.794989e-03
4.668165e-03
-1.992571e-02
5.377124e-03
5.709453e-03
-1.949342e-03
4.512190e-04
1.595237e-03
-6.339213e-05
-7.092075e-03
-2.662604e-03
-2.274065e-03
-1.595359e-03
-4.059128e-03
-1.129093e-02
-2.440291e-03
5.270929e-04
-1.155730e-02
-5.325607e-03
-1.894610e-02
-5.283620e-03
-5.773739e-03
-6.541491e-02
2.822461e-04
-9.587210e-03
-3.369401e-03
-1.296535e-02
-8.734276e-03
-1.697254e-02
-7.080621e-03
4.449845e-03
4.294850e-03
-1.799931e-02
-5.031088e-03
-4.562234e-03
-2.489537e-02
6.744234e-02
6.504516e-02
