1.820087e-02
1.667852e-02
4.730756e-03
2.385771e-02
2.010964e-02
1.535755e-02
2.141841e-02
1.866573e-02
1.556288e-02
2.098111e-02
1.242407e-02
1.213588e-02
-1.039025e-02
1.284642e-02
9.316467e-03
5.563136e-03
-2.071848e-02
6.599202e-03
5.295622e-03
-7.009037e-04
-3.170898e-04
1.688875e-03
-8.858554e-04
-1.190817e-02
-9.590062e-04
-2.094848e-03
5.293312e-04
-6.467881e-03
-1.206003e-02
-2.627559e-03
1.099821e-03
-1.322913e-02
-4.417595e-03
-1.455940e-02
-4.961012e-03
-4.658119e-03
-1.028041e-01
1.981547e-03
-1.449533e-02
-4.647161e-03
-7.806653e-03
-1.130373e-02
-1.427911e-02
-6.459025e-03
6.454588e-03
3.534073e-03
-1.765831e-02
-5.657681e-03
-4.470640e-03
-3.173156e-02
7.123699e-02
5.745697e-02
