7.536614e-03
1.243435e-02
-3.618575e-03
1.072885e-02
1.460135e-02
1.582194e-02
1.486726e-02
2.017106e-02
1.427951e-02
2.033902e-02
3.529351e-03
1.789250e-03
-1.751995e-02
6.061991e-03
4.046982e-03
2.548546e-03
-2.432078e-02
-1.771000e-04
-1.431357e-03
-5.090393e-03
1.018414e-02
-1.824612e-03
1.176009e-02
1.005593e-02
-1.075109e-02
-9.399524e-03
7.178992e-04
-8.984659e-03
-1.806267e-02
3.172715e-03
7.440419e-03
-7.510124e-03
-1.172748e-02
-3.059390e-02
-3.042200e-03
5.669889e-03
-1.662933e-02
-7.204923e-03
-4.238727e-02
-2.145810e-03
-3.474281e-02
-2.246996e-02
-4.489392e-02
-2.325828e-02
2.343463e-03
-7.470978e-03
-1.809474e-02
-2.522620e-02
2.931736e-03
-3.308809e-02
4.209403e-02
4.513088e-02
