1.788323e-02
1.496911e-02
4.022350e-03
2.128617e-02
1.585799e-02
1.622821e-02
2.094689e-02
1.935861e-02
1.396600e-02
1.945372e-02
1.451474e-02
1.396835e-02
-1.391714e-02
1.257659e-02
6.613637e-03
2.433623e-03
-2.485432e-02
5.597897e-03
3.607648e-03
6.190856e-04
-3.759414e-04
1.482661e-03
-1.184312e-03
-1.205494e-02
-1.482734e-03
-2.016527e-03
4.074142e-03
-1.328445e-02
-1.191085e-02
-5.202348e-03
3.347068e-03
-1.973551e-02
-3.353162e-03
-2.024831e-02
-4.618236e-03
-3.383017e-03
-1.178031e-01
1.760031e-03
-1.280320e-02
-3.039306e-03
-9.335090e-03
-1.269966e-02
-1.973008e-02
-5.802074e-03
4.259536e-03
3.180485e-03
-1.274607e-02
-1.140326e-02
-1.584991e-03
-3.203668e-02
6.927179e-02
4.964366e-02
