1.824107e-02
1.779974e-02
8.984127e-03
1.956376e-02
2.170490e-02
1.386262e-02
1.985482e-02
2.304833e-02
1.531492e-02
1.832832e-02
1.009367e-02
9.061735e-03
-9.822607e-03
1.164877e-02
5.022659e-03
2.549049e-03
-1.836972e-02
6.101283e-03
6.430883e-03
-4.386772e-03
3.589730e-03
2.989482e-03
2.411408e-03
-4.371234e-03
-7.090832e-04
-3.983487e-04
-2.222606e-03
-2.657719e-03
-8.703537e-03
-2.734576e-03
3.321662e-03
-9.703339e-03
-5.092875e-03
-1.961281e-02
-6.316881e-03
-5.169623e-03
-6.221388e-02
1.919010e-03
-1.184998e-02
-5.390711e-03
-1.674780e-02
-1.060867e-02
-1.410048e-02
-8.131742e-03
6.073281e-03
9.993217e-03
-2.067615e-02
-5.738987e-03
-6.679574e-03
-4.346250e-02
6.794784e-02
6.790083e-02
