1.917697e-02
1.746354e-02
2.802483e-03
2.325748e-02
1.797222e-02
1.574270e-02
2.328979e-02
2.324509e-02
1.356097e-02
2.168990e-02
1.021962e-02
9.444470e-03
-2.020303e-02
1.156449e-02
3.991230e-03
3.430415e-03
-1.009498e-02
3.752315e-03
4.945569e-03
-3.165725e-03
-1.631246e-03
2.776214e-04
-1.775122e-03
-5.154970e-03
-2.325057e-03
-1.063428e-03
-1.413937e-03
-4.344520e-03
-1.471933e-02
-5.055273e-03
2.772051e-03
-5.645139e-03
-6.887649e-03
-2.258363e-02
-7.181727e-03
-8.348252e-03
-5.902877e-02
9.177559e-04
-9.961603e-03
-2.510197e-03
-1.377373e-02
-5.395973e-03
-1.282986e-02
-7.516985e-03
1.744641e-03
3.624559e-03
-1.943322e-02
-5.922683e-03
-7.175040e-03
-3.721246e-02
6.540141e-02
6.985346e-02
