1.862987e-02
1.654389e-02
9.688846e-03
1.786701e-02
2.181664e-02
1.344888e-02
2.089597e-02
2.226743e-02
1.383858e-02
1.906506e-02
9.133141e-03
1.042801e-02
-1.338586e-02
1.250027e-02
7.870701e-03
4.618975e-03
-1.539075e-02
4.603242e-03
8.646955e-03
-2.709067e-03
4.499387e-04
1.458986e-03
-7.566388e-04
-5.821951e-03
-3.075543e-03
-9.790247e-04
-2.398397e-03
-3.531831e-03
-1.221135e-02
-2.588413e-03
3.188040e-03
-7.939033e-03
-7.838617e-03
-1.648666e-02
-5.666011e-03
-7.238040e-03
-5.617817e-02
2.273230e-03
-9.431833e-03
-2.407641e-03
-1.382345e-02
-1.002017e-02
-1.587273e-02
-9.940132e-03
2.743833e-03
3.661773e-03
-2.050160e-02
-7.551335e-03
-6.230449e-03
-2.812522e-02
5.660805e-02
6.681800e-02
