7.956957e-03
1.488991e-02
1.014938e-03
2.632758e-02
1.869013e-02
2.204445e-02
2.038449e-02
2.262570e-02
6.390387e-03
3.351604e-02
9.898705e-03
7.586660e-03
-2.379708e-02
1.128355e-02
1.281933e-02
-3.294895e-03
-1.054370e-02
4.370490e-03
7.018847e-03
-2.433230e-03
-4.632078e-04
2.683481e-03
-1.995250e-04
-2.412670e-05
-6.463296e-03
-3.846290e-03
5.915158e-03
-5.157953e-03
-7.790714e-03
-5.068512e-03
3.313554e-04
-1.772996e-02
-1.931573e-02
-1.781478e-02
-1.466909e-02
-1.441722e-02
-1.072326e-01
-1.753090e-03
-3.146690e-03
-3.818309e-03
-9.550011e-03
-1.253689e-02
-1.513887e-02
-9.282870e-03
3.576764e-03
-4.497722e-03
-2.786785e-02
-3.437296e-03
-3.591553e-03
-2.884891e-02
5.398853e-02
5.721976e-02
