1.598930e-02
1.380897e-02
1.977375e-02
1.555733e-04
1.880414e-02
2.083792e-02
1.672112e-02
2.687714e-04
1.661662e-02
2.429063e-02
1.172748e-02
1.683828e-03
-4.627400e-03
3.998121e-03
-4.396074e-03
1.323503e-03
-4.722276e-03
5.040843e-03
-4.044235e-03
-1.411940e-02
2.640333e-03
9.108130e-03
3.293899e-03
1.828763e-03
-5.836167e-03
-4.167979e-02
2.369620e-03
-1.889623e-03
-6.789455e-03
-1.573028e-02
-1.977653e-02
-4.437270e-03
-1.898937e-02
-3.269767e-03
-2.423960e-02
-3.655559e-03
1.599549e-03
1.207778e-02
-1.033951e-02
3.655671e-03
-2.086770e-02
-1.306100e-02
-1.307344e-02
-1.055771e-02
-1.786506e-02
-3.660453e-02
-1.052244e-02
-1.662175e-02
-3.623622e-02
-1.090604e-02
8.494195e-02
8.366029e-02
