1.220962e-02
1.007102e-02
2.838978e-02
1.881924e-02
6.959823e-03
2.384024e-02
1.943648e-02
1.076757e-02
1.677529e-02
1.291189e-02
4.387931e-03
3.805936e-03
4.112638e-03
1.954470e-03
-8.322399e-03
2.540361e-03
-5.550858e-04
3.983199e-03
-4.094832e-03
1.273132e-02
-1.203824e-03
-3.844655e-04
-4.531599e-03
-9.375048e-03
-8.922547e-03
-9.093063e-03
2.909054e-03
-3.583302e-03
2.813233e-03
-1.741695e-03
-2.448835e-03
-1.901465e-03
-6.196191e-03
6.346693e-04
-8.690905e-04
7.898402e-03
6.028444e-03
-9.975524e-03
1.337449e-02
3.743254e-03
-3.652788e-02
-4.614500e-02
-2.368173e-02
3.024791e-04
-2.191577e-02
-2.076964e-02
-1.450061e-02
-1.439994e-02
-1.532825e-02
-4.062424e-02
7.194368e-02
7.746973e-02
