1.300927e-02
3.608726e-02
9.452598e-03
1.417002e-02
2.349336e-02
1.125800e-02
1.837160e-02
1.005067e-02
1.093143e-02
1.730676e-02
-1.104888e-02
7.251349e-03
1.532551e-02
-2.981297e-03
6.285774e-03
2.232143e-04
-3.889975e-03
2.614927e-03
-4.386346e-03
7.599232e-04
8.016123e-03
4.200839e-03
1.361438e-03
-1.856709e-04
-7.893788e-03
-3.813295e-03
4.363672e-03
-2.013484e-02
-1.767229e-02
-1.180102e-02
4.768981e-03
-1.962209e-02
-4.120227e-04
-3.529131e-02
9.993849e-04
5.126986e-03
-2.754922e-03
-3.307362e-03
-2.144203e-03
-6.201294e-03
-9.400126e-03
-1.651794e-02
-2.530746e-02
-3.287724e-02
-1.859380e-02
-1.756398e-02
-4.964807e-02
-1.114403e-02
-2.073103e-02
-2.028062e-02
6.539023e-02
5.197222e-02
