4.841705e-03
7.529548e-02
2.782106e-02
9.964056e-03
9.836522e-03
-5.882161e-03
-8.710136e-03
2.956747e-02
1.931914e-02
2.727575e-02
2.620625e-02
-1.000852e-02
1.239781e-02
-1.245619e-02
5.920673e-03
-8.261039e-02
-1.892755e-03
-7.666451e-03
1.887921e-03
-1.003296e-02
1.864858e-02
-2.147399e-02
1.083328e-02
-6.478595e-03
9.540448e-04
-1.810751e-03
-4.408357e-03
7.861582e-03
6.845222e-03
-3.251948e-03
-1.490139e-03
-6.312230e-03
5.465576e-03
8.530902e-04
-2.329592e-02
3.664119e-03
7.984304e-03
-4.186516e-03
4.064919e-03
1.235552e-02
-3.172731e-03
-7.295765e-02
-2.355013e-02
-4.302639e-02
-3.289182e-02
-1.494007e-02
-5.358696e-03
-3.686711e-02
-1.828460e-02
-7.121985e-02
4.091694e-02
9.966096e-02
