1.295457e-02
2.563202e-02
1.642645e-02
-6.893181e-03
1.682506e-02
1.095708e-02
8.124033e-03
2.345583e-02
2.078719e-02
1.832114e-02
2.470676e-03
5.126183e-03
-1.547031e-03
-8.017648e-03
1.401267e-02
-2.246518e-03
-6.748925e-04
-2.077298e-02
-2.180732e-02
3.002990e-04
-3.188692e-03
3.278984e-03
8.033940e-04
-8.554288e-03
-7.607049e-03
6.477332e-03
-7.569375e-03
3.840117e-03
3.323207e-03
-3.242905e-03
-4.230574e-03
2.342632e-04
-9.157586e-03
7.592195e-03
-9.172566e-04
3.257847e-03
-5.334468e-03
-1.858352e-02
2.137286e-03
-6.091566e-03
-1.227953e-02
-1.708451e-02
-7.327527e-03
-3.260690e-02
-9.617498e-03
-1.920729e-02
-1.933359e-02
-2.380289e-02
-2.345479e-02
-1.733339e-02
7.490974e-02
6.805287e-02
