1.246299e-02
1.013042e-02
1.416121e-02
-1.668350e-03
1.668556e-02
1.744420e-02
1.740357e-02
-4.448231e-03
1.503679e-02
2.838824e-02
1.351221e-02
2.808948e-03
-3.666063e-03
3.327929e-03
-4.592725e-03
4.967201e-04
-8.868065e-03
4.428443e-03
-5.645071e-03
-1.375507e-02
1.342724e-03
5.217721e-03
9.103126e-04
1.266817e-03
-9.425154e-04
-3.390411e-02
3.817375e-03
-5.647429e-04
-1.182456e-02
-1.790432e-02
-1.720462e-02
-5.516318e-03
-1.775674e-02
-2.435864e-03
-2.403346e-02
-1.853242e-03
9.124083e-04
1.107261e-02
-8.332768e-03
2.650670e-03
-2.085340e-02
-1.249127e-02
-8.859663e-03
-1.423799e-02
-1.941918e-02
-2.836822e-02
-1.087291e-02
-2.111852e-02
-3.298134e-02
-1.259521e-02
8.294754e-02
7.403749e-02
