4.982986e-03
1.837742e-02
1.377227e-02
1.205031e-02
1.094357e-02
4.199428e-02
1.638370e-02
1.218132e-02
1.970867e-02
1.421936e-02
-5.726259e-03
3.555387e-03
-5.292714e-03
-1.303590e-02
-1.279399e-02
-1.289775e-03
5.727954e-03
1.828291e-03
-9.494254e-03
-6.376334e-03
-5.681919e-03
-2.220196e-03
-5.270218e-03
-2.820533e-04
-7.451507e-03
-2.109254e-03
-2.327565e-02
-1.190699e-02
-3.310634e-03
2.577319e-03
-3.328532e-03
4.294089e-03
-6.009621e-04
-1.176303e-02
-2.002473e-02
-3.048506e-02
3.179725e-04
-4.109132e-03
-9.703018e-03
-2.101966e-02
-4.753795e-02
-3.149679e-02
-1.401098e-02
-3.390626e-02
-1.003038e-02
-3.190595e-02
-9.025756e-03
-2.566691e-02
-7.837687e-03
-1.296046e-02
9.009891e-02
1.012286e-01
