8.473012e-03
4.833702e-02
6.646995e-03
1.506156e-02
3.566222e-02
1.651163e-02
2.662434e-02
1.748331e-02
1.258856e-02
2.282225e-02
-5.023007e-03
1.684742e-02
2.219605e-02
-3.342940e-02
6.052705e-04
2.064787e-03
-1.040628e-02
4.534018e-04
-7.270636e-03
4.239509e-03
1.554772e-03
-2.952341e-03
3.155132e-03
-7.052261e-03
8.907403e-05
5.299081e-03
3.984528e-03
-8.154145e-03
-2.965510e-04
-3.895227e-02
2.172927e-02
-2.083152e-02
7.311598e-03
-2.258466e-02
3.853520e-03
1.325628e-03
-1.692559e-02
-1.342655e-03
3.139485e-03
-1.712185e-02
-1.414044e-02
-3.434019e-02
-4.470074e-02
-2.026826e-02
-1.822839e-02
-1.965074e-02
-8.137974e-02
-1.359049e-02
-3.287709e-02
-1.641196e-02
4.514524e-02
4.675554e-02
