1.555974e-02
2.013018e-02
1.960441e-02
-1.006032e-02
1.683018e-02
6.006263e-03
7.828270e-03
2.975944e-02
2.493146e-02
1.895109e-02
1.544951e-03
9.589298e-03
-2.069058e-03
-2.207857e-02
6.959543e-03
-3.253899e-03
2.508649e-03
-2.105734e-02
-2.305899e-02
2.714703e-03
-6.047627e-03
5.282263e-03
1.029124e-03
-7.124776e-03
-1.553590e-02
9.751726e-03
-8.181638e-03
2.891834e-03
1.102003e-03
-6.624510e-03
1.182044e-03
-4.766583e-04
-1.188958e-02
5.492720e-03
-5.977596e-03
1.264319e-03
-1.742618e-02
-1.943461e-02
3.448795e-03
-5.935721e-03
-2.011783e-02
-1.142603e-02
-4.183000e-03
-3.162646e-02
-1.680319e-02
-2.322539e-02
-3.640857e-02
-2.548269e-02
-1.053199e-01
-2.504433e-02
7.248668e-02
7.167606e-02
