7.143974e-03
1.787109e-02
1.713754e-02
9.538575e-03
7.496771e-03
2.919495e-02
1.420639e-02
1.070550e-02
1.993767e-02
1.146106e-02
-8.211302e-03
-1.701173e-03
-4.786784e-03
-7.228632e-03
-4.699675e-03
-5.271526e-04
6.577170e-03
2.772288e-03
-1.516105e-02
-2.680895e-03
-7.103941e-03
-2.649054e-04
-1.130194e-02
-3.779695e-03
-7.729461e-03
1.413352e-03
-9.982466e-02
-3.234469e-02
6.817464e-04
1.393641e-03
-7.290180e-03
3.747725e-04
-1.022937e-02
-9.901466e-03
-1.894979e-02
-2.378129e-02
-6.922767e-04
-3.177323e-03
-9.500800e-03
-4.717966e-02
-3.554569e-02
-1.984068e-02
-4.873949e-03
-2.435116e-02
-1.933406e-02
-2.371311e-02
1.229093e-03
-3.108315e-02
-6.141752e-03
-2.508542e-02
5.285236e-02
5.722593e-02
