1.559153e-02
4.083766e-02
1.243400e-02
1.693645e-02
1.440118e-02
1.715507e-02
1.847773e-02
1.309600e-02
2.297930e-02
1.864460e-02
1.056322e-02
6.496323e-03
-2.227168e-03
1.432921e-02
4.415578e-04
-2.841114e-02
6.659635e-04
-5.151826e-03
-5.947094e-03
-1.210140e-03
1.851022e-02
-1.607276e-02
-2.386696e-03
-1.786327e-02
-2.788588e-03
1.687137e-03
-5.572258e-05
7.026755e-05
-2.765008e-03
3.888041e-03
-9.346518e-02
-8.143235e-03
-1.427859e-02
-3.466492e-03
-1.409307e-02
2.097979e-03
-4.314076e-03
1.171159e-02
-2.359625e-02
3.151792e-03
-4.456100e-02
-1.244400e-02
-2.849536e-02
-2.558515e-02
-3.857484e-02
-2.793138e-02
-2.671745e-02
-3.242774e-02
-2.074779e-02
-2.990258e-02
2.047038e-02
2.576998e-02
