1.503371e-02
2.201938e-02
1.419166e-02
1.227582e-02
1.707744e-02
2.227914e-02
5.148295e-03
3.435785e-02
1.479762e-02
1.785514e-02
-1.465218e-02
7.185887e-03
-4.985244e-03
2.619927e-02
1.761862e-03
-7.263040e-04
-6.288420e-04
-1.382274e-03
-2.240159e-02
1.221096e-02
-8.208795e-03
-2.573044e-02
7.691218e-04
-2.274415e-02
-9.839910e-03
-7.381031e-03
2.538907e-03
-1.708969e-03
-2.401978e-02
-5.339457e-03
-3.237849e-03
-1.172413e-02
-6.036214e-03
3.656332e-04
-3.209719e-02
-2.756225e-02
2.729313e-03
8.146079e-03
-2.306128e-03
-1.070907e-02
-1.088102e-02
-1.926820e-03
-2.885095e-02
-2.052123e-02
-3.649321e-03
-5.525553e-03
-4.921098e-02
-1.225517e-02
-2.074071e-02
-1.256602e-02
8.335162e-02
4.407322e-02
