6.085040e-03
2.031149e-02
7.584254e-03
3.267676e-02
2.139477e-02
1.860975e-02
-4.534326e-03
1.286920e-02
1.121262e-02
2.190994e-02
1.622183e-03
6.188133e-04
-5.306172e-03
2.033716e-03
-5.569722e-03
8.305945e-03
-3.337784e-02
-1.805925e-02
-1.839259e-03
6.766197e-04
3.491697e-03
9.480441e-04
3.215556e-04
-5.032939e-03
8.088861e-03
-2.399062e-02
7.035950e-03
-6.896677e-03
5.443358e-03
-7.242182e-03
3.008157e-03
-2.786769e-02
5.562334e-03
-9.277544e-03
-1.462925e-02
8.508150e-03
-1.874472e-02
-1.032104e-02
7.953199e-03
5.116382e-03
-1.533404e-02
-2.028992e-02
-1.273908e-02
-1.474276e-02
-9.554692e-03
-2.662075e-02
-1.955667e-02
-2.901600e-02
-1.981105e-02
-2.190590e-02
5.607769e-02
8.902235e-02
