-1.102618e-03
1.883513e-02
9.355399e-03
3.788483e-02
1.632615e-02
1.167300e-02
1.524660e-03
1.507625e-02
1.132406e-02
2.137570e-02
-3.997118e-04
2.913672e-03
-9.908582e-04
2.348341e-03
-5.149614e-03
6.027532e-03
-3.234310e-02
-1.600260e-02
-3.915605e-03
-5.219088e-04
1.125945e-03
3.683953e-03
-5.479315e-03
4.722190e-04
5.954635e-03
-1.378594e-02
6.557677e-03
-7.499411e-03
-7.484104e-04
-1.944454e-04
-1.981461e-03
-1.528745e-02
3.113709e-03
-6.968458e-03
-4.294128e-03
4.143649e-03
-1.219667e-02
-5.326213e-03
6.537981e-03
-9.004898e-04
-1.695817e-02
-2.048362e-02
-2.269406e-02
-1.059884e-02
-5.813935e-03
-1.770191e-02
-3.396000e-02
-2.321177e-02
-1.848722e-02
-1.664130e-02
5.385439e-02
7.027036e-02
