1.563783e-02
2.088828e-02
9.397331e-03
1.504137e-02
1.404825e-02
1.667560e-02
9.292249e-03
2.413083e-02
1.767477e-02
1.050855e-02
-2.205377e-02
8.756980e-03
-6.314405e-03
1.406120e-02
6.944761e-03
3.088055e-03
-1.404978e-02
4.058626e-03
-1.339224e-02
1.226283e-02
-6.673741e-03
-1.796578e-02
-1.090460e-03
-2.695983e-02
-4.590688e-03
-8.878902e-03
2.392948e-03
-3.428539e-03
-3.244225e-02
-8.185879e-03
-5.268964e-03
-1.120983e-02
-3.001044e-03
4.241172e-03
-2.834370e-02
-1.050503e-02
3.729169e-03
8.160778e-03
-2.875257e-03
-1.264913e-02
-1.200934e-02
-3.963130e-03
-3.051203e-02
-2.246721e-02
-5.232186e-03
-1.179828e-02
-5.562901e-02
-1.148608e-02
-3.017962e-02
-1.211269e-02
8.839673e-02
5.653042e-02
