5.846624e-03
6.979037e-02
1.578378e-02
1.297033e-02
1.378076e-02
1.329268e-02
-1.255309e-03
2.310518e-02
1.561430e-02
2.227953e-02
5.671062e-03
-4.787886e-03
4.724056e-03
-3.799928e-03
8.003598e-03
-2.708801e-02
-2.240694e-04
-8.448560e-03
-8.819283e-03
-8.751963e-03
9.740167e-03
-1.164760e-02
7.221796e-03
-5.066632e-03
4.982726e-03
-1.678517e-03
-1.430154e-02
8.666157e-03
9.011308e-03
8.299124e-04
-4.583841e-03
8.729026e-04
-1.777652e-03
-6.414753e-03
-6.195803e-03
9.664165e-04
4.327144e-03
-6.865413e-04
2.080695e-04
4.914129e-03
-1.088498e-02
-1.586255e-02
-1.361244e-02
-1.762614e-02
-9.021925e-03
-3.274349e-02
-1.385551e-02
-1.365760e-02
-1.324129e-02
-8.889831e-03
4.755854e-02
6.691321e-02
