1.106400e-02
9.643159e-03
9.530946e-03
-4.354379e-04
1.442323e-02
1.849114e-02
1.103846e-02
-6.003578e-04
1.073836e-02
2.321001e-02
8.505072e-03
2.760479e-03
-7.005949e-03
3.212951e-03
-4.862282e-03
3.066836e-04
-7.167479e-03
5.009064e-03
-1.647911e-03
-1.758648e-02
1.959729e-04
5.936453e-03
2.488137e-03
2.820293e-03
-6.045918e-03
-8.938749e-02
5.388980e-03
-3.088666e-03
-1.221918e-02
-1.546049e-02
-1.549228e-02
-5.005472e-03
-1.561115e-02
-3.523662e-03
-1.539952e-02
-7.454140e-03
5.034199e-03
1.145844e-02
-1.803844e-02
4.541327e-03
-1.676980e-02
-3.555403e-03
-8.600062e-03
-1.204974e-02
-1.414036e-02
-2.161130e-02
-8.449641e-03
-2.419731e-02
-8.727309e-02
-2.550442e-02
5.383334e-02
5.896864e-02
