1.588279e-02
1.586417e-02
1.006012e-02
1.021530e-02
1.365497e-02
9.781609e-03
1.122524e-02
2.247440e-02
1.516606e-02
1.081432e-02
-3.480041e-02
2.627714e-03
-4.362827e-03
2.411846e-02
6.194786e-03
-4.306942e-03
-1.351160e-02
5.927661e-03
-1.597310e-02
8.668745e-03
-1.020222e-03
-1.760674e-02
1.451610e-03
-2.538373e-02
-1.564066e-03
-4.769294e-03
-1.243111e-03
-5.457987e-03
-2.645956e-02
-5.733825e-03
-1.801813e-02
-1.341929e-02
-4.744757e-03
6.694106e-04
-1.814219e-02
-1.851285e-02
4.566238e-03
6.195646e-03
-6.548476e-04
-1.240227e-02
-1.405882e-02
-3.764879e-03
-3.011399e-02
-2.705243e-02
-1.148628e-03
-6.458720e-03
-3.235036e-02
-4.936374e-03
-7.082216e-02
-3.183555e-03
5.037255e-02
2.708382e-02
