1.504208e-02
4.868351e-02
4.648620e-03
1.922931e-02
2.362699e-02
1.413890e-02
1.740155e-02
7.692816e-03
1.227332e-02
1.847505e-02
-8.935902e-03
7.947919e-03
1.473233e-02
-4.492479e-03
4.943952e-03
1.149792e-03
-3.908567e-04
5.491037e-03
-4.390247e-03
8.332699e-04
1.185767e-02
5.095604e-03
-1.916825e-03
2.718039e-03
-8.988127e-03
-3.354623e-04
1.797419e-03
-2.718304e-02
-2.323430e-02
-3.961713e-03
1.802683e-03
-1.432633e-02
1.543591e-03
-4.721443e-02
2.344612e-03
7.453671e-03
-3.016589e-03
6.825820e-04
-2.142030e-03
-4.684275e-03
-1.852240e-02
-1.639237e-02
-3.350525e-02
-2.783349e-02
-2.503578e-02
-1.198212e-02
-3.333039e-02
-6.407256e-03
-2.120260e-02
-1.394109e-02
5.860753e-02
6.422757e-02
