-1.793487e-04
3.004826e-02
1.322372e-02
3.021805e-02
1.594477e-02
1.278617e-02
-1.984421e-03
2.070808e-02
1.852320e-02
2.356446e-02
-1.033071e-02
-1.307274e-02
-8.918246e-03
1.104761e-02
-5.779835e-03
8.423190e-04
-3.958708e-02
-2.260512e-02
-1.346007e-03
9.138304e-04
-2.208702e-02
5.340658e-03
-2.670514e-02
-1.220895e-02
1.833141e-02
-2.122861e-02
5.361896e-03
5.148453e-04
4.741387e-04
-3.199439e-03
-1.991154e-03
-3.490650e-03
-5.487156e-04
-1.582418e-02
-7.209688e-03
7.939764e-03
-6.317952e-02
-5.724938e-03
9.751195e-03
-4.943750e-03
-6.165436e-02
-3.179517e-02
-1.096346e-02
-1.558670e-02
-3.076391e-02
-1.909011e-02
-2.271309e-02
-1.780890e-02
-1.808503e-02
-2.936084e-02
3.682788e-02
6.490226e-02
