1.321122e-02
2.452374e-02
1.605724e-02
-7.053978e-03
1.384240e-02
1.144648e-02
1.041911e-02
2.528152e-02
2.224141e-02
1.813706e-02
-5.047737e-04
3.443830e-03
-9.652883e-05
-9.188449e-03
1.295337e-02
-3.877468e-03
3.991855e-04
-2.528801e-02
-2.313168e-02
2.181055e-04
-3.171270e-03
4.876147e-03
2.797518e-03
-6.457988e-03
-1.242031e-02
6.631216e-03
-3.655914e-03
4.328501e-03
1.744685e-03
-2.335387e-03
-1.951017e-03
1.574030e-03
-9.943866e-03
8.369538e-03
1.665519e-03
4.863720e-03
-1.140663e-02
-1.450795e-02
4.613468e-03
-4.869678e-03
-1.224052e-02
-1.283368e-02
-6.887256e-03
-2.993554e-02
-1.107190e-02
-1.568407e-02
-2.469653e-02
-2.561176e-02
-2.099903e-02
-1.960284e-02
8.029785e-02
7.491964e-02
