1.707115e-02
2.391029e-02
1.468158e-02
1.034559e-02
2.552857e-02
1.133140e-02
1.947099e-02
8.481597e-03
1.334872e-02
1.620819e-02
-1.336419e-02
9.358130e-03
1.535380e-02
-2.682374e-03
8.292735e-03
-2.806487e-03
-1.244244e-03
5.542222e-03
-6.354753e-04
5.707648e-04
8.395694e-03
5.475951e-04
3.676050e-03
9.493344e-05
-8.263076e-03
-6.766423e-03
3.157110e-03
-1.443554e-02
-1.483834e-02
-6.132673e-03
2.045695e-03
-2.933480e-02
-2.387279e-03
-5.503660e-02
1.562458e-03
4.149461e-03
1.358423e-03
-3.393459e-03
-6.019193e-04
-2.879564e-03
-5.644802e-03
-1.961761e-02
-6.577734e-02
-3.607177e-02
-1.450130e-02
-2.134657e-02
-3.978099e-02
-1.159784e-02
-2.168771e-02
-3.736957e-02
7.530637e-02
6.626225e-02
