1.337565e-02
9.971769e-03
3.461298e-02
1.799453e-02
7.772437e-03
2.459685e-02
2.110048e-02
1.156007e-02
1.137918e-02
1.094763e-02
7.138219e-03
1.219152e-03
3.100971e-03
5.679468e-03
-8.725820e-03
4.448948e-05
-1.765055e-03
5.041151e-03
1.111505e-03
1.379583e-02
-1.973090e-03
2.352635e-03
-3.873026e-03
-8.237990e-03
-7.180835e-03
-5.713588e-03
4.466914e-03
2.464928e-04
5.392361e-03
-2.411000e-03
-5.399644e-03
-3.294385e-03
-6.446624e-03
-2.056045e-03
2.722682e-03
7.741012e-03
5.203538e-03
-1.096879e-02
1.322450e-02
6.392493e-03
-4.318493e-02
-4.308979e-02
-2.285117e-02
3.741393e-03
-2.554710e-02
-2.123860e-02
-1.731820e-02
-1.715113e-02
-1.499820e-02
-3.448793e-02
6.178624e-02
6.997639e-02
