1.319577e-02
2.299999e-02
2.023409e-02
1.215921e-02
1.745608e-02
1.411373e-02
9.145076e-03
2.609667e-02
1.851358e-02
1.900760e-02
-2.606642e-02
6.030403e-03
-9.333283e-03
2.438190e-02
1.578124e-02
-8.398243e-03
4.276936e-04
8.703860e-03
-5.548688e-03
1.023376e-02
-4.037290e-02
-2.179199e-02
3.588400e-03
-1.422074e-02
-1.928724e-04
-1.721183e-02
-9.468004e-04
-1.285865e-03
-2.260045e-02
-1.018324e-02
-1.492378e-03
-6.151200e-03
-1.027370e-02
1.531849e-03
-2.496478e-02
-1.988953e-02
8.874359e-04
6.107431e-03
-5.814278e-03
-7.020303e-03
-6.825583e-03
4.567372e-03
-2.877210e-02
-2.020293e-02
-2.876552e-03
-6.748539e-03
-3.761232e-02
-9.585401e-03
-3.401552e-02
-1.368482e-02
1.013788e-01
7.121485e-02
