1.251520e-02
1.021765e-02
2.915820e-02
1.854293e-02
9.262833e-03
2.341831e-02
2.069778e-02
1.211100e-02
1.108765e-02
1.375451e-02
4.289613e-03
4.435324e-03
5.033501e-03
4.927782e-03
-8.493007e-03
9.561088e-04
-4.062678e-04
6.686083e-03
-4.661141e-03
1.474163e-02
-8.383866e-04
-1.338584e-03
-3.383786e-03
-1.012013e-02
-9.389021e-03
-8.939850e-03
3.474371e-03
-3.330472e-03
3.775545e-03
-2.368706e-03
-1.775886e-03
-3.540255e-03
-7.764045e-03
2.822537e-04
-1.676804e-03
9.181910e-03
6.135899e-03
-1.183791e-02
1.328772e-02
3.029861e-03
-3.616467e-02
-3.990742e-02
-2.085317e-02
-6.896406e-04
-2.722716e-02
-2.258540e-02
-1.756880e-02
-1.116453e-02
-1.267708e-02
-3.651877e-02
7.248357e-02
7.198678e-02
