6.025146e-03
1.551748e-02
1.914460e-02
1.504657e-02
8.780655e-03
3.446590e-02
1.994848e-02
1.271246e-02
1.858700e-02
1.490566e-02
-1.438138e-03
1.347917e-03
-3.959768e-03
-7.819410e-03
-1.926239e-03
2.398673e-03
6.982925e-03
4.070244e-03
-1.515160e-02
-2.920903e-03
-4.023983e-03
6.182129e-04
-9.528551e-03
-4.940523e-03
-3.246123e-03
1.864821e-03
-2.549549e-02
-1.000333e-02
-4.516923e-03
2.634499e-03
-7.313859e-03
-1.301722e-03
-2.534014e-03
-1.165177e-02
-1.239633e-02
-2.634783e-02
3.894062e-03
-1.137370e-03
-3.936373e-03
-1.984567e-02
-5.857530e-02
-1.934756e-02
-1.743458e-02
-2.524572e-02
-1.037605e-02
-1.634145e-02
-3.901758e-03
-1.422222e-02
-5.454574e-03
-1.146205e-02
8.404825e-02
8.324929e-02
