1.281333e-02
2.033283e-02
1.469724e-02
-2.223744e-02
1.561424e-02
1.223686e-02
7.270125e-03
1.588282e-02
2.245447e-02
1.547052e-02
-1.248508e-03
8.480416e-03
5.047123e-04
-6.277769e-03
1.219026e-02
-1.182670e-03
-1.413956e-03
-3.244131e-02
-4.002188e-02
5.199744e-03
-4.951280e-03
2.932162e-03
2.650483e-03
-8.668367e-04
-2.739114e-03
7.733876e-03
-1.065699e-02
5.158373e-03
5.120635e-03
-3.005621e-03
-1.907302e-03
-1.298993e-03
-1.119063e-02
6.560160e-03
3.298559e-04
1.557655e-03
-1.209992e-02
-1.464976e-02
2.431451e-04
-7.049075e-03
-1.940038e-02
-1.457920e-02
-1.078335e-02
-2.581315e-02
-7.762737e-03
-1.772326e-02
-1.700110e-02
-2.730426e-02
-1.947556e-02
-1.631870e-02
5.965606e-02
5.003336e-02
