1.692671e-02
2.045481e-02
1.448063e-02
1.375371e-02
1.455482e-02
1.511457e-02
9.478757e-03
2.522503e-02
1.773041e-02
1.385377e-02
-2.109474e-02
9.118132e-03
-4.170843e-03
2.553056e-02
5.587526e-03
1.725177e-03
-9.378708e-03
4.088602e-03
-1.798169e-02
1.063348e-02
-9.316686e-03
-1.098778e-02
-3.091685e-04
-3.031712e-02
-3.851668e-03
-1.079541e-02
1.025666e-03
-6.684315e-03
-1.925096e-02
-8.167395e-03
-3.420662e-03
-1.007431e-02
-3.976901e-03
4.601276e-04
-2.580652e-02
-1.331910e-02
5.134849e-03
9.838911e-03
-1.589704e-03
-8.651445e-03
-9.437928e-03
-2.838917e-03
-2.466998e-02
-2.429081e-02
-2.414750e-03
-1.031842e-02
-5.043815e-02
-1.028797e-02
-2.295956e-02
-8.595456e-03
9.448922e-02
6.106047e-02
