1.443808e-02
3.011176e-02
1.586211e-02
-1.337054e-02
1.578695e-02
8.119184e-03
6.442840e-03
2.491224e-02
2.892716e-02
2.182940e-02
5.958889e-04
2.328229e-02
-1.062490e-03
-9.667911e-03
1.302436e-02
-2.116328e-03
-3.128854e-03
-2.006048e-02
-2.700231e-02
-8.214409e-03
-7.369061e-03
6.533782e-03
-5.083067e-04
-4.173480e-03
-1.587715e-02
7.631220e-03
-1.016281e-02
-2.680981e-03
2.591548e-03
-5.732789e-03
6.008567e-04
-2.486705e-03
-9.085610e-03
9.705866e-03
-5.676239e-03
2.375704e-03
6.546968e-03
-1.400246e-02
7.793435e-03
-7.877769e-03
-6.551473e-03
-2.011795e-02
-2.130991e-03
-3.995445e-02
-2.519862e-02
-2.526732e-02
-2.149737e-02
-2.625038e-02
-2.322781e-02
-1.239077e-02
1.014484e-01
7.827684e-02
