1.231633e-02
1.034062e-02
1.458118e-02
1.032753e-03
1.705072e-02
2.005541e-02
1.581469e-02
6.600579e-04
1.426953e-02
2.121216e-02
1.102764e-02
1.017559e-03
-3.323527e-03
6.459050e-03
-3.567980e-03
1.427308e-04
-6.948293e-03
4.803087e-03
-4.290114e-03
-9.260024e-03
1.736643e-03
8.183025e-03
3.520853e-03
9.394906e-04
-7.419284e-03
-4.135146e-02
4.909166e-03
-2.840337e-03
-7.383269e-03
-1.871430e-02
-2.169127e-02
-3.842721e-03
-2.199117e-02
-1.951831e-03
-2.208308e-02
-4.716988e-03
3.814600e-03
1.319419e-02
-1.298294e-02
5.346236e-03
-2.068041e-02
-6.463799e-03
-9.339480e-03
-1.386498e-02
-1.575462e-02
-3.888444e-02
-1.105571e-02
-1.176645e-02
-3.884010e-02
-1.738470e-02
9.069412e-02
7.721300e-02
