2.136010e-02
5.344073e-02
2.010246e-02
-4.375317e-03
5.104939e-03
4.094414e-03
2.299797e-02
9.984022e-03
5.757435e-02
2.251073e-02
-1.022872e-02
4.637892e-02
-1.409891e-02
-1.295322e-02
2.444952e-02
-1.397030e-02
-6.522086e-03
-9.759754e-02
-6.383082e-02
-5.803762e-02
-6.686378e-03
2.262815e-02
-7.527257e-03
4.379807e-03
-3.490394e-03
5.583025e-03
-1.301967e-02
9.038335e-03
-1.155056e-03
-2.720211e-02
2.229774e-02
-6.817508e-03
-3.842768e-04
2.294591e-03
1.240211e-02
2.642792e-03
-4.403482e-03
-2.084784e-02
8.876650e-03
-1.893338e-02
-5.336124e-03
-2.846252e-02
-3.066544e-03
-2.580897e-02
-8.060944e-02
-3.067877e-02
-2.319543e-03
-3.760003e-02
-3.592405e-02
-4.085540e-03
1.031286e-01
4.877588e-02
