2.972284e-03
1.661622e-02
2.097649e-02
1.446157e-02
9.187943e-03
4.063041e-02
1.915960e-02
1.364342e-02
1.835904e-02
1.511755e-02
-3.129751e-03
1.619809e-03
-5.659786e-03
-1.059623e-02
-6.495319e-03
-3.257388e-03
7.286344e-03
3.847820e-03
-2.389476e-02
-3.126832e-03
-3.200177e-03
-8.383924e-04
-6.730126e-03
-9.887865e-04
-2.196676e-03
2.465645e-03
-2.558190e-02
-1.392177e-02
-3.541565e-03
3.631955e-03
-4.210140e-03
1.046083e-03
-5.317587e-03
-2.504017e-03
-1.737268e-02
-2.333288e-02
1.359943e-03
-3.297954e-03
-7.774074e-03
-2.184729e-02
-4.442115e-02
-1.980939e-02
-1.433800e-02
-2.867866e-02
-8.677308e-03
-2.064453e-02
-6.198081e-03
-1.210240e-02
-1.277434e-03
-1.488937e-02
8.617320e-02
1.026615e-01
