3.406766e-02
4.281597e-02
7.407394e-03
1.633740e-02
1.941483e-02
8.875060e-03
2.774039e-02
1.227843e-02
1.736307e-02
5.106479e-03
-3.263576e-03
7.375365e-03
3.653159e-02
-7.877175e-03
1.206755e-02
-1.041991e-02
2.305692e-03
4.347945e-03
-8.302540e-03
-9.589626e-03
3.455502e-03
9.924332e-04
-2.116349e-03
1.014265e-02
-1.487386e-02
-9.472029e-03
-8.130869e-03
-1.362791e-02
-2.500855e-02
-1.803511e-02
-3.214549e-03
-1.585859e-02
-6.926799e-03
-5.275022e-02
1.724470e-03
2.952227e-03
-9.840007e-04
-3.791617e-03
2.149903e-03
-1.636549e-02
-1.902358e-03
-5.738278e-02
-2.000000e-01
-3.153844e-02
-8.117664e-03
-1.174506e-02
-2.078354e-02
-1.442505e-02
-6.098330e-02
-2.000000e-01
2.792611e-02
2.170661e-02
