1.626359e-02
2.036519e-02
9.800930e-03
1.595473e-02
1.540452e-02
1.623638e-02
1.301926e-02
2.745873e-02
1.982387e-02
1.481086e-02
-2.729170e-02
2.880144e-02
-3.894724e-03
2.847060e-02
7.043170e-03
5.353678e-03
-9.049457e-03
5.519307e-03
-1.792158e-02
1.364087e-02
-9.355948e-03
-2.431132e-02
1.827490e-03
-2.231328e-02
-2.525894e-03
-1.257183e-02
-3.374856e-04
-6.022793e-03
-2.374763e-02
-1.161514e-02
-2.688319e-03
-6.908471e-03
-5.568543e-03
3.042049e-03
-2.559071e-02
-8.846855e-03
5.647332e-03
1.032122e-02
-7.321639e-04
-1.061736e-02
-9.737501e-03
-1.300634e-03
-2.688894e-02
-2.126778e-02
7.955879e-04
-1.200913e-02
-3.670844e-02
-9.706404e-03
-1.778613e-02
-5.197690e-03
1.070994e-01
6.360188e-02
