1.328985e-02
7.792059e-03
1.776944e-02
3.158172e-02
1.479214e-02
5.358333e-03
1.295476e-02
1.061573e-02
7.050491e-03
1.282108e-02
-6.033320e-04
7.099241e-03
1.837728e-02
-3.050929e-03
-1.708235e-02
5.643612e-03
-3.379511e-03
2.279828e-04
-3.460122e-03
1.609076e-03
9.406181e-03
6.974369e-04
-5.608094e-03
-1.766728e-02
-1.125595e-02
3.771121e-03
8.176860e-04
-1.371087e-03
-8.819036e-03
-3.879099e-03
-2.792958e-02
-3.616944e-03
2.040050e-03
3.805870e-03
-7.345462e-03
-7.432674e-03
8.446955e-03
-4.165468e-03
1.502570e-03
8.311282e-04
-7.824111e-03
-1.381938e-02
-1.675765e-02
-6.852957e-03
-1.268052e-02
-1.258217e-02
-1.182290e-02
-2.491364e-02
-1.577671e-02
-1.938504e-02
4.871513e-02
3.722083e-02
