2.003986e-02
3.321790e-02
8.345580e-03
1.819749e-02
1.393280e-02
1.462692e-02
1.337049e-02
1.390182e-02
3.074474e-02
1.784983e-02
1.817417e-03
2.523083e-02
-2.589136e-03
-1.636162e-02
-3.307447e-04
-1.953777e-02
6.120129e-03
-4.513722e-03
1.898737e-03
-3.742645e-04
1.212977e-02
-2.688653e-03
4.548752e-03
-1.402046e-02
-3.126294e-03
-1.902835e-03
1.482869e-03
-6.083198e-03
-8.185315e-04
2.669776e-03
-3.063655e-02
-3.080779e-03
-5.840785e-03
-2.184995e-03
-2.321829e-03
-4.931994e-04
2.671437e-03
6.666310e-03
-1.284458e-02
2.705528e-03
-2.281844e-02
-9.129170e-03
-2.140004e-02
-2.823470e-02
-6.930910e-02
-2.455347e-02
-3.374303e-02
-6.960270e-03
-1.623879e-02
-2.342499e-02
5.449140e-02
3.545710e-02
