1.602727e-02
3.952185e-02
6.224344e-03
1.949922e-02
1.573908e-02
9.460837e-03
1.151672e-02
1.145941e-02
3.100437e-02
1.624626e-02
2.959714e-03
7.261964e-03
-3.109324e-04
-2.257052e-02
7.570217e-04
-1.191477e-02
2.568389e-03
-6.624223e-03
-5.969031e-03
-1.681191e-03
1.386855e-02
-4.972534e-03
4.555591e-03
-8.252285e-03
-8.588565e-04
8.396635e-04
1.726005e-04
-1.277873e-02
-1.840743e-03
-6.067998e-05
-4.624864e-02
-4.726269e-03
-9.592234e-03
-7.102213e-03
-1.269898e-02
5.113048e-03
4.000156e-03
2.550058e-03
-2.899553e-02
-5.899390e-04
-4.138423e-02
-1.331423e-02
-1.487663e-02
-3.088414e-02
-2.626847e-02
-2.480376e-02
-3.516646e-02
-1.614081e-02
-3.636402e-03
-3.419438e-02
2.457922e-02
2.380931e-02
