1.620730e-02
7.913542e-03
2.153589e-02
2.921376e-02
1.835811e-02
4.706679e-03
9.256496e-03
1.214304e-02
9.508098e-03
1.249363e-02
2.238548e-03
9.470168e-03
2.054247e-02
-3.796144e-03
-1.549219e-02
6.684100e-03
-3.977019e-03
6.062179e-04
-4.856148e-03
3.481108e-03
9.595393e-03
1.767653e-03
1.394821e-03
-1.462254e-02
-8.168124e-03
6.778734e-03
-1.459103e-03
-2.016513e-03
-7.549988e-03
-5.007761e-03
-2.530373e-02
-4.145400e-03
5.151883e-03
2.896689e-03
-6.386851e-03
-1.050015e-02
8.587100e-03
-2.597528e-03
2.660396e-03
2.906532e-03
-1.131483e-02
-1.242973e-02
-1.294752e-02
-1.163775e-02
-1.436326e-02
-1.403325e-02
-1.557936e-02
-2.561180e-02
-1.799856e-02
-1.643084e-02
8.182740e-02
8.544806e-02
