1.320870e-02
2.808205e-02
1.574601e-02
-6.910551e-03
1.477235e-02
1.133339e-02
9.346623e-03
2.513229e-02
2.157152e-02
1.736504e-02
1.732278e-03
4.452101e-03
-1.900639e-03
-8.713590e-03
1.248028e-02
-4.021065e-03
-1.189611e-03
-2.144378e-02
-2.128614e-02
-2.194045e-04
-3.078509e-03
3.704067e-03
3.334182e-03
-5.344293e-03
-7.806796e-03
6.429676e-03
-7.889083e-03
4.332683e-03
2.271520e-03
-2.891910e-03
-2.595783e-03
1.437168e-03
-1.058775e-02
8.386578e-03
-8.810708e-04
4.044553e-03
-8.514386e-03
-1.531127e-02
4.127587e-03
-5.738402e-03
-1.148045e-02
-1.641952e-02
-7.583717e-03
-2.998040e-02
-1.103187e-02
-1.678616e-02
-1.843579e-02
-2.670862e-02
-2.604134e-02
-2.048902e-02
8.721873e-02
7.616067e-02
