1.182403e-02
8.125272e-02
2.648708e-02
1.286245e-02
1.441505e-02
-5.408108e-03
-5.539119e-03
2.947929e-02
1.555784e-02
2.648773e-02
1.196800e-02
-9.434862e-03
1.069334e-02
-1.169648e-02
7.566148e-03
-6.044413e-02
-1.181424e-03
-1.246795e-02
-4.288789e-03
-1.045026e-02
1.344427e-02
-1.328151e-02
8.633586e-03
-5.727486e-03
4.869452e-03
-5.480273e-03
-1.525256e-02
1.222092e-02
1.666766e-02
-2.813274e-03
1.049608e-03
3.578828e-04
3.309163e-04
3.902020e-03
-1.915213e-02
6.154656e-03
7.792500e-03
-3.493433e-03
1.373731e-03
1.139410e-02
-5.115115e-03
-2.124842e-02
-2.057843e-02
-3.388872e-02
-1.835409e-02
-2.297584e-02
-8.014025e-03
-2.439242e-02
-2.307549e-02
-6.844014e-02
4.875487e-02
9.302268e-02
