5.179167e-03
7.994739e-03
2.815756e-02
1.104371e-02
1.272452e-02
2.431563e-02
1.984903e-02
-9.466127e-03
1.987362e-02
9.642679e-03
3.171104e-02
-1.219825e-03
-8.287064e-03
-1.765770e-03
-2.611390e-02
5.229693e-03
-1.558401e-03
-9.481168e-03
1.209494e-03
1.319962e-02
-2.732047e-03
-1.043919e-02
-2.934872e-03
-1.173886e-02
-1.418967e-02
-2.796456e-02
-3.010379e-03
-1.972063e-02
-2.888997e-03
-5.406146e-03
-1.269808e-02
-7.458277e-03
-1.201613e-02
-6.714819e-03
-1.288268e-02
6.662052e-03
3.825858e-03
-7.902079e-03
1.431499e-02
1.025445e-02
-3.905545e-02
-2.976895e-02
-5.665290e-02
-1.596041e-02
-8.424170e-02
-1.908981e-02
-2.236968e-02
-1.169088e-02
-1.743580e-02
-7.850533e-02
4.781099e-02
9.780327e-02
