-2.537548e-03
1.663280e-02
8.158759e-03
4.208166e-02
1.542245e-02
9.185725e-03
-5.668481e-03
1.351258e-02
8.750157e-03
2.488621e-02
-3.360473e-03
1.580547e-03
-3.257715e-03
6.208374e-03
-1.157821e-03
3.211099e-03
-3.618762e-02
-1.380111e-02
-4.889010e-03
-3.338773e-03
-9.751987e-04
2.885268e-03
-1.446099e-03
2.282160e-03
4.409170e-03
-1.888414e-02
5.341091e-03
-8.912742e-03
-3.630923e-03
-2.552225e-04
-5.751998e-04
-1.066157e-02
2.533475e-03
-1.036413e-02
-1.144850e-02
4.635244e-03
-3.136162e-02
-7.579910e-03
2.408813e-03
-1.202616e-03
-9.450459e-03
-2.653775e-02
-2.061029e-02
-7.723572e-03
2.381844e-03
-3.386219e-02
-2.734607e-02
-2.236024e-02
-1.744504e-02
-2.428146e-02
2.430827e-02
5.416200e-02
