2.042802e-02
4.262879e-02
8.495092e-03
1.993573e-02
1.533742e-02
1.628736e-02
1.366786e-02
1.335592e-02
2.955134e-02
1.897380e-02
6.874346e-03
1.761998e-02
-1.226462e-03
-1.535468e-02
-3.421028e-04
-1.390291e-02
3.265308e-03
-3.631835e-03
-7.066730e-03
-4.993983e-04
8.722272e-03
-6.324434e-03
4.608562e-03
-1.077736e-02
-1.639798e-03
-3.782573e-03
-8.287499e-05
1.990443e-03
2.250493e-03
6.835232e-03
-3.408767e-02
-4.835065e-03
-7.006028e-03
-1.969123e-03
-8.646030e-03
-1.341033e-04
4.551951e-03
8.027800e-03
-1.369626e-02
2.924270e-03
-3.340622e-02
-1.485531e-02
-2.004680e-02
-3.258252e-02
-3.728744e-02
-2.549804e-02
-2.022296e-02
-1.304303e-02
-1.145045e-02
-2.859033e-02
5.648079e-02
4.360078e-02
