1.591657e-02
9.511238e-03
2.069561e-02
2.795253e-02
1.797095e-02
6.290448e-03
1.128045e-02
1.132783e-02
1.026623e-02
1.227925e-02
2.201526e-03
9.388452e-03
2.131792e-02
-2.407911e-03
-1.497161e-02
5.510744e-03
-4.086836e-03
-6.957927e-05
-3.918994e-03
3.124634e-03
9.816072e-03
1.455911e-03
4.739134e-04
-1.642374e-02
-1.204277e-02
1.524782e-03
-1.638170e-03
-3.253086e-03
-6.125724e-03
-1.918081e-03
-2.445513e-02
-4.938412e-03
5.481199e-03
4.320395e-03
-8.179085e-03
-9.826791e-03
8.210736e-03
-1.285042e-03
1.811432e-03
3.597853e-03
-1.070237e-02
-1.248195e-02
-1.227789e-02
-1.202493e-02
-1.338312e-02
-1.544479e-02
-1.310574e-02
-2.765588e-02
-8.892023e-03
-1.770089e-02
8.201395e-02
8.473981e-02
