1.958332e-02
4.788933e-02
8.694766e-03
1.849000e-02
1.611200e-02
1.649274e-02
1.284525e-02
1.273056e-02
2.889603e-02
1.691429e-02
5.222249e-03
3.386210e-02
-3.093928e-03
-1.992429e-02
8.917326e-06
-1.280068e-02
6.889627e-03
-2.839706e-03
-6.524234e-03
5.641805e-04
1.177672e-02
-2.627634e-03
4.576449e-03
-1.158701e-02
-1.428479e-03
-3.186159e-04
4.503958e-03
-2.430738e-03
9.096938e-04
7.274282e-04
-3.938667e-02
-4.662309e-03
-7.080673e-03
-2.263686e-03
-9.278225e-03
-4.909825e-04
2.951574e-03
7.697760e-03
-1.550379e-02
4.036885e-03
-2.644236e-02
-2.017627e-02
-2.568717e-02
-3.087476e-02
-4.785852e-02
-2.663890e-02
-2.808797e-02
-1.424010e-02
-7.619910e-03
-2.350507e-02
6.125918e-02
3.096565e-02
