1.235299e-02
7.694862e-03
2.792991e-02
1.863539e-02
9.138659e-03
2.368957e-02
1.822075e-02
1.299691e-02
1.026528e-02
7.655904e-03
3.701998e-03
1.138769e-03
6.721859e-03
2.303091e-03
-3.377724e-03
3.655699e-03
2.468240e-06
3.074397e-03
-6.467662e-03
1.152939e-02
-1.670881e-03
-1.766165e-03
-1.059738e-02
-6.420880e-03
-7.298212e-03
-7.190612e-03
3.503015e-03
-3.346284e-03
1.166831e-03
9.483885e-04
2.422570e-03
-4.532198e-03
-9.985967e-03
-1.916779e-05
4.850904e-04
6.115050e-03
5.494276e-03
-1.039657e-02
1.192008e-02
4.137516e-03
-3.592874e-02
-4.314911e-02
-3.013226e-02
1.685685e-03
-1.770107e-02
-1.983129e-02
-1.388065e-02
-1.720292e-02
-1.592888e-02
-4.209928e-02
5.236683e-02
6.681091e-02
