-1.719341e-04
2.006034e-02
9.389978e-03
4.000960e-02
1.613403e-02
1.142702e-02
-8.566607e-04
1.555747e-02
1.313489e-02
2.202007e-02
5.578518e-04
1.725427e-03
-1.204083e-03
1.674009e-03
-4.531728e-03
5.830447e-03
-3.033707e-02
-1.673153e-02
-5.064517e-03
1.318166e-03
-1.115243e-03
3.279782e-03
-7.166966e-03
9.785900e-04
6.467162e-03
-1.396994e-02
6.004520e-03
-5.198125e-03
-4.231816e-04
2.200922e-03
-6.809563e-03
-1.307785e-02
2.076087e-03
-6.154926e-03
6.202907e-04
3.954273e-03
-1.097644e-02
-5.271167e-03
7.756218e-03
-6.050868e-04
-1.625264e-02
-2.110908e-02
-2.869538e-02
-6.817977e-03
-8.705940e-03
-8.769322e-03
-2.961179e-02
-2.369898e-02
-1.913796e-02
-2.215199e-02
5.700880e-02
8.156456e-02
