1.925696e-02
7.791283e-03
3.085768e-02
4.278228e-02
2.523356e-02
8.473090e-03
1.627382e-02
7.865541e-03
4.647619e-03
1.344781e-02
2.234104e-03
2.206241e-03
8.525888e-03
-6.627007e-03
-2.889810e-02
5.476769e-03
-4.750530e-03
3.184052e-03
-1.571720e-03
-5.638469e-04
1.563594e-02
-1.562203e-03
-5.311900e-04
-2.347774e-02
-2.009452e-02
9.737463e-03
5.390828e-03
-1.474859e-03
-1.205125e-02
-4.735181e-03
-9.185001e-03
-5.872269e-03
3.717831e-03
8.835420e-04
-4.166035e-03
-8.529398e-03
1.622264e-02
-4.876227e-03
7.982479e-04
1.570371e-03
-6.421090e-03
-2.023076e-02
-1.843461e-02
-1.312390e-02
-1.631244e-02
-1.199411e-02
-1.457792e-02
-2.588567e-02
-2.354335e-02
-1.069467e-02
7.910060e-02
7.447215e-02
