1.367830e-02
4.082167e-02
5.839376e-03
1.782562e-02
1.929278e-02
1.101619e-02
9.966362e-03
8.794410e-03
2.758213e-02
1.747085e-02
7.245735e-03
2.858024e-02
-1.645987e-03
-3.858813e-02
1.477587e-03
-1.826401e-02
4.618590e-03
-1.895913e-02
-1.087431e-02
-8.045574e-04
7.838551e-03
-7.987961e-03
-4.499016e-04
-1.438442e-02
-2.013761e-03
1.279946e-03
1.494062e-03
-1.166351e-02
-5.066100e-04
5.633325e-03
-3.860411e-02
-6.248222e-03
-1.312379e-02
5.492159e-03
-1.329099e-02
3.385687e-03
2.016130e-03
5.991623e-03
-2.661167e-02
2.982948e-03
-2.510444e-02
-1.584511e-02
-2.646602e-02
-4.229444e-02
-4.442625e-02
-1.889592e-02
-2.463360e-02
-1.314835e-02
-3.237357e-02
-2.506731e-02
2.718184e-02
-1.019765e-03
