-9.929940e-04
1.851743e-02
1.115896e-02
4.142006e-02
1.616627e-02
9.437991e-03
-3.100998e-03
1.471903e-02
1.176001e-02
2.207283e-02
-5.189373e-03
-3.067370e-03
-1.868564e-03
4.059506e-03
-5.628373e-03
6.187065e-03
-2.359677e-02
-1.504102e-02
-5.583233e-03
4.152812e-04
-1.652970e-03
2.692313e-03
-1.093831e-02
-7.043803e-03
6.882560e-03
-1.394207e-02
6.760282e-03
-4.090848e-03
-2.154413e-03
-1.245409e-03
-7.432417e-03
-2.066507e-02
4.041605e-03
-5.831362e-03
8.453852e-04
2.000745e-03
-1.262516e-02
-1.506575e-04
5.726796e-03
-3.133054e-04
-1.618789e-02
-2.414822e-02
-2.271661e-02
-8.009000e-03
-3.801711e-03
-9.478057e-03
-3.121445e-02
-2.432441e-02
-2.497051e-02
-1.654657e-02
4.248595e-02
6.493193e-02
