1.270423e-02
2.578370e-02
1.631188e-02
-6.911062e-03
1.651809e-02
1.170996e-02
8.092256e-03
2.349067e-02
1.998649e-02
1.664864e-02
8.867478e-04
6.936557e-03
-1.235572e-03
-9.606915e-03
1.388521e-02
-2.737608e-03
-1.251214e-04
-2.234669e-02
-1.837961e-02
1.250137e-03
-4.232551e-03
5.109301e-04
1.100952e-03
-5.033885e-03
-8.115492e-03
5.841261e-03
-8.086180e-03
6.668671e-03
4.358241e-03
-2.487127e-03
2.138676e-03
-6.172164e-04
-8.674766e-03
8.331981e-03
-3.484007e-04
4.920625e-03
-7.903447e-03
-1.844580e-02
1.069100e-03
-3.910397e-03
-8.316862e-03
-1.749813e-02
-7.687943e-03
-2.727429e-02
-9.786195e-03
-2.502614e-02
-1.460266e-02
-2.043544e-02
-2.604809e-02
-2.166325e-02
8.845252e-02
7.849394e-02
