1.437709e-02
1.528399e-02
1.451315e-02
-1.042278e-03
1.470815e-02
1.988830e-02
1.595421e-02
3.837341e-04
1.639762e-02
2.272437e-02
1.060114e-02
2.890929e-03
-5.264008e-03
3.907347e-03
-8.392626e-04
1.494021e-03
-6.705435e-03
2.445561e-03
-4.814923e-03
-2.005428e-02
1.281755e-03
6.182429e-03
3.756839e-03
-1.228845e-03
-4.478427e-03
-3.779740e-02
1.270813e-03
-4.376929e-03
-8.912579e-03
-2.087061e-02
-1.697289e-02
-4.587552e-03
-2.350004e-02
-2.604176e-03
-2.566394e-02
-1.287436e-03
-2.290920e-04
1.232017e-02
-1.165668e-02
6.365635e-03
-2.229814e-02
-1.085620e-02
-1.209911e-02
-1.979536e-02
-1.716780e-02
-4.124942e-02
-8.633217e-03
-1.878655e-02
-4.680043e-02
-1.543134e-02
9.506584e-02
9.071236e-02
