1.739663e-02
8.735220e-03
1.871347e-02
3.248026e-02
1.937594e-02
5.484502e-03
1.276038e-02
6.953964e-03
7.876355e-03
1.182043e-02
-4.613631e-04
6.400292e-03
2.325146e-02
-4.094288e-04
-1.863166e-02
7.224253e-03
-8.126027e-03
1.294373e-03
-5.024551e-03
3.205203e-03
9.367838e-03
1.440772e-03
1.421597e-03
-1.510311e-02
-1.010877e-02
-8.870197e-04
-2.082646e-03
2.696499e-03
-6.099477e-03
-4.533522e-03
-3.420659e-02
-1.572888e-03
3.795390e-03
1.411468e-03
-7.683806e-03
-9.076061e-03
1.075669e-02
-2.383980e-03
2.483300e-03
-4.683947e-04
-1.223562e-02
-1.346568e-02
-1.098040e-02
-1.361826e-02
-1.637002e-02
-1.230188e-02
-2.150069e-02
-2.668482e-02
-1.259423e-02
-3.221043e-02
7.184265e-02
7.387535e-02
