3.738377e-03
1.683410e-02
9.130315e-03
3.057928e-02
1.544190e-02
1.599011e-02
3.893242e-03
1.267227e-02
1.116644e-02
2.194283e-02
-3.913069e-03
2.481665e-03
-1.543942e-03
3.158938e-03
-5.589063e-03
6.593465e-03
-2.977257e-02
-1.614186e-02
-3.963137e-03
-2.121620e-03
4.399231e-03
1.435972e-03
-6.417728e-03
2.110997e-03
6.715738e-03
-2.215452e-02
7.053519e-03
-6.591538e-03
-2.397793e-03
-2.234261e-03
-2.309983e-03
-1.258833e-02
-1.495222e-03
-7.367643e-03
-2.490736e-03
5.662740e-03
-1.323363e-02
1.274889e-03
4.399617e-03
1.648761e-03
-1.918488e-02
-2.329095e-02
-3.168324e-02
-1.681380e-02
-4.252729e-03
-7.441249e-03
-3.817269e-02
-2.112754e-02
-1.695002e-02
-1.195982e-02
6.510750e-02
6.838281e-02
