8.966885e-03
2.492954e-03
2.000982e-02
4.046173e-02
1.380397e-02
7.463436e-04
2.228891e-02
8.054411e-03
-4.982239e-03
1.708805e-02
-2.375826e-03
1.467537e-02
4.139238e-02
6.054928e-04
-1.723590e-02
1.035113e-03
2.441201e-04
1.982729e-03
-2.483730e-03
-1.912938e-05
1.101314e-02
4.114815e-03
-1.462862e-02
-1.656815e-02
-2.420354e-02
9.577325e-03
-2.660450e-03
1.577782e-03
-1.156446e-02
2.364842e-03
-9.481098e-02
-4.382620e-03
4.778017e-03
1.280056e-03
-5.814325e-03
-1.424613e-02
1.743993e-02
-1.133080e-02
2.347986e-03
-5.097543e-03
-2.138253e-03
-3.233681e-02
-2.216646e-02
1.003784e-03
-1.731521e-02
-2.245372e-02
-1.737697e-02
-2.581306e-02
-1.296272e-02
-4.984150e-02
4.912628e-02
2.759058e-02
