1.660933e-02
1.842258e-02
5.001575e-03
2.014477e-02
1.847724e-02
1.556004e-02
1.635729e-02
2.340573e-02
2.171195e-02
1.607250e-02
-2.418329e-02
2.508881e-02
-3.557982e-03
3.203233e-02
6.093391e-03
2.564140e-03
-1.714632e-02
-3.455748e-04
-2.425897e-02
1.898187e-02
-1.365878e-02
-3.241515e-02
3.701496e-03
-2.377441e-02
-1.478463e-03
-1.642376e-02
-2.946540e-05
-5.750620e-03
-1.720648e-02
-1.316031e-02
-9.278646e-04
-2.419154e-03
-4.814832e-03
4.089563e-03
-2.850164e-02
-4.351031e-03
5.714310e-03
1.196197e-02
1.333232e-03
-3.880659e-03
-1.028826e-02
4.742485e-03
-2.445917e-02
-1.430532e-02
4.151772e-03
-1.492345e-02
-2.929790e-02
-2.320352e-02
-1.903934e-02
-9.548221e-03
9.814478e-02
4.499639e-02
