1.359331e-02
2.829011e-02
1.714898e-02
-6.536067e-03
1.733199e-02
1.337658e-02
7.285663e-03
3.045112e-02
2.212580e-02
1.946412e-02
1.291035e-03
6.064861e-03
-2.199073e-03
-9.587835e-03
1.175773e-02
-3.353849e-03
5.537159e-03
-2.019919e-02
-1.740881e-02
1.575004e-03
-6.353665e-03
1.591483e-03
9.787812e-04
-7.522384e-03
-9.889123e-03
6.938608e-03
-8.580714e-03
7.449584e-03
9.583628e-03
-1.605667e-03
1.306193e-03
-7.029397e-05
-1.049440e-02
8.291778e-03
-2.804038e-03
4.130979e-03
-5.587672e-03
-2.317038e-02
-4.757898e-04
-4.688092e-03
-8.559138e-03
-1.725015e-02
-5.503118e-03
-3.695731e-02
-8.962627e-03
-2.293841e-02
-2.122879e-02
-1.716287e-02
-2.912676e-02
-2.529713e-02
8.360596e-02
7.783981e-02
