3.140133e-03
1.488771e-02
1.451268e-02
1.283658e-02
6.190677e-03
3.227784e-02
1.709167e-02
8.282067e-03
1.836622e-02
1.356263e-02
-4.033948e-03
1.914782e-03
-3.821009e-03
-1.052433e-02
-1.065268e-03
1.495476e-03
4.398665e-03
2.965571e-03
-1.339169e-02
-2.215496e-03
-3.771626e-03
1.120777e-03
-1.080495e-02
-4.953883e-03
-5.214839e-03
9.642199e-04
-2.780376e-02
-9.365782e-03
-5.602155e-03
-4.716649e-04
-6.397244e-03
-6.759581e-04
-6.729163e-03
-6.050985e-03
-1.629023e-02
-2.664459e-02
3.081747e-03
-3.134408e-03
-6.522095e-03
-1.928302e-02
-6.533192e-02
-1.963823e-02
-1.268109e-02
-3.904059e-02
-1.044048e-02
-1.905068e-02
-3.508487e-03
-1.032090e-02
-2.478116e-03
-1.807437e-02
5.312669e-02
6.150813e-02
