1.350898e-02
1.146834e-01
3.884538e-02
2.077009e-02
2.097606e-02
3.815888e-03
1.417531e-03
2.891155e-02
1.603315e-02
2.147895e-02
1.453290e-02
-1.382885e-02
1.114829e-03
-9.978585e-03
1.336441e-02
-2.000000e-01
8.332437e-03
-1.996286e-02
-2.974580e-02
-8.630844e-03
4.669218e-02
-3.201024e-02
9.414214e-03
-2.891554e-03
-2.671400e-03
-1.421325e-03
-2.772760e-02
1.160375e-02
9.892786e-03
5.252911e-03
4.029712e-03
2.887903e-03
-3.215333e-02
2.151413e-03
-1.706596e-02
5.365022e-04
1.640929e-02
-2.659358e-02
-9.107757e-04
5.770465e-03
2.450301e-03
-6.539674e-02
-1.793832e-02
-3.635010e-02
-5.949702e-02
-1.758437e-02
-9.318365e-03
-1.970329e-02
-1.655950e-02
-4.360558e-02
-4.631661e-02
6.027376e-02
