1.860858e-02
1.524020e-02
7.694403e-03
1.408616e-02
1.448981e-02
1.110473e-02
1.130756e-02
2.606346e-02
1.548473e-02
1.032557e-02
-1.935477e-02
5.871842e-03
-4.122625e-03
1.549075e-02
7.710511e-03
-7.036090e-03
-1.031716e-02
2.297609e-03
-1.739340e-02
6.290533e-03
-6.721800e-03
-6.901713e-03
-2.294499e-03
-2.809011e-02
-6.182310e-03
-1.264114e-02
-2.300622e-03
-1.257250e-02
-1.799743e-02
-5.437288e-03
-1.272703e-02
-1.737439e-02
-5.015965e-03
2.348247e-03
-2.672511e-02
-1.152137e-02
5.729255e-03
1.068553e-02
1.791298e-04
-9.617232e-03
-1.718364e-02
-1.572181e-03
-2.267830e-02
-3.465514e-02
-2.194829e-04
-1.059575e-02
-4.679185e-02
-6.026730e-03
-4.079541e-02
-1.081093e-02
5.154175e-02
4.059598e-02
