1.269603e-02
2.143909e-02
1.828853e-02
-1.241452e-02
1.536232e-02
1.244785e-02
9.468866e-03
2.469974e-02
1.925642e-02
1.966332e-02
-8.383245e-04
6.854093e-03
-2.873052e-03
-1.269131e-02
1.480132e-02
-3.486913e-03
2.076656e-03
-2.379077e-02
-2.396741e-02
-6.993265e-04
-2.274700e-03
5.536839e-03
2.738229e-03
-5.359191e-03
-1.006429e-02
8.164792e-03
-4.558159e-03
3.849567e-03
2.269166e-03
-2.717850e-03
-3.238662e-03
-9.936195e-04
-1.207079e-02
8.308022e-03
7.647348e-04
2.782369e-03
-1.019819e-02
-7.030510e-03
4.720857e-03
-3.998266e-03
-1.216204e-02
-1.534697e-02
-7.683580e-03
-3.398975e-02
-1.697216e-02
-1.350053e-02
-2.324451e-02
-2.581681e-02
-2.438343e-02
-2.190436e-02
9.466696e-02
7.536069e-02
