2.960381e-03
1.600797e-02
2.563961e-02
1.823594e-02
6.664652e-03
3.277645e-02
1.643007e-02
1.502896e-02
1.900854e-02
1.491427e-02
-7.607899e-03
7.182961e-03
-4.423976e-03
-1.523904e-02
-7.070548e-03
-4.339410e-03
9.082401e-03
-2.973913e-04
-1.626986e-02
-1.933520e-03
-2.556524e-03
-3.517048e-04
-1.899206e-02
-5.699260e-03
5.026395e-03
3.656618e-03
-1.484762e-02
-5.948754e-03
-1.410659e-03
7.284810e-03
-6.017877e-03
-1.848504e-03
-1.200453e-02
-1.719347e-02
-2.183536e-02
-2.655714e-02
2.026430e-03
-2.621419e-03
-3.007690e-03
-2.813954e-02
-4.587742e-02
-1.855132e-02
-8.278801e-03
-4.423532e-02
-9.051807e-03
-1.446023e-02
-6.414366e-03
-7.202733e-03
-3.690658e-03
-1.577760e-02
8.233284e-02
8.002828e-02
