1.230694e-02
1.000366e-02
2.834876e-02
1.875085e-02
7.209907e-03
2.392175e-02
1.973927e-02
1.075684e-02
1.612056e-02
1.296099e-02
4.559076e-03
3.674239e-03
4.353186e-03
2.002048e-03
-8.394832e-03
2.325872e-03
-4.547712e-04
4.055160e-03
-4.430907e-03
1.273679e-02
-1.197745e-03
-3.325380e-04
-4.278462e-03
-1.021644e-02
-9.026191e-03
-9.236831e-03
3.008501e-03
-3.645385e-03
2.929760e-03
-2.055347e-03
-2.292291e-03
-1.792739e-03
-5.964431e-03
6.758278e-04
-8.991461e-04
7.640086e-03
5.957952e-03
-1.014981e-02
1.340013e-02
3.736198e-03
-3.589327e-02
-4.704828e-02
-2.299251e-02
4.859342e-04
-2.200322e-02
-2.092694e-02
-1.481247e-02
-1.454270e-02
-1.543439e-02
-3.835384e-02
7.221680e-02
7.837091e-02
