7.792003e-03
6.844100e-02
1.624264e-02
1.122889e-02
1.534878e-02
6.512663e-03
9.271195e-04
2.450089e-02
1.800325e-02
2.030662e-02
3.582344e-03
-3.474949e-03
5.579859e-03
-2.722904e-03
7.878690e-03
-2.829703e-02
4.411249e-03
-7.817081e-03
-6.819718e-03
-1.009261e-02
8.619176e-03
-1.442717e-02
-2.278300e-04
-6.574516e-03
9.952909e-03
-2.721260e-03
-2.064611e-02
6.109514e-03
9.686089e-03
-3.904596e-03
-1.289197e-03
4.881607e-03
2.082123e-03
-7.178578e-04
-4.281896e-03
4.336877e-03
5.769557e-03
8.158443e-06
1.478233e-03
7.139169e-03
-5.292732e-03
-1.471415e-02
-1.414603e-02
-2.383373e-02
-7.547620e-03
-4.422222e-02
-1.896745e-02
-1.404950e-02
-2.029619e-02
-9.023295e-03
-1.233694e-02
3.748705e-02
