1.175662e-02
1.003041e-02
1.700074e-02
1.565257e-02
8.201887e-03
2.464191e-02
1.852000e-02
1.713651e-02
1.594086e-02
8.290307e-03
2.064477e-03
2.486116e-03
5.758787e-03
1.468475e-03
-9.864288e-03
2.689860e-03
3.053105e-04
1.361831e-03
-5.379675e-03
9.160155e-03
-1.078996e-03
4.910586e-03
-3.689915e-03
-9.790311e-03
-1.439182e-02
-1.072961e-02
2.707024e-03
-7.060446e-03
4.171708e-04
-3.931436e-03
7.632697e-04
1.262375e-03
-1.610636e-03
2.400497e-03
-1.054956e-03
1.055535e-02
6.269885e-03
-8.680455e-03
1.315082e-02
2.877093e-03
-3.213865e-02
-4.670433e-02
-2.235310e-02
-1.884677e-03
-2.339090e-02
-2.220221e-02
-1.494762e-02
-1.289002e-02
-1.279757e-02
-3.849674e-02
6.218693e-02
6.612044e-02
