1.943574e-02
4.917051e-02
7.411771e-03
1.872802e-02
1.513848e-02
1.674417e-02
1.240602e-02
1.211608e-02
2.470034e-02
1.750913e-02
5.560092e-03
2.277288e-02
-4.592010e-04
-1.247480e-02
-2.781193e-03
-1.838286e-02
4.016590e-03
-9.876372e-04
-6.972297e-03
1.214601e-03
7.879555e-03
-4.639538e-03
5.574442e-03
-1.044174e-02
-1.713822e-03
-6.430547e-04
1.110343e-03
-2.474036e-03
-9.778761e-04
1.914666e-03
-3.772337e-02
-4.350510e-03
-6.012474e-03
-3.768069e-03
-7.920794e-03
1.945416e-03
6.683876e-03
8.194736e-03
-1.587031e-02
2.386898e-03
-2.391268e-02
-1.544082e-02
-1.785432e-02
-2.373812e-02
-4.564429e-02
-2.847251e-02
-3.125533e-02
-1.078774e-02
-1.424444e-02
-2.883320e-02
5.296455e-02
3.444354e-02
