1.268771e-02
1.003222e-02
3.019198e-02
1.824307e-02
8.794594e-03
2.402244e-02
1.997965e-02
1.069978e-02
1.139529e-02
1.436205e-02
5.802154e-03
4.821688e-03
5.572518e-03
4.812233e-03
-9.745727e-03
1.773258e-03
-6.729203e-04
6.494214e-03
-4.289301e-03
1.323071e-02
-8.400257e-04
-1.170496e-03
-3.427636e-03
-1.027540e-02
-9.798008e-03
-9.475909e-03
3.894370e-03
-3.610182e-03
2.813064e-03
-2.484580e-03
-2.802264e-03
-1.477732e-03
-6.559811e-03
4.457958e-04
-1.275358e-03
8.263887e-03
6.056932e-03
-1.117662e-02
1.250975e-02
3.333282e-03
-3.405903e-02
-3.956702e-02
-2.224494e-02
8.965671e-04
-2.231663e-02
-2.022797e-02
-1.455740e-02
-1.234761e-02
-1.426823e-02
-3.646828e-02
7.097583e-02
7.435076e-02
