1.401907e-02
1.384105e-02
1.810975e-02
-4.330249e-04
1.528910e-02
1.952676e-02
1.700578e-02
-1.514355e-03
1.612473e-02
2.265426e-02
1.124659e-02
2.132465e-03
-6.103519e-03
4.158782e-03
-3.663988e-03
1.426373e-03
-8.162555e-03
3.347482e-03
-4.854519e-03
-1.414115e-02
1.309573e-03
5.738058e-03
2.455553e-03
-8.184950e-04
-4.077127e-03
-4.184511e-02
2.349011e-03
-3.764836e-03
-6.274890e-03
-1.771976e-02
-1.753242e-02
-4.526520e-03
-2.037949e-02
-1.877914e-03
-2.554929e-02
-2.559836e-03
-2.146677e-04
1.126141e-02
-1.042971e-02
4.576773e-03
-2.158711e-02
-1.201956e-02
-9.990386e-03
-1.550997e-02
-1.707331e-02
-3.463366e-02
-8.507425e-03
-1.633537e-02
-4.166941e-02
-1.263913e-02
9.123518e-02
8.307265e-02
