1.966118e-02
4.122645e-02
8.753696e-03
1.897998e-02
1.620671e-02
1.662454e-02
1.309932e-02
1.279394e-02
2.753296e-02
1.702805e-02
5.254376e-03
3.250600e-02
-2.216122e-03
-1.544338e-02
-4.602297e-04
-1.379970e-02
5.187613e-03
-2.549912e-03
-4.892772e-03
1.009546e-03
1.180477e-02
-5.669885e-03
3.636673e-03
-1.202082e-02
-8.992732e-04
-1.622249e-04
2.424003e-03
9.675231e-04
-2.654676e-04
8.664630e-04
-3.782619e-02
-4.119352e-03
-8.772198e-03
-2.643956e-03
-1.023426e-02
1.052173e-03
5.802474e-03
8.811812e-03
-1.609674e-02
3.019321e-03
-2.788648e-02
-1.363384e-02
-2.109925e-02
-3.099099e-02
-4.669356e-02
-3.020224e-02
-2.939187e-02
-1.521926e-02
-9.324656e-03
-2.767668e-02
6.523720e-02
4.161434e-02
