1.179657e-02
8.093973e-03
4.359621e-02
2.069739e-02
1.022628e-02
2.742243e-02
1.802367e-02
-8.068143e-03
1.501167e-02
1.341426e-02
1.123236e-02
4.112709e-03
8.873244e-03
-1.801846e-04
-3.329254e-02
1.867260e-03
-2.660859e-04
5.112242e-03
3.283987e-04
1.143914e-02
-1.107043e-03
-3.166530e-03
-1.269892e-02
-1.309269e-02
-1.335306e-02
-2.311005e-02
-2.915535e-03
-9.228956e-03
-3.129619e-04
-1.827390e-03
-1.205796e-02
-4.142838e-03
-1.390227e-02
-5.260131e-03
-4.051552e-03
5.597022e-03
4.460684e-03
-8.045228e-03
1.578978e-02
3.324351e-03
-2.835335e-02
-3.657918e-02
-4.687605e-02
-4.611829e-03
-5.186495e-02
-2.081482e-02
-1.718063e-02
-2.176510e-02
-8.237272e-03
-5.137194e-02
5.995870e-02
1.082300e-01
