2.047794e-02
-7.398220e-03
3.408137e-02
2.314757e-02
1.872432e-02
1.345100e-02
1.931715e-02
1.093269e-02
1.437627e-02
1.121979e-02
-3.444636e-03
-6.704730e-03
6.416928e-04
-1.342366e-02
-3.195844e-03
-5.177252e-03
-5.248182e-03
4.429662e-03
-1.015142e-02
3.780781e-03
-1.275195e-02
7.381133e-03
-1.753783e-03
-4.019836e-03
3.989555e-03
-1.375045e-02
2.996270e-03
-4.156377e-03
-3.233735e-03
3.588254e-03
3.327628e-03
-7.253361e-03
4.240218e-04
-4.034759e-03
-1.421958e-02
-4.183854e-03
-7.150843e-04
4.846191e-03
5.114194e-03
-6.716882e-05
-3.184000e-02
-3.721625e-02
-1.810755e-02
-9.208413e-03
-5.794363e-02
-1.199546e-02
-2.088862e-02
-3.985038e-02
-9.778937e-03
-1.779359e-02
6.703253e-02
9.196970e-02
