8.638800e-03
7.296371e-02
1.671142e-02
1.369977e-02
1.341885e-02
1.133071e-02
-4.508597e-03
2.176814e-02
1.511441e-02
2.555457e-02
8.546291e-03
-5.393585e-03
7.538626e-03
-3.782024e-03
5.188346e-03
-2.980085e-02
-1.013239e-03
-8.321835e-03
-1.120742e-02
-9.432473e-03
1.078951e-02
-1.128597e-02
6.684287e-03
-5.763755e-03
5.960005e-03
-4.180477e-03
-1.964693e-02
6.964661e-03
1.358636e-02
-1.037688e-03
3.387454e-03
2.822861e-03
-2.644221e-03
1.615805e-04
-7.155771e-03
-8.227035e-04
6.034157e-03
-3.684429e-03
3.938662e-04
4.162491e-03
-7.972731e-03
-1.695499e-02
-1.550225e-02
-1.897571e-02
-1.776666e-02
-3.704956e-02
-5.776016e-03
-2.016484e-02
-1.554933e-02
-1.678804e-02
4.712832e-02
7.579079e-02
