1.985227e-02
-4.790346e-03
3.197682e-02
2.239400e-02
1.784200e-02
1.346972e-02
1.880042e-02
1.107868e-02
1.429883e-02
1.036125e-02
-4.897527e-03
-6.600744e-03
3.810193e-04
-1.104796e-02
-3.301412e-03
-3.865449e-03
-5.057139e-03
5.218883e-03
-1.071381e-02
3.806101e-03
-1.252731e-02
2.093713e-03
-7.302432e-04
-1.792200e-03
1.983079e-03
-1.037031e-02
6.641939e-04
-3.368933e-03
-4.603455e-03
3.323711e-03
2.360194e-03
-6.132586e-03
-3.235721e-04
-3.831050e-03
-1.415353e-02
-1.645050e-03
1.487751e-03
4.156589e-03
3.644863e-03
3.434164e-03
-2.998168e-02
-3.679399e-02
-1.730670e-02
-6.338457e-03
-5.318580e-02
-1.101580e-02
-2.372432e-02
-3.094541e-02
-1.581567e-02
-1.687226e-02
6.236123e-02
8.888138e-02
