1.958369e-02
4.288509e-02
1.026399e-02
1.322968e-02
2.359619e-02
5.366607e-03
1.756597e-02
1.834381e-02
9.973419e-03
1.769821e-02
-7.340632e-03
-1.375660e-03
1.071177e-02
-1.630139e-03
3.834122e-03
1.814682e-03
2.288497e-03
6.522715e-05
-4.321027e-03
1.663609e-04
2.277675e-03
5.644022e-03
6.416685e-03
7.162665e-05
-1.105345e-02
-8.441427e-04
-2.579095e-03
-1.087184e-02
-2.307810e-02
-5.695329e-03
-1.015526e-02
-1.363531e-02
-4.733001e-04
-6.208902e-03
-6.701950e-03
2.976954e-03
-6.546522e-03
-1.011275e-02
-4.542835e-03
-1.609572e-02
-6.082916e-03
-1.165731e-02
-4.161942e-02
-5.633868e-02
-4.981346e-02
-3.670386e-02
-2.020535e-02
-1.334326e-02
-2.000000e-01
-1.201376e-03
8.941694e-03
4.555958e-02
