4.297940e-03
1.611003e-02
1.714385e-02
1.397935e-02
4.709941e-03
3.944607e-02
1.826407e-02
1.113482e-02
1.850263e-02
1.405735e-02
-2.603518e-03
2.330254e-03
-3.483876e-03
-9.533896e-03
-5.020849e-03
2.921805e-03
5.625788e-03
2.631576e-03
-1.572361e-02
-1.525517e-03
-3.139040e-03
6.437300e-04
-7.980850e-03
-5.436074e-03
-1.419037e-03
2.370973e-03
-2.228585e-02
-1.005780e-02
-4.258670e-03
1.528205e-03
-6.502974e-03
-1.836410e-04
-3.619170e-03
-5.923046e-03
-1.606673e-02
-2.407820e-02
2.770301e-03
-1.228812e-03
-6.042625e-03
-2.033011e-02
-5.005181e-02
-1.755483e-02
-1.419880e-02
-3.067905e-02
-9.251303e-03
-1.840357e-02
-3.754423e-03
-1.030425e-02
-3.877279e-03
-1.352637e-02
7.914964e-02
8.018922e-02
