1.748614e-02
2.418868e-02
1.255056e-02
1.525170e-02
1.551720e-02
1.595276e-02
9.905178e-03
2.536149e-02
1.780505e-02
4.529198e-03
-2.549685e-02
3.027735e-04
-9.276778e-03
2.253397e-02
5.704634e-03
1.182590e-03
-1.135536e-02
2.022185e-03
-3.249427e-02
8.885569e-03
-2.233613e-02
-3.162571e-02
6.178469e-04
-2.840676e-02
-2.309547e-03
-1.574742e-02
4.880362e-03
-3.834688e-03
-1.532511e-02
-1.440839e-02
-1.952136e-02
-5.808019e-03
1.831351e-03
4.744737e-03
-1.624892e-02
-1.744258e-02
1.201689e-02
1.162833e-02
2.044105e-03
-2.105609e-02
-9.122976e-03
-8.364518e-03
-5.225839e-02
-3.025457e-02
7.594938e-04
-1.741196e-02
-2.831215e-02
-1.538588e-02
-1.422616e-02
-1.523697e-02
3.879662e-02
3.446924e-02
