6.297591e-04
1.948986e-02
9.491262e-03
4.033754e-02
1.611034e-02
1.028400e-02
2.462802e-03
1.525694e-02
1.177828e-02
2.327821e-02
7.526670e-05
2.394514e-03
-9.879675e-04
2.899954e-03
-4.824247e-03
6.269040e-03
-2.875684e-02
-1.570590e-02
-4.120246e-03
-6.240633e-04
3.162602e-04
3.700131e-03
-5.617544e-03
1.477995e-03
5.921545e-03
-1.441475e-02
6.543340e-03
-7.522174e-03
-9.604137e-05
1.260913e-03
-1.896936e-03
-1.410844e-02
2.397773e-03
-7.129198e-03
-3.680537e-03
4.498199e-03
-1.092877e-02
-7.418894e-03
6.690431e-03
-3.653218e-04
-1.763816e-02
-1.957038e-02
-2.215802e-02
-9.963560e-03
-6.125513e-03
-1.859360e-02
-3.334096e-02
-2.410654e-02
-1.906649e-02
-1.856937e-02
5.818290e-02
7.883548e-02
