9.119365e-03
9.455889e-03
1.601252e-02
1.366369e-02
7.438117e-03
1.787345e-02
2.142689e-02
8.677733e-03
1.386137e-02
8.586647e-03
-2.159877e-03
1.050722e-03
9.209670e-03
1.784496e-03
-4.826947e-03
1.698768e-03
1.382969e-03
-3.380990e-03
-5.829887e-03
1.100475e-02
-2.094857e-04
3.904982e-03
-5.528524e-03
-6.354212e-03
-1.247983e-02
-1.162806e-02
4.853236e-03
-6.964043e-03
-2.196120e-03
-2.971022e-03
-3.612870e-03
-6.044277e-03
-1.593097e-03
2.945299e-03
-4.883183e-03
9.257358e-03
4.826472e-03
-8.820632e-03
1.074994e-02
5.447830e-03
-3.942149e-02
-4.594415e-02
-1.844470e-02
-3.756492e-03
-2.415403e-02
-1.920134e-02
-1.014404e-02
-1.341056e-02
-1.472405e-02
-6.530425e-02
3.373833e-02
4.571253e-02
