3.039377e-03
2.024071e-02
1.072329e-02
4.028996e-02
1.881545e-02
9.638837e-03
2.674565e-04
1.673258e-02
1.146055e-02
2.634449e-02
-1.152291e-03
2.922961e-03
-1.794604e-03
2.610074e-03
-5.465005e-03
6.649456e-03
-3.244097e-02
-1.533997e-02
-4.475989e-03
-3.623764e-03
9.478809e-04
5.338025e-03
-1.444854e-03
3.272302e-03
5.326596e-03
-1.443878e-02
6.347116e-03
-5.005722e-03
1.741137e-03
-1.881381e-03
5.322648e-03
-1.601038e-02
3.181517e-03
-8.137340e-03
-3.770135e-03
5.668832e-03
-1.175185e-02
-4.365456e-03
7.596755e-03
-5.188544e-04
-1.828811e-02
-2.635427e-02
-1.552764e-02
-1.319441e-02
-3.662508e-03
-2.723016e-02
-2.926830e-02
-2.241529e-02
-2.092701e-02
-1.717836e-02
5.394117e-02
7.810722e-02
