1.285306e-02
1.302909e-02
1.864467e-02
4.594793e-02
6.378191e-03
-1.315641e-03
2.388939e-02
3.794687e-02
4.940951e-04
1.412761e-02
2.249477e-02
-1.566405e-02
2.405720e-02
-1.445865e-02
-6.248913e-03
1.690308e-02
-2.295443e-03
9.264232e-03
-5.148580e-03
7.680266e-03
2.821917e-02
1.055066e-02
-1.034595e-04
-2.879169e-02
-2.536431e-02
8.934647e-03
5.642540e-03
-3.298796e-03
-2.917786e-02
1.637993e-02
-4.264839e-02
-9.094032e-03
-1.033669e-02
-5.234984e-03
-1.080009e-02
-1.139407e-02
2.124497e-05
-1.868344e-03
8.325224e-03
-1.288047e-03
-1.888475e-02
1.040933e-02
-4.071946e-02
4.946130e-03
-4.321371e-03
-2.611453e-02
-2.049760e-02
-2.240118e-02
-3.748135e-02
-1.301963e-02
4.938279e-02
5.617292e-02
