1.347286e-02
1.386270e-02
1.791552e-02
1.779277e-03
1.694776e-02
1.994566e-02
1.838974e-02
-3.107439e-04
1.781263e-02
1.650325e-02
1.065006e-02
9.139714e-04
-5.055214e-03
7.721399e-03
-5.334301e-03
4.540637e-04
-6.124847e-03
4.881868e-03
-4.280726e-03
-1.602177e-02
2.462153e-03
6.592972e-03
2.759714e-03
6.117562e-03
-2.158491e-04
-3.600771e-02
7.144918e-04
1.910804e-03
-6.970683e-03
-2.103630e-02
-1.751646e-02
-2.470484e-04
-1.782718e-02
-7.081551e-05
-2.470314e-02
-5.139296e-03
8.915001e-05
1.129567e-02
-1.196552e-02
3.426142e-03
-2.169209e-02
-1.373337e-02
-1.343624e-02
-1.662923e-02
-1.481996e-02
-3.495987e-02
-1.298740e-02
-1.795294e-02
-4.070163e-02
-8.408560e-03
8.632623e-02
8.031997e-02
