6.836682e-03
7.428237e-02
1.597339e-02
1.331113e-02
1.326058e-02
1.138894e-02
-2.259262e-03
2.313301e-02
1.618559e-02
2.194401e-02
7.419126e-03
-4.939551e-03
4.110789e-03
-4.403831e-03
5.267931e-03
-2.911714e-02
3.171699e-04
-7.908907e-03
-1.096307e-02
-7.150416e-03
1.210784e-02
-1.163771e-02
6.052072e-03
-9.649832e-03
4.561849e-03
-1.158575e-03
-1.561121e-02
9.498810e-03
9.046337e-03
1.421366e-03
-9.781393e-03
4.579263e-04
-2.086845e-03
-8.781759e-04
-1.373011e-02
4.351003e-04
5.909209e-03
-7.742118e-03
-3.365273e-03
6.287979e-03
-6.864567e-03
-1.515366e-02
-1.470608e-02
-1.105714e-02
-9.861511e-03
-4.071205e-02
-1.033900e-02
-1.736536e-02
-1.477707e-02
-6.422923e-03
4.131695e-02
6.743525e-02
