5.594394e-03
1.565035e-02
2.330771e-02
1.316419e-02
3.310019e-03
3.454669e-02
1.799350e-02
1.665451e-02
1.722694e-02
1.169695e-02
-1.453359e-03
2.192943e-03
-7.273736e-03
-2.251388e-02
-1.691406e-02
-7.466360e-04
6.326095e-03
2.011403e-03
-3.708373e-02
3.512610e-04
-5.625569e-03
-8.376933e-04
-9.666544e-03
-1.087924e-02
-2.125258e-03
4.458787e-03
-3.807536e-02
-4.344356e-03
-3.538176e-03
5.722276e-04
-7.992761e-03
2.480948e-03
2.472620e-03
-6.958441e-03
-2.258520e-02
-2.450077e-02
-8.723921e-04
1.118589e-03
-5.042488e-03
-4.712445e-02
-3.856899e-02
-1.541802e-02
-1.262722e-02
-4.119720e-02
-2.338145e-03
-2.062373e-02
4.450925e-03
-1.701766e-02
-3.018668e-03
-1.868773e-02
7.985823e-02
8.071262e-02
