1.137753e-03
1.475301e-02
1.414747e-02
1.476860e-02
1.894674e-02
4.073264e-02
1.751044e-02
9.527565e-03
2.329871e-02
1.708925e-02
-7.552113e-03
4.257356e-03
-6.167845e-03
-8.481532e-03
-1.743775e-02
-5.778993e-03
8.057576e-03
2.538607e-03
-7.148718e-03
-9.320564e-03
-8.945822e-03
6.210912e-04
-4.871976e-03
1.446209e-02
-6.695932e-03
-1.733305e-03
-3.069602e-02
-1.384010e-02
-9.197831e-04
1.020730e-03
3.055840e-05
1.015123e-02
3.176855e-04
-1.131512e-02
-1.908701e-02
-2.688651e-02
-5.129515e-04
-3.774432e-04
-1.083414e-02
-1.694079e-02
-4.355438e-02
-2.933916e-02
-2.182850e-02
-2.233414e-02
-1.381439e-02
-3.064798e-02
-1.344443e-02
-2.508349e-02
-9.911480e-03
-1.300675e-02
9.827993e-02
1.026971e-01
