6.127085e-03
7.305579e-02
1.490457e-02
1.253379e-02
1.357903e-02
1.024844e-02
-1.493545e-03
2.152236e-02
1.582799e-02
2.193154e-02
5.995422e-03
-4.966475e-03
6.979668e-03
-4.385282e-03
6.227800e-03
-2.620066e-02
7.001350e-04
-7.467249e-03
-1.058497e-02
-7.554017e-03
9.357322e-03
-1.041862e-02
6.016848e-03
-6.287486e-03
4.850709e-03
-2.595660e-04
-1.429638e-02
7.553460e-03
9.265909e-03
1.557558e-03
-6.587048e-03
1.044885e-05
-3.897101e-04
-5.227398e-03
-7.120287e-03
4.035587e-04
4.327039e-03
-9.841254e-04
-6.508981e-04
4.123211e-03
-8.990592e-03
-1.498319e-02
-1.454116e-02
-1.238658e-02
-1.227325e-02
-3.354320e-02
-1.124866e-02
-1.647412e-02
-1.266771e-02
-1.069485e-02
4.191187e-02
6.687143e-02
