1.581069e-02
2.129395e-02
1.197843e-02
1.456982e-02
1.410535e-02
1.634999e-02
8.410429e-03
2.489837e-02
1.719287e-02
1.214607e-02
-2.501280e-02
6.030561e-03
-4.330686e-03
1.728870e-02
7.064456e-03
-9.284640e-04
-9.981263e-03
3.577823e-03
-1.590680e-02
1.296100e-02
-3.340324e-03
-1.656507e-02
-1.386175e-03
-2.946532e-02
-1.825330e-03
-9.244969e-03
1.938220e-03
-4.914116e-03
-2.214499e-02
-7.569797e-03
-6.391392e-03
-9.935406e-03
-4.438739e-03
4.134550e-03
-2.137166e-02
-1.495433e-02
4.086661e-03
9.983219e-03
-2.042144e-03
-1.168295e-02
-1.108134e-02
-1.906463e-03
-2.750499e-02
-1.844557e-02
-2.550216e-03
-8.973720e-03
-3.991474e-02
-1.139259e-02
-2.507222e-02
-7.850555e-03
8.703171e-02
6.537530e-02
