1.899688e-02
4.561739e-02
7.732894e-03
1.961734e-02
1.559536e-02
1.449700e-02
1.361665e-02
1.272914e-02
2.990412e-02
1.648328e-02
1.803587e-03
3.297131e-02
-3.494266e-03
-1.917662e-02
-9.259571e-04
-1.460568e-02
5.940758e-03
-2.020733e-03
-3.999730e-03
-2.013942e-04
1.290993e-02
-3.638118e-03
4.002876e-03
-1.135246e-02
-1.788032e-03
-1.204204e-03
2.383593e-03
-3.758095e-03
2.681588e-04
7.337328e-04
-3.389457e-02
-4.367802e-03
-6.496026e-03
-3.185161e-03
-2.067081e-03
-9.530318e-04
3.479530e-03
7.584093e-03
-1.571846e-02
2.915284e-03
-2.956493e-02
-9.155961e-03
-2.304284e-02
-2.955920e-02
-4.957498e-02
-2.214046e-02
-2.491325e-02
-1.001401e-02
-1.305885e-02
-2.902184e-02
6.391085e-02
3.463251e-02
