5.667538e-03
7.375040e-02
1.631339e-02
1.446549e-02
1.304870e-02
1.002283e-02
-1.712604e-03
1.754404e-02
1.532414e-02
2.021899e-02
5.530532e-03
-2.668877e-03
8.757646e-03
-2.109075e-03
8.399033e-03
-3.088018e-02
7.164627e-04
-9.729911e-03
-1.109759e-02
-1.040328e-02
8.851890e-03
-1.211196e-02
7.824837e-03
-5.784577e-03
6.409124e-03
-2.834608e-03
-1.502683e-02
9.011576e-03
8.298253e-03
1.629849e-03
-4.882088e-03
7.856025e-05
-7.806596e-04
-7.134958e-03
-7.176064e-03
-2.452630e-03
2.025983e-03
-3.141218e-03
6.890420e-06
5.061691e-03
-8.688236e-03
-1.083840e-02
-1.375620e-02
-1.548029e-02
-6.280087e-03
-3.736566e-02
-1.212945e-02
-1.604795e-02
-1.015133e-02
-1.281149e-02
2.764932e-02
6.188655e-02
