5.868709e-04
1.936761e-02
9.512810e-03
3.995986e-02
1.601018e-02
1.056116e-02
2.385878e-03
1.511593e-02
1.175754e-02
2.303616e-02
-6.981937e-05
2.419740e-03
-7.961777e-04
2.791469e-03
-4.946190e-03
6.315828e-03
-2.915814e-02
-1.551407e-02
-4.179293e-03
-6.713293e-04
5.903290e-04
3.643893e-03
-5.488256e-03
1.283180e-03
6.081085e-03
-1.467294e-02
6.425544e-03
-7.639037e-03
-3.015798e-04
1.068470e-03
-1.851570e-03
-1.427611e-02
2.454286e-03
-6.996651e-03
-3.652317e-03
4.276877e-03
-1.085723e-02
-7.412867e-03
6.690106e-03
-3.308068e-04
-1.788153e-02
-1.942459e-02
-2.219519e-02
-1.046239e-02
-6.187884e-03
-1.846182e-02
-3.375728e-02
-2.360926e-02
-1.880878e-02
-1.836711e-02
5.861761e-02
7.830000e-02
