2.105763e-02
-6.399483e-03
3.516172e-02
2.432678e-02
1.658731e-02
1.337569e-02
2.074453e-02
1.319837e-02
1.415749e-02
9.502315e-03
-2.327868e-03
-9.639308e-03
-7.896435e-04
-1.533535e-02
-3.563411e-03
-3.747337e-03
-6.075352e-03
3.930392e-03
-1.349323e-02
3.727072e-03
-1.574903e-02
4.956615e-03
-1.172211e-03
-3.281998e-04
3.769907e-03
-3.971718e-03
1.905539e-04
-6.770445e-04
-3.849761e-03
4.866063e-03
1.880918e-04
-8.177857e-03
1.980283e-03
-3.488833e-03
-1.527184e-02
-3.221281e-03
1.598101e-03
4.025432e-03
4.654496e-03
2.955613e-03
-3.095448e-02
-3.974149e-02
-1.926326e-02
-6.859078e-03
-5.552825e-02
-1.171521e-02
-2.852749e-02
-2.900619e-02
-1.497506e-02
-1.975108e-02
6.541869e-02
9.788073e-02
