2.333686e-02
-6.252103e-03
3.728697e-02
2.393003e-02
1.762314e-02
1.612487e-02
2.238447e-02
1.721978e-02
1.525385e-02
8.311728e-03
-6.224393e-03
-1.146047e-02
-3.725073e-04
-1.179049e-02
-3.408380e-03
-4.696996e-03
-1.193498e-02
7.054007e-03
-9.571183e-03
4.433216e-03
-1.559417e-02
-1.390650e-03
5.536135e-04
-9.227890e-04
-5.316740e-03
-1.642013e-02
3.615102e-03
2.439987e-05
-6.413988e-03
3.627143e-03
8.074471e-07
-4.610957e-03
2.540223e-03
-3.929485e-03
-1.543558e-02
-4.400620e-03
2.382056e-03
9.468041e-03
4.949219e-03
1.107533e-02
-2.847613e-02
-2.303430e-02
-1.777547e-02
-4.177184e-03
-6.775409e-02
-1.576595e-02
-2.245667e-02
-2.783102e-02
-1.164766e-02
-2.231397e-02
6.367759e-02
8.925298e-02
