5.031878e-04
1.628213e-02
6.121212e-03
2.263181e-02
1.097788e-02
1.175233e-02
1.621277e-02
1.496958e-02
2.540196e-02
1.334591e-02
2.830960e-03
2.350829e-02
2.521300e-03
-4.160570e-04
1.134018e-02
-1.114776e-02
-9.844059e-03
-4.250303e-03
-2.188629e-02
-2.008147e-03
-3.693136e-03
-2.521669e-03
1.163470e-03
-2.357416e-02
9.067932e-03
-7.656363e-03
-2.747247e-03
7.253236e-03
-1.123600e-02
5.898596e-03
-2.230968e-03
3.220286e-03
-1.033991e-02
1.696365e-04
-9.698183e-03
-7.896394e-03
-3.534149e-03
-2.498997e-03
1.436200e-02
-6.888367e-03
-4.440067e-03
-3.582410e-02
-3.631363e-02
-5.503792e-03
-3.345946e-02
-2.913884e-02
-2.370792e-02
-4.246469e-02
-3.587128e-02
-2.269012e-03
3.792376e-02
3.080391e-02
