1.288388e-02
9.866900e-03
1.991994e-02
3.754535e-02
1.054681e-02
6.415075e-03
1.569031e-02
1.154051e-02
1.430222e-02
2.090481e-02
-7.257286e-05
3.140430e-02
4.405862e-03
2.936920e-03
-7.616347e-03
-1.598198e-02
-1.985479e-02
-6.290847e-03
-2.246661e-03
-4.400070e-03
-2.044804e-02
-3.253851e-03
-1.372850e-02
-3.784422e-03
-1.645801e-02
5.874313e-03
9.778227e-03
2.720409e-03
1.766858e-03
-2.900271e-05
-3.638143e-04
5.093363e-03
-1.102424e-02
7.118481e-04
-6.799761e-04
4.559040e-03
-9.927323e-04
8.872946e-03
-1.441980e-02
-4.793043e-03
-2.167904e-02
-3.701481e-03
-5.959547e-02
-1.760806e-02
-1.304542e-02
-1.857645e-02
-3.388941e-02
-1.827749e-02
-3.425236e-02
-1.325849e-02
7.985521e-02
4.958346e-02
