2.364869e-02
2.099972e-03
3.135694e-02
5.086259e-03
1.628415e-02
1.042219e-02
1.293708e-02
9.128224e-03
4.864288e-03
1.442457e-02
-9.685664e-04
8.679764e-03
1.143045e-02
1.910696e-02
-1.053453e-02
4.192756e-03
-1.284853e-02
1.584704e-03
-9.300535e-03
-2.590729e-02
1.968025e-03
-4.442600e-02
2.504101e-03
9.666124e-03
-1.280059e-02
-1.127977e-02
-1.567122e-03
4.885427e-03
-2.185806e-02
-2.620203e-03
-7.190367e-03
-1.327166e-02
-3.258579e-03
8.068703e-03
-1.986011e-03
2.820342e-03
3.902528e-03
9.783076e-03
-1.150599e-02
-1.156036e-02
-4.264296e-03
-3.282803e-02
-1.365494e-02
-4.876084e-02
-2.385349e-02
-3.969777e-02
-8.884645e-03
-1.701007e-02
-7.801521e-03
-2.223635e-02
7.023605e-03
3.399785e-02
