8.229392e-03
1.485874e-02
1.821253e-02
4.270103e-02
2.032718e-02
1.936521e-02
2.245357e-02
1.539260e-02
-7.382101e-03
2.038905e-02
-1.090606e-02
2.337392e-02
8.594253e-04
1.080801e-02
8.014796e-03
-1.572494e-03
6.005165e-03
-2.404930e-03
-3.554447e-02
5.393787e-03
-1.293274e-02
7.880617e-03
5.146127e-03
5.051235e-03
2.959995e-03
-6.676138e-03
7.390960e-03
-1.025065e-03
-1.094028e-02
-7.606124e-03
-5.025431e-04
-1.321658e-02
-2.070114e-02
3.351357e-03
1.166703e-02
-2.955695e-03
-1.184537e-02
-7.974265e-03
4.391767e-03
1.917309e-03
-7.320896e-03
-1.985684e-02
-2.136003e-02
-7.973034e-03
-3.363594e-02
-1.234331e-02
-2.422586e-02
-3.610038e-02
-6.857193e-03
-2.350039e-02
4.867274e-02
5.789937e-02
