2.034824e-02
2.379188e-02
1.373210e-02
2.572790e-02
1.948304e-02
3.751853e-04
1.110154e-02
1.136715e-02
1.856740e-02
4.239499e-03
-2.903035e-03
-1.138884e-02
3.563570e-03
-3.373339e-03
-2.195331e-03
-7.699599e-03
-5.998964e-03
-6.357026e-03
-1.747692e-03
-4.520409e-03
-8.641734e-04
9.942032e-03
5.364137e-03
-1.132375e-02
9.748021e-03
-4.206426e-03
-9.442998e-03
1.644339e-03
-1.561311e-02
-2.636183e-02
1.288612e-02
-3.075657e-02
-2.048441e-02
4.982106e-03
-1.016407e-02
-4.676020e-03
-9.715661e-03
-1.426238e-02
-7.827756e-04
1.067878e-04
-1.488497e-02
-8.388965e-03
-7.710357e-02
-6.966044e-03
-2.984625e-03
-9.113885e-03
-4.378863e-04
-1.376524e-02
-1.443783e-04
-2.959792e-02
3.700368e-02
6.777581e-02
