1.092653e-02
2.311874e-02
2.259292e-02
1.705758e-03
1.978873e-02
9.136009e-03
2.285300e-02
1.446476e-02
5.218127e-03
1.508438e-02
-1.106708e-02
-3.134030e-03
2.166604e-02
-1.516001e-04
3.285746e-04
-6.674179e-03
-2.649157e-03
2.366773e-03
-1.286557e-02
-1.870213e-02
3.569920e-03
4.578261e-03
-3.256299e-02
9.057966e-03
-2.875692e-03
-4.179454e-03
-4.732314e-03
3.332756e-03
8.980423e-03
-3.507261e-03
2.350279e-03
2.979809e-03
-1.676030e-03
1.517264e-03
-7.055436e-03
-1.123898e-03
4.532030e-03
-2.322413e-03
-9.472978e-03
-3.343895e-02
-2.518129e-02
-3.332602e-02
-1.292592e-02
-9.497532e-03
-3.296017e-02
-6.445334e-03
-1.827794e-02
-1.628537e-02
-9.249680e-03
-1.417161e-02
8.975450e-02
5.407397e-02
