2.186950e-02
2.689363e-02
2.078218e-02
1.830696e-02
1.178582e-02
1.801322e-02
1.696183e-02
3.097640e-02
2.012782e-02
1.865161e-02
-2.254902e-03
5.729598e-03
-5.603116e-03
3.007966e-03
-2.922687e-02
4.725424e-03
8.497153e-04
-3.362198e-03
-2.354645e-02
-7.150667e-03
-4.206308e-03
3.913270e-03
-4.793059e-04
1.518418e-04
2.069855e-03
5.366750e-03
6.420192e-03
1.010568e-03
-7.836442e-04
5.070939e-03
-7.240002e-03
-7.654231e-03
1.347142e-03
-1.383055e-03
-1.648121e-02
-4.817988e-04
1.724229e-03
-4.715532e-03
8.440735e-03
9.726139e-03
-2.922949e-02
-2.890777e-02
-1.545913e-02
-1.401646e-02
-1.870685e-02
-8.814289e-03
-3.309104e-02
-1.272174e-02
-2.616270e-02
-1.701090e-02
8.921148e-02
6.303131e-02
