1.958655e-02
1.349736e-02
1.423162e-02
6.335890e-03
1.431751e-02
1.970894e-02
1.814353e-02
2.060067e-02
1.765759e-02
1.442648e-02
5.474288e-03
-6.725470e-03
5.961959e-02
-6.032676e-03
-4.221998e-02
6.921876e-03
-6.315010e-03
-1.713155e-02
-2.097342e-02
-2.173752e-02
-9.187609e-03
7.678991e-03
8.149008e-03
-3.701234e-02
9.120804e-03
7.946081e-03
-9.829114e-03
-4.694503e-03
-1.236996e-02
-4.050640e-03
5.450360e-03
7.290688e-03
-1.978029e-02
-2.591162e-02
1.067642e-02
-1.224083e-03
7.028711e-04
-2.485985e-02
1.314795e-03
2.732221e-03
-1.068652e-02
-2.000000e-01
-2.267524e-02
-1.860176e-02
-3.766046e-03
-1.993552e-03
-3.227563e-02
-3.158755e-02
-2.000000e-01
-1.360434e-02
4.349877e-02
-6.880413e-03
