2.137171e-02
1.326110e-02
1.927180e-02
5.657570e-03
1.757123e-02
1.918166e-02
1.625417e-02
2.413191e-02
2.363085e-02
1.429846e-02
3.429353e-03
4.230368e-04
4.050966e-02
-6.203956e-03
4.242872e-03
-1.490071e-02
2.018963e-02
-1.947163e-02
6.059468e-03
1.090935e-04
-1.628450e-02
5.416475e-03
1.781857e-02
-8.654741e-04
2.394663e-03
-1.836065e-03
2.737196e-03
6.722937e-03
-4.849631e-03
-1.954877e-04
-2.735434e-03
-2.750758e-02
-1.567485e-02
-3.587279e-03
-5.890547e-03
9.006027e-03
3.312242e-03
4.113226e-04
7.617383e-04
-1.462150e-02
-1.283930e-02
-6.137214e-03
-4.159024e-03
-3.329668e-02
-6.557742e-03
-1.561715e-02
-5.078537e-02
-2.823676e-02
-1.504987e-02
3.989859e-03
7.777420e-02
5.878068e-02
