2.158568e-02
2.754933e-02
2.284751e-02
1.845928e-02
1.224352e-02
1.828271e-02
1.560339e-02
2.861469e-02
1.999037e-02
1.853426e-02
-1.857865e-03
5.608044e-03
-5.224117e-03
2.492693e-03
-3.047802e-02
5.366149e-03
-1.176774e-04
-5.305112e-03
-1.888684e-02
-5.791850e-03
-2.712566e-03
3.582867e-03
-9.112086e-04
3.117957e-04
1.597711e-03
5.384205e-03
2.158332e-03
-1.836750e-04
-9.873463e-04
5.161677e-03
-7.644329e-03
-7.590224e-03
1.455070e-03
-1.366534e-03
-1.702965e-02
-1.828825e-03
2.380652e-03
-4.417187e-03
7.918990e-03
8.571643e-03
-2.551601e-02
-2.815625e-02
-1.595571e-02
-1.538161e-02
-1.626871e-02
-8.369331e-03
-3.540953e-02
-1.224488e-02
-2.565396e-02
-1.802341e-02
8.826327e-02
6.398463e-02
