2.018559e-02
1.720208e-02
1.084195e-02
7.442443e-03
1.348265e-02
2.037046e-02
2.136780e-02
1.825456e-02
1.672778e-02
1.840655e-02
-7.057627e-03
5.381280e-03
4.641711e-02
-6.928880e-03
-3.200012e-02
2.831170e-03
-4.721799e-03
-8.274190e-03
-2.145188e-02
-2.078063e-02
-5.699143e-03
2.589155e-03
3.376534e-03
-3.644029e-02
1.127703e-02
3.540027e-03
-3.513067e-03
-2.812783e-03
-8.385765e-03
-4.841399e-03
-9.034397e-03
-4.262964e-03
-4.616999e-03
-2.714614e-02
4.135038e-03
-2.417242e-03
-1.888675e-03
-1.632794e-02
4.076538e-03
-3.437852e-03
-1.656177e-02
-2.110844e-02
-2.375392e-02
-1.953975e-02
-6.105106e-03
-1.499196e-02
-2.610504e-02
-2.829582e-02
-4.700849e-02
-9.748299e-03
8.726144e-02
3.900549e-02
