2.286115e-02
1.457073e-02
1.719655e-02
1.828379e-02
1.469448e-02
1.720844e-02
1.662930e-02
2.172852e-02
2.598568e-02
1.426111e-02
1.896005e-03
-5.984985e-04
2.463712e-02
-6.586702e-03
2.157608e-03
-1.160573e-02
1.644363e-02
-2.056933e-02
3.588043e-03
-5.376482e-05
-1.322357e-02
6.504405e-03
1.189174e-02
-4.493983e-04
-1.439071e-03
-2.855977e-03
-3.934227e-03
9.793453e-03
-2.467626e-03
6.811098e-03
-1.527821e-03
-2.828459e-02
-2.716762e-02
-6.089664e-03
9.462630e-04
6.356792e-03
-5.007637e-04
6.190738e-04
3.140174e-04
-2.171486e-02
-8.796348e-03
-9.497117e-03
2.502217e-03
-3.799204e-02
-4.625721e-03
-1.454324e-02
-4.595803e-02
-3.217491e-02
-1.634752e-02
4.332388e-03
4.687330e-02
4.133693e-02
