2.034421e-02
1.976361e-02
1.316396e-02
8.148548e-03
1.364804e-02
1.974433e-02
2.229266e-02
1.768258e-02
1.765567e-02
1.795231e-02
-7.666103e-03
7.254620e-03
4.718368e-02
-4.717900e-03
-2.582528e-02
1.994268e-03
-6.703437e-03
-1.399508e-02
-1.881014e-02
-2.493790e-02
-7.960553e-03
2.389578e-03
2.091082e-03
-4.352558e-02
1.208065e-02
4.906404e-03
-5.974498e-03
-4.454192e-03
-1.354349e-02
-5.212928e-03
-8.733091e-03
6.293153e-04
-8.525305e-03
-2.471189e-02
4.457201e-03
-9.150862e-04
-2.501660e-03
-1.837435e-02
2.667708e-03
-4.215239e-03
-1.737017e-02
-2.081393e-02
-2.310228e-02
-2.102444e-02
-1.043562e-02
-1.204872e-02
-2.525493e-02
-2.905237e-02
-4.045630e-02
-8.206378e-03
8.880933e-02
4.075248e-02
