9.166812e-03
2.666295e-02
1.049641e-02
8.692839e-03
2.161387e-02
2.477912e-02
1.913988e-02
1.758311e-02
1.496442e-02
2.090111e-02
6.589874e-03
-7.669732e-03
7.698729e-04
4.719577e-02
-2.367440e-02
9.916040e-03
3.951127e-03
1.079748e-03
1.191941e-02
-5.352748e-03
2.564477e-03
7.327798e-05
-1.243596e-03
1.296410e-03
-1.157592e-02
-4.738987e-03
-1.219727e-03
3.040434e-03
-9.568238e-03
-7.596763e-03
7.920260e-03
-6.476480e-03
-2.242153e-03
7.761606e-03
-4.298614e-03
1.188950e-02
3.239034e-03
-1.367786e-02
-1.992787e-02
6.705160e-03
-4.173923e-03
-6.260897e-03
-9.925223e-03
-2.169854e-02
3.608731e-03
-2.973289e-02
-2.089843e-02
-1.779398e-02
2.018134e-04
-7.508612e-03
4.588248e-02
1.286244e-02
