4.408810e-03
3.008549e-02
-6.818766e-04
2.289876e-02
1.068704e-02
2.380116e-02
2.103180e-02
2.187167e-02
2.553413e-02
1.844630e-02
-4.059973e-04
9.820667e-03
-1.330015e-03
-5.285214e-03
1.434508e-02
-6.934752e-03
-1.069354e-02
-3.054212e-03
-3.519594e-02
-3.180046e-04
-4.096970e-03
-2.368624e-03
4.295021e-03
-1.236413e-03
8.284985e-03
-7.226632e-03
-1.116738e-02
1.025025e-02
-1.558925e-02
1.862124e-02
-1.218652e-02
1.265835e-03
-1.114594e-02
-1.730825e-03
-6.102662e-03
1.743143e-06
-3.583030e-05
5.265102e-04
9.660725e-03
-4.488702e-03
-2.032111e-03
-4.672620e-02
-3.409983e-02
-1.642849e-02
-2.400132e-02
-1.844123e-02
-1.221325e-02
-4.011782e-02
-2.472473e-02
-4.766555e-03
1.018521e-01
7.792289e-02
