6.757985e-04
1.519562e-02
2.231790e-02
4.186876e-02
2.064736e-02
1.811957e-02
2.341902e-02
1.595597e-02
-3.495860e-03
1.715358e-02
-1.583131e-02
1.054900e-02
4.808768e-03
2.754274e-03
4.513069e-03
1.496561e-03
8.175844e-03
-6.137402e-03
-2.725012e-02
6.913149e-03
-9.765521e-03
1.118099e-02
7.394534e-03
-3.460903e-04
1.670608e-03
-5.389571e-04
5.770946e-03
8.415854e-04
-8.193069e-03
-6.706369e-03
-7.212688e-03
-1.088355e-02
-1.694156e-02
6.825493e-03
1.206752e-02
-2.314625e-03
-1.530082e-02
-9.702325e-03
2.847707e-03
5.153729e-04
-6.053369e-03
-1.398273e-02
-2.410884e-02
-1.745503e-02
-4.355507e-02
-1.542315e-02
-2.047370e-02
-4.610643e-02
-5.202097e-03
-1.787913e-02
6.434236e-02
6.957738e-02
