2.379527e-02
1.857471e-02
9.654129e-03
9.131556e-03
1.198728e-02
1.962288e-02
1.961985e-02
1.852555e-02
1.590340e-02
2.032015e-02
-7.223600e-03
6.463866e-03
5.065084e-02
-6.720058e-03
-3.070650e-02
1.411702e-03
-5.644445e-03
-5.116519e-03
-1.989963e-02
-2.582343e-02
-5.696702e-03
2.056215e-03
2.753452e-03
-4.389711e-02
1.284446e-02
3.580816e-03
-3.450503e-03
-7.674984e-03
-1.246082e-02
-5.637211e-03
-1.317635e-02
-2.179311e-03
-6.736905e-03
-2.696841e-02
5.181359e-03
9.522804e-04
-2.110655e-03
-1.833574e-02
4.419801e-03
-6.561851e-03
-1.249631e-02
-1.796817e-02
-2.687897e-02
-2.039211e-02
-6.128562e-03
-1.094527e-02
-2.773196e-02
-3.317748e-02
-2.807156e-02
-1.097253e-02
8.844529e-02
4.039565e-02
