2.059613e-02
4.585973e-03
1.484210e-02
2.282225e-02
1.631174e-02
1.768595e-02
1.934384e-02
1.499622e-02
8.634980e-03
7.702338e-03
-1.313488e-02
9.003850e-04
2.842170e-03
1.225599e-02
-3.164513e-02
-9.746363e-03
8.238755e-03
-7.830257e-03
-9.922391e-03
2.381461e-03
4.967138e-03
-9.656227e-03
-1.195057e-03
-3.585332e-03
-1.117250e-02
-1.441953e-02
3.921823e-03
4.669862e-03
-9.962040e-03
1.131547e-03
9.222887e-03
-7.023280e-03
-1.323267e-02
-8.777115e-03
-2.332549e-02
-2.352225e-03
1.069637e-02
-3.564305e-03
9.273134e-03
-2.192227e-02
2.869415e-03
-3.145270e-02
-1.098226e-02
-1.776272e-02
-1.520724e-02
-1.435518e-02
-1.543107e-02
-2.724383e-02
-9.475249e-03
-1.114163e-02
4.483373e-02
6.791184e-02
