1.256072e-02
4.101355e-02
2.659131e-02
5.159653e-03
1.087863e-02
1.163250e-02
1.764367e-02
1.053375e-02
3.734384e-03
1.645011e-02
-1.400494e-02
-3.226277e-03
1.984873e-02
1.487776e-03
-5.498390e-04
-1.248902e-02
-1.228052e-03
7.484416e-03
-5.197499e-03
-1.490961e-02
6.493120e-03
1.493032e-03
-3.009135e-02
-2.055021e-03
-2.308579e-03
-3.451585e-03
1.830266e-03
-3.127660e-04
8.325805e-03
1.156058e-04
2.274168e-03
-2.850394e-03
-1.361264e-03
2.073621e-03
-1.247036e-02
-3.213539e-03
-5.097689e-03
-1.728435e-04
-1.004938e-02
-3.446031e-02
-4.535702e-02
-2.209199e-02
-2.030502e-02
-1.977305e-02
-3.157939e-02
-1.317935e-02
-6.291792e-03
-6.610599e-03
-8.433494e-03
-2.064904e-02
6.523748e-02
5.064531e-02
