2.546495e-02
2.968290e-02
1.534186e-02
2.613557e-02
1.679948e-02
3.332867e-04
1.443202e-02
1.497955e-02
1.859844e-02
4.735771e-03
-2.884674e-03
-1.318058e-02
3.512512e-03
-5.865373e-03
-1.003164e-03
-3.542106e-03
-3.823884e-03
-8.405332e-03
-2.056471e-03
-1.088506e-03
6.947672e-04
7.752939e-04
6.766749e-03
-8.048467e-03
7.399647e-03
6.200111e-05
-7.283545e-03
3.520119e-03
-1.500481e-02
-9.022334e-03
1.621485e-02
-2.522986e-02
-1.089316e-02
7.068687e-03
-3.202835e-03
-3.756847e-03
-8.363785e-03
-9.054074e-03
2.539174e-03
1.799948e-03
-1.302939e-02
-5.031967e-03
-2.687800e-02
-9.417070e-03
-9.763919e-03
-1.560872e-02
-9.036501e-03
-1.627527e-02
-1.235017e-02
-2.534847e-02
7.403096e-02
9.721214e-02
