2.334347e-02
2.951710e-02
2.377832e-02
1.798139e-02
1.305672e-02
1.959087e-02
1.719373e-02
3.193568e-02
2.209941e-02
1.834473e-02
-1.955767e-03
4.416220e-03
-4.635713e-03
4.367309e-03
-2.804437e-02
9.177755e-03
7.327646e-03
-4.249768e-03
-1.405835e-02
-6.727872e-03
-2.160638e-04
2.600224e-03
1.141274e-03
1.113304e-03
-1.223618e-04
5.355987e-03
2.409129e-03
3.196685e-04
4.391109e-04
7.837318e-03
-6.713979e-03
-7.959970e-03
3.982251e-04
-1.711117e-05
-1.691706e-02
2.692189e-04
3.818625e-03
-3.260272e-03
8.981408e-03
1.116960e-02
-2.121446e-02
-2.879834e-02
-1.454410e-02
-1.618247e-02
-1.384934e-02
-1.226730e-02
-2.818808e-02
-1.464077e-02
-2.855852e-02
-2.243428e-02
8.423123e-02
6.494451e-02
