2.299197e-02
1.603927e-02
1.782120e-02
2.343163e-02
1.357447e-02
1.489303e-02
1.850797e-02
2.592231e-02
2.574354e-02
1.503368e-02
4.406075e-03
-8.755928e-04
2.963236e-02
-1.890171e-03
8.730691e-03
-1.332628e-02
1.794248e-02
-1.433002e-02
5.106880e-03
4.029847e-03
-1.015566e-02
9.460435e-03
1.974545e-02
7.486330e-03
-2.619802e-03
-1.750672e-03
-6.870618e-05
5.409621e-03
-3.733646e-03
4.273086e-03
-2.261638e-03
-3.055474e-02
-1.963822e-02
-9.677328e-03
-2.364887e-03
4.534078e-03
4.758628e-04
1.575773e-03
-2.827879e-03
-1.697415e-02
-1.520520e-02
-7.625320e-03
4.171678e-03
-3.522528e-02
-7.835560e-03
-2.026579e-02
-4.680377e-02
-3.072738e-02
-9.556744e-03
6.026452e-03
5.120114e-02
2.745006e-02
