1.200964e-02
1.157484e-02
2.062737e-02
3.529342e-02
1.083990e-02
3.977063e-03
1.894803e-02
1.369622e-02
1.474495e-02
1.905751e-02
-8.613816e-04
2.961084e-02
3.856382e-03
3.218639e-03
-8.598162e-05
-1.871096e-02
-1.374599e-02
-3.629077e-03
1.026810e-03
-1.672519e-03
-1.070965e-02
4.353575e-04
-1.931849e-02
1.302913e-03
-1.370991e-02
3.286539e-03
7.434428e-03
6.441123e-03
3.448210e-03
3.288126e-03
-1.315071e-03
7.779944e-03
-6.723810e-03
-7.610523e-03
-6.528836e-03
1.543012e-03
-2.604508e-03
7.652603e-03
-3.940200e-02
-3.172302e-03
-1.486750e-02
-9.771214e-03
-4.239554e-02
-2.548487e-02
-1.826025e-02
-1.511254e-02
-2.814146e-02
-1.338162e-02
-1.435828e-02
-1.980528e-02
6.541626e-02
6.037637e-02
