2.486563e-02
3.023836e-02
1.485757e-02
2.619703e-02
1.817964e-02
8.765721e-04
1.355013e-02
1.607189e-02
1.776556e-02
4.968556e-03
-2.482081e-04
-1.278613e-02
6.719569e-03
-5.072376e-03
-1.639657e-03
-3.073460e-03
-3.259775e-03
-8.838237e-03
2.004901e-04
-1.604200e-03
1.236090e-03
7.825439e-03
7.998702e-03
-9.310275e-03
2.431443e-03
2.924374e-03
-5.939481e-03
1.656606e-03
-1.585535e-02
-8.617810e-03
1.427659e-02
-2.618497e-02
-8.539303e-03
7.307313e-03
-3.885029e-03
-3.114052e-03
-9.483310e-03
-4.973458e-03
7.699205e-04
1.329161e-03
-1.244069e-02
-3.228361e-03
-2.858274e-02
-1.005385e-02
-6.856787e-03
-1.055837e-02
-9.633295e-03
-1.419708e-02
-1.361448e-02
-2.443971e-02
7.303816e-02
9.848955e-02
