2.218149e-02
2.524865e-02
2.187861e-02
1.913481e-02
1.234045e-02
1.682839e-02
1.706235e-02
3.600320e-02
1.986966e-02
1.901710e-02
-1.899666e-03
6.757496e-03
-6.571671e-03
3.577177e-03
-3.007911e-02
4.060833e-03
-7.362941e-03
-1.573266e-03
-2.812336e-02
-1.542683e-03
-5.025129e-03
5.523222e-03
4.280689e-04
-6.944344e-04
4.271215e-03
5.707908e-03
9.526243e-03
1.361760e-03
-2.249246e-03
2.902011e-03
-6.856319e-03
-7.636557e-03
-2.042261e-03
-1.529110e-03
-1.603746e-02
-3.497333e-03
6.026624e-05
-4.229212e-03
7.387880e-03
1.116499e-02
-3.743679e-02
-3.356356e-02
-1.609735e-02
-9.455651e-03
-1.960266e-02
-6.224914e-03
-4.300682e-02
-1.764051e-02
-2.616377e-02
-1.722939e-02
9.119859e-02
6.530929e-02
