1.327499e-02
1.282637e-02
2.059704e-02
3.291859e-02
1.160004e-02
4.829810e-03
1.792455e-02
1.328574e-02
1.405968e-02
2.106586e-02
9.409503e-04
2.950405e-02
3.851618e-03
2.828823e-04
-2.557346e-05
-1.707538e-02
-1.580258e-02
-4.285718e-03
-7.418610e-04
-1.706041e-04
-1.724390e-02
-6.607153e-04
-1.122537e-02
1.681761e-03
-1.485903e-02
2.761648e-03
5.499906e-03
4.985771e-03
3.782285e-04
2.535128e-03
-2.120644e-03
6.860045e-03
-6.225550e-03
-5.082425e-03
-4.826323e-03
1.014723e-03
-2.786470e-03
5.206900e-03
-2.979967e-02
-2.926430e-03
-1.600670e-02
-1.524575e-02
-4.861115e-02
-2.301239e-02
-2.008973e-02
-1.558333e-02
-2.612449e-02
-1.214466e-02
-1.936219e-02
-1.046293e-02
6.529282e-02
5.771516e-02
