6.103438e-03
2.323999e-02
2.242491e-03
2.179022e-02
1.280571e-02
1.972549e-02
1.889199e-02
1.845251e-02
2.302118e-02
1.724955e-02
2.811449e-03
2.318532e-02
2.787844e-03
-4.597951e-03
1.052924e-02
-7.727281e-03
-9.630756e-03
-3.733299e-03
-1.806529e-02
1.091039e-03
9.427903e-04
-2.210390e-03
3.001826e-03
-1.525664e-02
7.645054e-03
-1.214008e-02
-3.591521e-03
9.357503e-03
-1.227878e-02
1.085561e-02
-6.414310e-03
5.128708e-03
-1.077740e-02
2.365939e-03
-1.148344e-02
-8.033235e-03
-2.510090e-03
2.967282e-03
8.453285e-03
-6.642122e-03
-1.153472e-02
-2.656626e-02
-3.138246e-02
-2.923002e-03
-2.266750e-02
-2.205853e-02
-1.582765e-02
-3.184244e-02
-2.666842e-02
-3.143172e-03
8.145543e-02
6.123631e-02
