2.209121e-02
2.638350e-02
2.014224e-02
1.810921e-02
1.126645e-02
1.749500e-02
1.696649e-02
2.974104e-02
2.001162e-02
1.855033e-02
-2.593160e-03
5.615310e-03
-5.856266e-03
2.437037e-03
-2.789534e-02
3.934741e-03
1.790917e-03
-3.469575e-03
-2.330208e-02
-7.899098e-03
-4.866505e-03
3.811610e-03
-9.827692e-04
-1.160595e-03
2.292471e-03
5.856062e-03
5.575086e-03
7.739224e-04
-1.232355e-03
4.719239e-03
-7.334578e-03
-6.843244e-03
4.617138e-04
-1.316435e-03
-1.643170e-02
2.680398e-04
-4.005403e-04
-6.694727e-03
8.462045e-03
1.046830e-02
-3.109626e-02
-2.853075e-02
-1.556599e-02
-1.586124e-02
-2.072299e-02
-9.131465e-03
-3.632562e-02
-1.332309e-02
-2.924635e-02
-1.855929e-02
7.724156e-02
5.918042e-02
