5.068928e-03
3.212259e-02
-1.050805e-02
2.724295e-02
1.065557e-02
2.054837e-02
1.944328e-02
1.693207e-02
2.644315e-02
1.664877e-02
1.057921e-02
5.665463e-03
-3.834195e-03
-2.645299e-03
1.863804e-02
-2.742295e-03
-2.738360e-03
-7.297731e-03
-4.420678e-02
1.178861e-03
-6.534201e-03
-1.719966e-03
5.646769e-03
-2.613914e-02
4.860801e-03
-6.162291e-03
-8.415839e-04
1.003623e-02
-1.305748e-02
6.136930e-03
-2.387106e-02
5.165274e-03
-1.451609e-02
1.251288e-03
-4.778448e-03
-6.562405e-03
-4.232624e-03
-7.613649e-03
1.436993e-02
-7.360189e-03
-8.316432e-03
-4.076746e-02
-2.344163e-02
-1.553259e-02
-3.624853e-02
-4.156340e-02
-1.949597e-02
-2.575601e-02
-2.028791e-02
-4.527357e-03
3.510687e-02
4.044890e-02
