2.099318e-02
1.315189e-02
1.717251e-02
2.095871e-02
1.730307e-02
1.864918e-02
1.641768e-02
2.268164e-02
2.340547e-02
1.423805e-02
3.898482e-03
1.368047e-03
3.987561e-02
-3.571635e-03
3.632332e-03
-1.182914e-02
1.813042e-02
-1.761340e-02
4.338817e-03
-1.868323e-03
-1.601323e-02
7.226795e-03
1.663587e-02
2.055947e-03
1.097693e-03
-1.118345e-03
3.964945e-04
1.032693e-02
-5.118365e-03
6.741423e-03
-2.489732e-07
-2.921530e-02
-1.283497e-02
-6.391982e-03
-1.384507e-03
7.972281e-03
1.959161e-03
1.735816e-04
1.625983e-03
-1.284458e-02
-1.263867e-02
-1.154307e-02
-1.036524e-04
-3.292331e-02
-6.651939e-03
-1.341770e-02
-4.626192e-02
-2.667203e-02
-1.493654e-02
5.561988e-03
6.589673e-02
4.983318e-02
