2.739723e-02
2.954712e-02
1.531193e-02
3.161079e-02
2.185712e-02
-1.234424e-03
1.295194e-02
1.607310e-02
2.241540e-02
5.166571e-03
-1.889362e-02
-2.114276e-02
-8.835403e-04
-9.116703e-03
-4.705881e-03
-1.357003e-03
-5.238061e-03
-7.216613e-03
5.606427e-04
1.955391e-03
5.289836e-04
4.087027e-03
7.262886e-03
-7.822100e-03
1.016356e-02
-9.717495e-04
-3.661702e-03
1.133275e-03
-1.839609e-02
-1.768078e-02
1.728601e-02
-1.939028e-02
-1.582482e-02
7.398491e-03
-4.178831e-03
-5.116358e-03
-1.021757e-02
-1.379190e-02
-7.777071e-04
4.386320e-04
-1.310747e-02
1.064565e-03
-2.633459e-02
-4.064316e-03
-9.875604e-03
-4.813721e-03
-9.651018e-03
-9.710898e-03
-1.263470e-02
-2.710744e-02
8.514903e-02
1.078032e-01
