2.183643e-02
2.687109e-02
2.117101e-02
1.841342e-02
1.148794e-02
1.808122e-02
1.698416e-02
3.073779e-02
2.024996e-02
1.894112e-02
-2.526250e-03
5.722737e-03
-5.340241e-03
2.809710e-03
-2.926449e-02
4.870788e-03
7.095312e-04
-3.792463e-03
-2.333311e-02
-7.250456e-03
-4.053865e-03
3.812691e-03
-5.219518e-04
2.611922e-04
2.080928e-03
5.486936e-03
6.436491e-03
1.079382e-03
-7.976700e-04
5.160788e-03
-7.360988e-03
-7.487469e-03
9.581518e-04
-1.494367e-03
-1.657288e-02
-2.938564e-04
1.527619e-03
-5.122788e-03
8.582233e-03
1.013895e-02
-2.916570e-02
-2.820060e-02
-1.554691e-02
-1.440038e-02
-1.920672e-02
-9.091159e-03
-3.443716e-02
-1.250825e-02
-2.614918e-02
-1.772113e-02
8.767635e-02
6.293557e-02
