1.268594e-02
3.010042e-02
2.334508e-02
7.401958e-03
1.432601e-02
1.201182e-02
1.969876e-02
1.071517e-02
5.799736e-03
1.461186e-02
-1.323514e-02
-2.886056e-03
3.091094e-02
-1.557696e-04
2.865043e-04
-9.666108e-03
-4.642513e-04
6.816103e-03
-7.733491e-03
-9.738250e-03
6.655669e-03
2.051806e-03
-3.425051e-02
-5.379017e-04
-4.630681e-03
7.705166e-04
-4.584114e-03
-8.385888e-04
8.524857e-03
-1.656455e-03
-3.027918e-05
-9.062631e-04
-2.074806e-03
8.227122e-04
-9.809740e-03
-1.560329e-03
-4.474596e-03
3.467288e-03
-6.281068e-03
-2.848004e-02
-4.735316e-02
-2.433418e-02
-1.872371e-02
-1.513594e-02
-3.205296e-02
-1.028016e-02
-1.298767e-02
-1.040536e-02
-9.209269e-03
-1.695919e-02
8.031563e-02
5.886413e-02
