8.640250e-03
4.473619e-03
5.177673e-02
3.213867e-03
1.065260e-02
9.852102e-03
1.376099e-02
1.415533e-02
3.695048e-03
1.223597e-02
3.056521e-03
3.631500e-03
8.650362e-03
4.515894e-02
-1.789231e-02
-7.571828e-03
-2.398791e-03
-4.679713e-03
-8.222051e-03
-5.913162e-03
-1.011437e-02
-2.530782e-02
1.431255e-03
6.606217e-03
-9.117263e-03
-9.446760e-03
6.779331e-03
-2.787784e-04
-2.466544e-02
-2.217868e-03
-1.114674e-02
-5.265501e-02
-2.667543e-03
4.328726e-03
2.671630e-03
1.652474e-03
1.496117e-03
6.278448e-03
-7.226495e-03
-3.267228e-03
-1.196121e-03
-4.837658e-02
-1.014268e-02
-1.778629e-02
-1.785937e-02
-2.097169e-02
-4.137717e-03
-1.716560e-02
-1.882672e-02
-2.417985e-02
4.979826e-02
3.398920e-02
