1.073665e-02
3.314735e-02
1.813606e-02
5.118463e-03
9.606131e-03
1.356310e-02
1.667649e-02
7.331868e-03
9.923301e-04
1.552026e-02
-1.635327e-02
-2.942636e-03
1.516573e-02
-8.081357e-03
2.290955e-03
-1.449563e-02
-5.535038e-03
7.530012e-03
-1.061330e-02
-8.324825e-03
7.700778e-03
-2.675647e-03
-3.364281e-02
3.414166e-04
-5.820752e-03
-6.411873e-03
-1.241983e-02
-3.042943e-03
5.203507e-03
-5.293892e-03
-4.867010e-03
-1.133902e-02
-4.978191e-03
-1.530471e-03
-7.083554e-03
-2.984449e-03
-9.005722e-03
-4.826828e-03
-3.701706e-03
-4.150183e-02
-5.330116e-02
-4.190862e-02
-1.402391e-02
-3.149629e-02
-3.077036e-02
-1.704572e-02
-1.574882e-02
-6.715432e-03
-1.083995e-02
-2.001361e-02
3.743949e-02
2.995547e-02
