1.743482e-02
3.944262e-04
5.845904e-02
1.238455e-02
8.540131e-03
1.562206e-02
1.516731e-02
1.535638e-02
5.318100e-03
1.446028e-02
5.624637e-03
3.574618e-03
1.180804e-02
4.531505e-02
-1.852919e-02
-3.422848e-03
-9.607124e-03
-2.308827e-03
-4.204870e-03
-8.259737e-04
-9.189454e-03
-1.268899e-03
-6.747156e-03
3.829012e-04
-6.183807e-03
-2.813815e-03
1.048560e-02
4.129744e-03
-1.440436e-02
1.121898e-03
-1.248671e-02
-2.134989e-02
-2.766797e-03
6.149971e-03
-1.483820e-03
-3.772510e-05
3.908402e-03
4.674776e-03
-8.459591e-03
-6.055850e-03
-8.740707e-03
-3.948744e-02
-1.445432e-02
-8.985632e-03
-2.002302e-02
-3.472163e-02
4.170518e-03
-2.080257e-02
-2.763627e-02
-3.655525e-02
3.175904e-02
3.131271e-02
