1.957655e-02
4.093329e-03
1.435262e-02
2.074697e-02
1.638763e-02
1.978410e-02
1.619548e-02
1.726908e-02
8.374183e-03
6.255818e-03
-1.616144e-02
4.807812e-03
2.227859e-03
1.240540e-02
-1.979705e-02
-1.228100e-02
9.953452e-03
-7.586204e-03
-1.241247e-02
2.964614e-03
1.043368e-03
-1.480734e-02
-8.065863e-04
-2.055295e-03
-1.008810e-02
-4.350988e-03
-5.540284e-06
3.653855e-03
-9.191316e-03
3.172286e-03
2.922152e-03
-9.250595e-03
-1.383449e-02
-1.075910e-02
-2.355399e-02
-2.161861e-04
1.202931e-02
-4.923769e-03
7.809816e-03
-2.175254e-02
-6.590634e-03
-2.779432e-02
-1.667812e-02
-1.050480e-02
-6.409691e-03
-9.698443e-03
-1.338280e-02
-3.443658e-02
-4.938695e-03
-1.304910e-02
6.721314e-02
8.761632e-02
