1.952738e-02
-5.799487e-03
1.506274e-02
2.238085e-02
1.362946e-02
2.208193e-02
1.547985e-02
2.385668e-02
7.978609e-03
8.949139e-03
-2.620855e-02
2.982040e-04
3.323306e-03
2.508146e-02
-1.337725e-02
-1.435306e-02
3.812796e-03
-1.247451e-02
-7.824074e-03
-3.936125e-03
4.676932e-03
-1.573820e-02
7.379201e-03
-3.670915e-03
-1.623907e-02
-9.069868e-03
3.134397e-03
7.379541e-03
-1.032811e-02
-1.338993e-03
5.365322e-04
-1.349501e-02
-1.413659e-02
-1.946998e-02
-2.205651e-02
-2.670192e-03
4.270141e-03
-9.086203e-03
1.012370e-02
-2.119897e-02
-5.263403e-03
-2.728376e-02
-2.710719e-02
-1.142724e-02
-1.251594e-02
-9.736089e-03
-1.260427e-02
-2.442175e-02
-8.415361e-03
-1.637795e-02
6.636792e-02
1.090967e-01
