2.695249e-02
2.968728e-02
1.369155e-02
2.982749e-02
1.999151e-02
5.649241e-03
1.299946e-02
1.589388e-02
1.734332e-02
5.700404e-03
7.762676e-04
-1.050154e-02
1.382628e-02
-6.034831e-03
-2.216933e-03
-2.953486e-03
-5.668143e-03
-1.298435e-02
-1.509127e-03
-2.165251e-03
5.101872e-03
1.076860e-02
9.077283e-03
-1.662514e-02
1.846614e-03
5.634028e-03
-6.789568e-03
1.975529e-03
-1.758073e-02
-1.004244e-02
9.119347e-03
-2.893439e-02
-7.643447e-03
7.670082e-03
-3.528742e-03
-5.885863e-04
-8.586539e-03
-4.847882e-03
1.327282e-03
1.555532e-03
-1.104029e-02
-2.991595e-03
-2.333836e-02
-1.337987e-02
-5.842418e-03
-1.092104e-02
-1.380606e-02
-1.557389e-02
-1.424355e-02
-2.260329e-02
6.575972e-02
9.451347e-02
