8.723840e-03
2.977112e-02
1.661092e-02
5.575195e-03
1.207196e-02
1.184359e-02
1.640562e-02
9.108560e-03
3.271647e-03
1.626553e-02
-9.608215e-03
-2.251125e-03
1.214120e-02
-1.826385e-03
2.256106e-03
-7.693264e-03
1.287402e-04
5.479643e-03
-1.367576e-02
-1.098174e-02
6.254702e-03
7.771988e-04
-4.359499e-02
-3.801365e-03
-5.737876e-03
-2.347078e-03
-8.323841e-03
-2.223840e-03
4.068705e-03
-1.414313e-03
-8.017056e-04
-5.411088e-03
-2.611659e-03
8.952710e-04
-6.731149e-03
-2.217031e-03
-3.351861e-03
-6.826557e-03
-4.888943e-03
-2.696958e-02
-3.580960e-02
-3.349915e-02
-1.545845e-02
-2.051556e-02
-2.923203e-02
-1.215275e-02
-1.774914e-02
-7.541287e-03
-6.689329e-03
-1.578386e-02
3.342622e-02
2.937877e-02
