1.759181e-02
3.251102e-02
2.370189e-03
1.839581e-02
1.475991e-02
1.975072e-02
1.209933e-02
1.966413e-02
4.662086e-03
2.113594e-02
1.728543e-03
-3.884081e-03
5.589164e-03
-2.741175e-02
2.538037e-03
-1.206092e-02
3.335366e-03
7.726349e-03
-1.652245e-02
-1.309618e-02
1.238172e-02
3.408822e-03
-6.093443e-02
-1.569463e-02
5.118691e-03
-1.048714e-02
-9.158361e-03
2.802168e-03
4.989418e-03
-1.581832e-02
-5.582726e-03
-1.126292e-02
-1.159987e-02
7.164747e-03
-5.805270e-03
1.749494e-03
-3.450394e-02
-1.333890e-02
-9.334189e-03
-2.000000e-01
-6.643669e-02
-2.839231e-02
-2.000000e-01
-2.349557e-02
-2.993291e-02
-1.760274e-02
-2.682598e-02
-6.973092e-03
-1.272392e-02
-3.235509e-02
6.008377e-02
3.187925e-02
