1.590349e-02
2.386139e-02
8.511184e-03
1.386798e-02
2.310563e-02
1.627847e-02
2.679063e-02
1.603096e-02
1.653510e-02
2.004352e-02
3.665480e-03
-1.304390e-03
-2.315389e-03
3.509451e-02
-2.071881e-02
5.350143e-03
5.712881e-03
-3.563206e-03
8.169616e-03
-8.322233e-04
9.150602e-03
4.267213e-04
-6.184864e-03
1.724467e-03
-1.015906e-02
-3.025927e-03
-5.911996e-03
5.976273e-03
-1.617815e-02
-3.954470e-03
3.354953e-03
2.336300e-04
-1.314763e-03
8.336689e-03
-2.632296e-03
7.335634e-03
-1.565335e-03
-3.608036e-03
-7.885598e-03
5.791769e-03
-1.019263e-02
-3.835929e-03
-2.519000e-03
-2.225378e-02
-1.005985e-02
-2.214794e-02
-1.847831e-02
-2.193291e-02
-3.384715e-03
-8.296519e-03
7.426176e-02
3.007576e-02
