2.168152e-02
2.110901e-02
9.952717e-03
5.306714e-03
1.290589e-02
1.706619e-02
2.190618e-02
1.747034e-02
1.964280e-02
1.823404e-02
-7.898366e-03
4.971485e-03
4.232466e-02
-4.689833e-03
-3.779459e-02
1.005717e-03
-8.243661e-03
-7.755875e-03
-2.310334e-02
-2.057488e-02
-1.865558e-03
3.450749e-03
3.450356e-03
-6.882002e-02
1.136173e-02
5.369027e-03
-3.019564e-03
2.536504e-03
-1.145801e-02
-6.042216e-03
-9.022650e-03
-4.878420e-03
-5.536742e-03
-3.184910e-02
2.959543e-03
-2.570506e-03
-2.904548e-03
-2.047992e-02
5.784722e-03
-5.889997e-03
-2.215701e-02
-2.187899e-02
-2.127585e-02
-2.096386e-02
-7.813419e-03
-1.560492e-02
-2.749853e-02
-3.916131e-02
-3.859710e-02
-1.147497e-02
6.874383e-02
3.989766e-02
