1.096842e-02
2.874393e-02
2.651057e-02
7.342781e-03
1.778584e-02
1.207447e-02
2.297110e-02
1.013328e-02
1.558984e-02
1.940955e-02
-1.381968e-02
-8.259106e-03
3.809656e-02
3.150502e-03
-7.508398e-04
-1.989644e-02
2.618776e-03
8.817251e-03
-1.684373e-02
-2.453031e-02
-3.455176e-03
4.518003e-03
-2.942350e-02
-1.523623e-02
-6.186453e-03
-6.545771e-04
-1.418341e-03
-3.724930e-03
8.148429e-03
-8.328164e-04
-5.087738e-04
9.789958e-04
-1.014180e-03
1.516702e-03
-1.750824e-02
7.031823e-04
-9.055161e-03
-1.050999e-02
-3.828918e-03
-4.069380e-02
-4.237161e-02
-8.198890e-03
-1.671341e-02
-4.589576e-02
-4.446905e-02
-1.658968e-02
-1.459576e-02
-9.841851e-03
-8.063176e-03
-2.080653e-02
5.795651e-02
5.731066e-02
