2.211241e-02
2.203068e-02
1.920161e-02
3.272465e-03
1.497713e-02
2.016067e-02
2.622007e-02
2.043939e-02
1.959619e-02
2.075884e-02
-7.689154e-03
3.040487e-03
6.115947e-02
-5.669853e-03
-3.234223e-02
7.317007e-03
-7.656763e-03
-2.104339e-02
-9.856929e-03
-1.317199e-02
-2.542650e-03
4.450135e-03
4.590800e-03
-8.892050e-02
1.255264e-02
7.060352e-03
-4.023716e-04
-1.052213e-03
2.117821e-03
-5.720022e-03
6.643398e-04
6.693692e-04
-1.308321e-02
-8.449710e-03
6.433357e-03
-9.010542e-04
-7.872378e-03
-2.400461e-02
2.270792e-03
-4.102632e-03
-9.217525e-03
-1.798344e-02
-3.075068e-02
-2.107964e-02
-8.936903e-03
-2.901383e-03
-4.312720e-02
-8.911493e-02
-4.466846e-02
-1.325868e-02
5.434384e-02
7.672004e-03
