1.307303e-02
2.620599e-02
2.503010e-02
1.402516e-02
2.378878e-02
1.192353e-02
1.799378e-02
1.179241e-02
1.295558e-02
1.778977e-02
-2.002345e-02
-5.596302e-03
4.439853e-02
-4.564163e-03
1.454471e-03
-1.629540e-02
1.127391e-02
5.543727e-03
-1.187775e-02
-2.592322e-02
-1.671235e-04
5.183931e-03
-3.477063e-02
-9.003967e-03
-3.089212e-03
-1.271073e-02
-3.461630e-03
-1.586689e-03
4.161144e-03
1.301322e-03
-1.781955e-04
5.920050e-03
-5.822520e-03
5.102800e-03
-1.221213e-02
4.290633e-03
-9.621360e-03
-6.004432e-03
-1.373064e-02
-4.954510e-02
-5.256655e-02
-2.587521e-02
-3.706442e-02
-2.345234e-02
-5.991608e-02
-1.274316e-02
-2.860828e-02
-8.009265e-03
-6.133154e-03
-1.497396e-02
1.288445e-01
5.524691e-02
