2.479046e-02
3.494331e-02
3.488825e-02
2.885130e-02
1.878013e-02
2.068663e-02
2.226163e-02
3.894266e-02
1.971746e-02
1.357953e-02
-3.053474e-03
4.157903e-03
3.311133e-03
2.306788e-02
-3.053314e-02
2.817174e-02
5.641980e-03
-7.969900e-03
-1.482660e-02
-1.650638e-02
2.805222e-03
-7.639488e-03
-4.486916e-03
1.048562e-02
2.512554e-03
-1.303657e-03
6.624451e-03
8.851542e-04
-1.288582e-02
8.497860e-03
9.429618e-03
-4.065213e-03
-4.385585e-03
-1.947770e-04
-1.163720e-02
3.806235e-03
-1.089984e-03
3.223223e-03
1.022184e-02
8.153748e-03
-2.326192e-02
-6.084954e-02
-1.297883e-02
-2.450945e-02
-1.138085e-02
-2.357742e-02
-4.504330e-02
-6.210331e-02
-4.827309e-02
-2.733805e-02
2.469863e-02
2.597037e-02
