-3.795058e-03
1.098128e-02
7.711099e-03
1.799983e-02
1.437082e-02
2.144040e-02
1.241860e-02
1.687510e-02
2.131920e-02
1.651783e-02
3.832403e-03
3.058729e-02
-9.976185e-04
-4.088198e-03
9.017850e-03
-1.352819e-02
1.670523e-03
4.176961e-04
-1.760758e-02
1.060617e-03
1.294890e-03
-5.586161e-04
-1.607501e-03
-1.754454e-02
4.395647e-03
-1.129030e-02
-1.863734e-02
1.097483e-02
-3.314179e-03
1.824699e-02
-6.318713e-03
2.597798e-03
-4.965185e-04
-7.562726e-03
-1.755663e-02
-1.068136e-02
-7.756772e-03
-6.811962e-04
9.761764e-03
-8.940344e-03
-1.785142e-03
-3.555011e-02
-2.000000e-01
-5.348562e-04
-3.008150e-02
-5.848113e-02
-1.708665e-02
-3.264342e-02
-2.301305e-02
7.445154e-03
5.053892e-02
4.533834e-02
