1.441990e-02
4.164065e-03
5.625792e-02
4.295891e-03
9.104629e-03
1.130293e-02
1.357669e-02
1.273972e-02
4.848929e-03
1.235850e-02
6.791464e-05
4.906443e-03
8.701477e-03
4.172138e-02
-1.545191e-02
-3.890151e-03
-4.602022e-03
-7.428566e-04
-6.200045e-03
-2.340732e-03
-5.000713e-03
-2.431942e-02
-3.264775e-03
4.162079e-03
-6.055710e-03
-3.976637e-03
6.906185e-03
1.235551e-03
-9.403943e-03
-5.258635e-04
-9.716629e-03
-2.843005e-02
-2.444668e-03
4.983789e-03
1.825804e-04
-1.269346e-04
6.523592e-04
8.088068e-03
-6.901693e-03
-6.437383e-03
-4.784377e-03
-3.011785e-02
-1.198785e-02
-1.692741e-02
-1.925763e-02
-2.460011e-02
-8.479022e-03
-2.053632e-02
-9.930437e-03
-2.041948e-02
4.487979e-02
4.053929e-02
