2.849507e-02
2.866459e-02
2.807938e-02
2.894653e-02
2.054793e-02
2.223664e-03
1.172915e-02
1.661495e-02
2.074067e-02
3.084592e-03
3.018537e-03
-9.551582e-03
-2.951140e-03
-4.495675e-03
5.354103e-03
-1.618364e-03
-9.014942e-03
-1.383213e-02
-7.447937e-04
6.711347e-04
2.878236e-03
9.711553e-03
4.966548e-03
-7.341184e-03
3.337011e-03
4.619346e-03
-1.348720e-02
1.519476e-03
-2.013289e-02
-1.898727e-02
1.230186e-02
-3.693572e-02
-7.699642e-03
9.442687e-03
-1.018350e-02
-2.390676e-03
-9.097105e-03
-1.010802e-02
-6.921626e-04
2.348344e-03
-7.168786e-03
-6.660927e-03
-2.635823e-02
-8.621488e-03
1.698614e-03
-8.377545e-03
-1.007990e-02
-1.191222e-02
-1.311505e-02
-2.154528e-02
5.846817e-02
1.008528e-01
