1.850717e-02
2.887669e-02
1.403327e-02
2.594334e-02
2.596562e-02
9.955157e-03
1.883086e-02
1.604934e-02
2.010963e-02
1.880484e-02
1.299195e-03
-2.084424e-03
4.544024e-03
2.863753e-02
-3.077854e-02
6.317295e-03
4.029751e-03
-1.269851e-04
-2.317667e-04
-1.476773e-03
3.156431e-03
1.382996e-03
-4.851075e-04
-1.401108e-04
-6.180270e-03
-2.986482e-03
-2.632834e-03
1.502256e-03
-1.037867e-02
-7.718637e-03
8.347901e-03
-1.917691e-03
-5.274400e-03
9.574091e-03
-4.053748e-03
4.494474e-03
-1.831812e-03
-9.096083e-03
-1.268817e-02
6.913518e-03
-1.156213e-02
-9.225301e-03
-2.801165e-03
-1.326823e-02
-3.236251e-03
-2.573695e-02
-2.268781e-02
-1.990143e-02
-4.324449e-03
-2.173302e-02
7.982041e-02
3.447519e-02
