1.630647e-02
2.381571e-02
1.347680e-02
2.329209e-02
2.629603e-02
8.716740e-03
2.021175e-02
1.722428e-02
1.662808e-02
1.595428e-02
4.120263e-03
-8.647976e-04
-2.414684e-03
2.243932e-02
-1.190187e-02
6.347786e-03
2.651672e-03
-2.476173e-03
7.257509e-03
-7.021963e-04
4.785098e-03
2.168302e-03
-2.589439e-03
2.535999e-03
-6.950401e-03
-1.815083e-03
-4.617353e-03
2.946130e-03
-1.261212e-02
-9.218108e-03
-7.666910e-04
-7.877525e-04
-2.218055e-03
8.650493e-03
-2.248444e-03
5.391490e-03
-2.154404e-03
-7.481545e-03
-1.063109e-02
3.572019e-03
-1.154113e-02
-5.182285e-03
-3.060187e-03
-2.477933e-02
-2.320170e-03
-3.012226e-02
-1.500963e-02
-1.682593e-02
-6.671172e-03
-1.257308e-02
7.228782e-02
3.750890e-02
