2.125166e-02
2.420740e-02
8.051714e-03
2.476414e-02
1.837646e-02
2.299079e-03
1.245561e-02
1.307613e-02
1.376106e-02
4.103552e-03
8.123497e-04
-1.125292e-02
1.214595e-02
-6.388075e-03
-1.065782e-03
-2.875997e-03
-8.939063e-03
-2.088556e-02
2.165851e-03
-5.769109e-04
1.649020e-03
5.994696e-03
9.010352e-03
-1.855429e-02
1.799753e-04
-3.798759e-03
-2.977982e-03
2.384645e-03
-2.184624e-02
-1.113945e-02
8.907105e-03
-4.367002e-02
-1.033589e-02
2.221148e-03
-1.407224e-03
-2.142273e-03
-8.348119e-03
-9.725099e-03
-5.131388e-04
2.858523e-03
-1.971170e-02
1.382122e-03
-3.003979e-02
-1.348515e-02
-5.612182e-03
-2.077739e-02
-1.410830e-02
-1.893092e-02
-1.034618e-02
-4.200606e-02
3.760679e-02
6.772795e-02
