2.414868e-02
2.862085e-02
1.498164e-02
2.573997e-02
1.818761e-02
-1.952025e-04
1.343984e-02
1.506899e-02
1.806606e-02
5.078392e-03
-2.602453e-03
-1.300485e-02
4.774234e-03
-4.672479e-03
-2.279055e-03
-2.951841e-03
-2.232372e-03
-8.974523e-03
-7.173664e-04
7.975155e-04
8.711483e-04
4.989593e-03
6.794593e-03
-9.589256e-03
5.821931e-03
9.472577e-04
-6.821495e-03
1.911453e-03
-1.460713e-02
-1.076898e-02
1.494487e-02
-2.547969e-02
-9.586486e-03
6.480758e-03
-4.564511e-03
-3.706492e-03
-8.291130e-03
-7.835430e-03
-6.826682e-04
1.814364e-03
-1.269486e-02
-2.610918e-03
-2.679429e-02
-8.351989e-03
-7.179178e-03
-1.324017e-02
-8.079595e-03
-1.391194e-02
-1.041850e-02
-2.684925e-02
7.246762e-02
9.746890e-02
