1.920726e-02
1.418703e-02
9.397791e-03
7.590071e-03
1.090709e-02
1.709068e-02
1.965352e-02
1.585781e-02
1.362096e-02
1.481365e-02
-3.819098e-03
4.105691e-03
4.111998e-02
-5.522550e-03
-3.994436e-02
2.132249e-03
-6.440036e-03
-1.335119e-02
-2.364562e-02
-3.180203e-02
-7.295474e-03
3.893892e-03
1.920434e-03
-2.809944e-02
8.554387e-03
1.385001e-03
-4.088897e-03
-2.370420e-03
-1.107651e-02
-7.410827e-03
-8.081334e-03
-3.817802e-03
-3.589097e-03
-2.805991e-02
4.978347e-03
-1.898864e-03
-7.440925e-04
-1.813648e-02
1.098515e-03
-4.802407e-03
-1.893747e-02
-3.672853e-02
-1.840540e-02
-1.973614e-02
-1.193867e-02
-1.021320e-02
-2.326016e-02
-2.330422e-02
-4.940375e-02
-8.461936e-03
4.384624e-02
2.787876e-02
