1.782005e-02
2.196732e-02
1.975830e-02
2.146127e-02
1.557172e-02
1.663995e-02
1.259362e-02
2.357725e-02
1.957118e-02
1.403121e-02
1.781438e-03
3.949159e-03
-7.010642e-03
3.217488e-03
-4.649221e-02
1.819193e-03
-1.146167e-02
-5.210380e-03
-1.947844e-02
-7.354582e-03
-4.180209e-03
9.783123e-04
3.660851e-03
-5.551201e-03
-2.166523e-03
9.722993e-03
-4.899352e-03
-2.863227e-03
-6.900889e-03
3.640424e-03
-9.803537e-03
-8.224505e-03
1.146152e-03
-2.125463e-03
-1.439662e-02
-2.395233e-03
3.652193e-03
-8.593391e-03
6.283207e-03
5.066703e-03
-2.675678e-02
-1.864108e-02
-1.826197e-02
-1.792706e-02
-4.156139e-02
-1.038516e-02
-3.092770e-02
-8.389530e-02
-1.947169e-02
-1.989825e-02
4.279987e-02
4.648043e-02
