6.240668e-03
2.423453e-02
1.569167e-03
2.251567e-02
1.240767e-02
1.998021e-02
1.980973e-02
1.896134e-02
2.399247e-02
1.667909e-02
2.978437e-03
2.207189e-02
3.551443e-03
-6.866481e-03
1.134737e-02
-8.259628e-03
-1.187366e-02
-4.420754e-03
-1.846902e-02
1.291590e-03
-2.280284e-04
-3.120797e-03
3.012664e-03
-1.622398e-02
7.330940e-03
-1.000297e-02
-3.063649e-03
9.174431e-03
-1.293644e-02
1.142474e-02
-7.386488e-03
5.674446e-03
-1.160524e-02
7.795300e-04
-1.095649e-02
-6.098103e-03
-3.530647e-03
2.658225e-03
8.153564e-03
-6.183186e-03
-1.038855e-02
-2.641378e-02
-3.385032e-02
-5.512548e-03
-2.333052e-02
-2.231363e-02
-1.524886e-02
-3.128996e-02
-2.349292e-02
-4.338610e-03
7.932653e-02
6.511363e-02
