1.512699e-02
2.424290e-02
1.254972e-02
2.509258e-02
3.091584e-02
7.692823e-03
2.189488e-02
1.786227e-02
1.667332e-02
1.652267e-02
6.204141e-03
6.332957e-04
-2.051366e-03
2.014981e-02
-1.163030e-02
9.579912e-03
-3.066269e-04
-3.367364e-03
1.464006e-02
-1.328353e-03
3.785809e-03
-7.217137e-04
-1.714106e-03
3.879019e-03
-4.804267e-03
-2.464541e-03
-6.923053e-03
2.552881e-03
-4.061785e-03
-9.635697e-03
-1.220358e-02
-7.249680e-04
-1.213211e-03
8.573595e-03
-3.977782e-03
2.673497e-03
-1.859764e-03
-8.820322e-03
-1.214913e-02
3.864437e-03
-1.269353e-02
-5.359845e-03
-5.091779e-04
-2.162282e-02
-5.352734e-03
-2.702034e-02
-1.517797e-02
-1.864352e-02
-6.007953e-03
-8.371871e-03
6.824757e-02
4.433331e-02
