1.664879e-02
5.105043e-03
6.782694e-02
3.357530e-03
9.959512e-03
1.314801e-02
1.459647e-02
1.528544e-02
6.799080e-03
1.381551e-02
2.637032e-04
5.872311e-03
5.731737e-03
5.698763e-02
-1.764105e-02
-5.067171e-03
6.806398e-04
9.951646e-04
-9.395446e-03
-2.527859e-03
-6.995197e-03
-2.955696e-02
-3.427422e-03
6.769938e-03
-4.081504e-03
-2.724145e-03
1.981912e-03
-3.578177e-03
-1.031456e-02
-2.895920e-03
-9.426723e-03
-3.285196e-02
-1.928696e-03
6.608303e-03
-1.025706e-03
-1.204850e-03
-1.101377e-03
9.468954e-03
-2.917184e-03
-1.079669e-02
-3.715960e-03
-3.673551e-02
-1.219623e-02
-2.155567e-02
-2.676344e-02
-3.116921e-02
-3.670801e-03
-2.536954e-02
-2.511460e-02
-2.122630e-02
6.382286e-02
5.365723e-02
