1.608318e-02
-4.063827e-04
5.060581e-02
2.727801e-03
1.305106e-02
9.736122e-03
1.240565e-02
1.372176e-02
5.021554e-03
1.213854e-02
3.607500e-03
6.883306e-03
8.227261e-03
4.295324e-02
-1.540923e-02
-7.858090e-03
-9.236667e-04
-1.023179e-03
-5.382577e-03
-2.120924e-03
-1.112086e-02
-2.215212e-02
-3.487559e-03
4.647323e-03
-6.930947e-03
-3.089493e-04
1.027485e-02
-1.186159e-03
-7.443373e-03
-1.468401e-03
-1.237653e-02
-2.986453e-02
-1.956119e-03
5.547558e-03
1.103142e-03
-1.022019e-03
-6.683842e-04
8.472605e-03
-7.951865e-03
-6.997402e-03
-5.211673e-03
-1.947918e-02
-1.362499e-02
-2.536925e-02
-1.797485e-02
-2.888397e-02
-1.040175e-02
-2.301088e-02
-7.140465e-03
-1.867394e-02
3.819063e-02
2.713138e-02
