2.397310e-02
3.375448e-02
2.698359e-02
2.353357e-02
1.459024e-02
1.728219e-02
1.871468e-02
2.762179e-02
2.232572e-02
1.718075e-02
-3.685994e-03
3.285651e-04
-2.506488e-03
5.397001e-03
-2.639008e-02
1.180182e-02
1.284013e-02
-8.507545e-03
-1.472863e-02
-1.214481e-02
-9.344481e-03
5.121493e-03
-3.981698e-03
-3.270354e-03
1.681757e-03
5.066067e-03
2.316372e-03
-1.239242e-03
-7.662724e-03
4.464964e-03
-1.277999e-03
2.612901e-03
-1.540256e-03
-2.011016e-03
-1.062028e-02
1.028325e-03
1.528441e-02
-5.063276e-03
1.095124e-02
1.121359e-02
-2.887967e-02
-5.009707e-02
-1.128793e-02
-2.639673e-02
-2.112889e-02
-1.807533e-02
-2.318644e-02
-2.430482e-02
-5.867549e-02
-2.910229e-02
8.054426e-02
5.464164e-02
