2.032423e-02
7.562391e-03
1.436160e-02
2.246866e-02
1.885717e-02
1.985969e-02
1.670876e-02
1.873526e-02
7.502533e-03
4.711488e-03
-1.303585e-02
5.500997e-03
2.055792e-03
1.097203e-02
-1.639839e-02
-1.426279e-02
9.692684e-03
-9.006012e-03
-1.015275e-02
5.710547e-03
4.964087e-03
-1.400229e-02
-4.589409e-04
-2.182329e-03
-9.243698e-03
-4.451785e-03
-3.257422e-03
5.572681e-03
-1.027556e-02
1.783901e-03
2.892491e-03
-2.715641e-03
-1.465756e-02
-1.697450e-02
-2.421297e-02
2.546961e-03
1.532844e-02
-1.052557e-02
9.993887e-03
-2.161225e-02
-2.169317e-03
-2.655148e-02
-1.635621e-02
-1.220036e-02
-7.181121e-03
-6.863461e-03
-1.404733e-02
-3.110845e-02
-1.396594e-02
-1.856350e-02
5.149520e-02
7.119467e-02
