1.183375e-02
1.042220e-02
2.060671e-02
3.491573e-02
9.099963e-03
3.054561e-03
1.850395e-02
1.347846e-02
1.471657e-02
2.068476e-02
6.395249e-04
2.777842e-02
4.472231e-03
3.386717e-03
3.242654e-05
-1.804073e-02
-1.443540e-02
-4.346805e-03
1.558458e-03
-7.856178e-04
-1.507452e-02
4.350445e-04
-1.700093e-02
1.030125e-03
-1.446541e-02
3.855284e-03
7.604609e-03
5.337870e-03
1.969137e-03
2.885650e-03
-1.178814e-03
7.431203e-03
-6.397936e-03
-6.542093e-03
-6.058781e-03
9.141530e-05
-1.088872e-03
6.756501e-03
-3.634103e-02
-2.249925e-03
-1.375068e-02
-1.212687e-02
-4.432878e-02
-2.169415e-02
-1.779409e-02
-1.363194e-02
-2.551025e-02
-1.360898e-02
-1.698463e-02
-1.506076e-02
6.637010e-02
5.820716e-02
