2.039612e-02
1.334594e-02
1.358685e-02
1.190637e-02
1.304640e-02
1.942035e-02
1.588597e-02
2.227373e-02
1.853199e-02
1.634879e-02
9.599341e-04
-6.346497e-04
2.514522e-02
-7.523658e-03
-7.844211e-04
-1.405335e-02
1.520280e-02
-1.576034e-02
5.616985e-03
4.891618e-03
-2.091437e-02
4.210775e-03
5.594262e-03
1.087069e-03
2.669961e-03
-2.565932e-03
5.741393e-03
5.830658e-03
5.893674e-04
1.728149e-03
-1.171907e-03
-5.461122e-02
-1.986762e-02
-6.688091e-03
1.466299e-03
7.682230e-03
5.873703e-03
-5.112909e-04
2.610396e-03
-1.019026e-02
-4.286823e-03
-2.109384e-02
-3.898496e-03
-3.106504e-02
-8.467748e-03
-1.333348e-02
-7.529785e-02
-5.356168e-02
-1.105891e-02
-2.501136e-03
2.074109e-02
1.175640e-02
