1.368294e-02
2.089417e-02
5.159470e-03
2.550036e-02
3.571058e-02
9.003738e-03
2.151817e-02
1.794242e-02
1.719053e-02
9.929873e-03
7.115612e-03
-3.456644e-04
-7.691987e-03
3.543399e-02
-2.088202e-02
7.963770e-03
-3.194210e-03
2.210027e-03
1.463920e-02
2.202406e-03
3.338315e-03
-6.047396e-03
-3.856384e-03
5.196817e-03
-6.110024e-03
-2.585663e-03
-5.049888e-03
-1.178296e-03
8.329287e-03
-1.237740e-02
-5.291849e-03
-4.789316e-03
-2.242138e-03
1.267719e-02
-8.282828e-03
1.294066e-03
-4.917813e-03
-5.760622e-03
-2.648122e-02
5.545966e-03
-1.661554e-02
-1.030512e-02
-1.928578e-03
-1.683198e-02
2.607044e-03
-2.659435e-02
-2.009320e-02
-1.312777e-02
-5.339313e-03
-6.858746e-03
3.899170e-02
-2.660112e-04
