2.326187e-02
1.729592e-02
1.830568e-02
2.429731e-02
1.487438e-02
1.782663e-02
1.860719e-02
2.510615e-02
2.512420e-02
1.405866e-02
4.390831e-03
9.542218e-04
3.481984e-02
-2.991482e-03
7.850518e-03
-1.234768e-02
1.813284e-02
-1.358960e-02
4.445738e-03
2.479623e-03
-1.319215e-02
7.632076e-03
1.419495e-02
6.278559e-03
-2.414896e-03
5.937148e-04
6.814885e-04
5.637353e-03
-4.040358e-03
4.109918e-03
-2.127395e-03
-2.539904e-02
-1.187017e-02
-6.922347e-03
-1.474554e-03
5.851515e-03
1.035515e-03
-1.474270e-04
-2.249775e-03
-1.790029e-02
-1.562480e-02
-8.360909e-03
5.113339e-03
-3.485944e-02
-7.053350e-03
-1.702743e-02
-4.675043e-02
-3.207574e-02
-1.317766e-02
4.877111e-03
6.186058e-02
4.279077e-02
