2.135826e-02
2.538398e-02
7.896152e-03
2.048595e-02
2.542382e-02
1.070890e-02
1.356969e-02
1.753483e-02
1.844228e-02
1.359191e-02
2.725625e-03
-8.673787e-04
-1.269289e-02
2.796873e-02
-1.822799e-02
1.188629e-03
5.668049e-03
-4.740878e-03
6.570217e-03
-9.502626e-04
3.086075e-03
7.141490e-03
-3.459374e-03
2.960400e-03
-1.171509e-02
-2.869018e-03
-1.957026e-03
2.632137e-03
-1.498690e-02
-9.471991e-03
5.419773e-05
-1.763300e-03
-2.491693e-03
7.350970e-03
-2.853917e-03
3.903635e-03
-2.400459e-04
-8.946006e-03
-8.864036e-03
4.400098e-03
-1.453638e-02
-1.291068e-02
-9.222624e-03
-5.147298e-02
2.328321e-03
-3.711390e-02
-2.703636e-02
-1.295968e-02
-1.094558e-02
-1.845677e-02
3.852266e-02
1.130733e-02
