2.377710e-02
-2.058147e-02
1.327858e-02
3.069221e-02
2.001757e-02
2.783386e-02
1.685815e-02
2.749824e-02
1.272228e-02
7.442659e-03
-4.010251e-02
4.779018e-03
-4.725130e-03
4.947650e-02
-1.767649e-02
-1.716859e-02
7.830848e-03
-2.086873e-02
-7.124966e-03
-3.895310e-03
6.551876e-03
-1.424241e-02
4.067593e-03
-6.100309e-03
-1.438619e-02
-1.452474e-02
-2.749679e-03
1.043131e-02
-1.256863e-02
9.705957e-04
4.451442e-03
-1.083088e-02
-1.897719e-02
-1.684601e-02
-1.334108e-02
-2.957311e-03
1.225277e-02
-1.129898e-02
1.492956e-02
-1.085750e-02
4.139870e-04
-2.006346e-02
-5.715181e-02
-1.101293e-02
-7.484113e-03
-7.128255e-03
-1.343776e-02
-3.386262e-02
-9.900823e-03
-1.543380e-02
5.609397e-02
9.192349e-02
