1.937420e-02
5.593596e-03
1.252524e-02
2.007217e-02
1.806132e-02
1.828796e-02
1.668473e-02
1.644922e-02
9.496798e-03
6.246612e-03
-2.022076e-02
4.378517e-03
3.574912e-03
9.460150e-03
-1.929177e-02
-1.162350e-02
9.523001e-03
-5.251919e-03
-1.131357e-02
4.227394e-03
3.651145e-03
-1.078940e-02
-1.509966e-04
-2.453936e-03
-7.461170e-03
-8.850798e-03
3.112007e-05
4.363418e-03
-1.066555e-02
4.846365e-03
4.302639e-03
-8.093651e-03
-1.325130e-02
-1.188976e-02
-2.105988e-02
-1.041726e-03
1.076353e-02
-6.910410e-03
8.064955e-03
-2.040674e-02
-4.629068e-03
-2.851902e-02
-1.420993e-02
-1.141807e-02
-6.633931e-03
-1.019204e-02
-1.468523e-02
-3.249428e-02
-6.609780e-03
-1.553859e-02
5.953424e-02
7.449644e-02
