1.231998e-03
1.320106e-02
1.173743e-02
3.033291e-02
1.688360e-02
1.555939e-02
2.011662e-02
1.445523e-02
3.754316e-03
1.566809e-02
-1.361563e-02
9.615658e-03
3.318772e-04
-3.316553e-03
6.180953e-03
-3.588170e-03
1.975664e-03
-6.920103e-03
-3.106622e-02
5.794056e-03
-8.108447e-03
1.040291e-02
7.912032e-03
3.156317e-03
1.288803e-03
-1.485792e-03
3.121749e-03
1.488130e-04
-5.220212e-03
-5.972814e-03
-5.026939e-03
-1.364370e-02
-1.291775e-02
5.341562e-03
1.116210e-02
-6.706943e-03
-1.955739e-02
-8.945911e-03
2.999063e-03
7.988649e-04
-5.614733e-03
-2.158967e-02
-2.506099e-02
-1.797540e-02
-4.678195e-02
-1.899929e-02
-2.304923e-02
-3.506397e-02
-4.183420e-03
-2.213035e-02
2.858351e-02
4.618179e-02
