-1.992818e-03
1.454613e-02
1.998222e-02
4.147525e-02
2.029903e-02
1.900898e-02
2.548155e-02
1.589730e-02
2.913517e-03
1.778380e-02
-1.898893e-02
1.629807e-02
1.724898e-03
3.950491e-03
6.701002e-03
8.499725e-04
1.153091e-02
-9.957503e-03
-2.437075e-02
9.657027e-03
-5.095587e-03
1.382990e-02
4.656698e-03
-6.482809e-04
1.871679e-03
1.468055e-03
1.058241e-02
-1.266964e-04
-6.109905e-03
-6.946583e-03
1.448484e-03
-9.571954e-03
-1.427506e-02
7.497267e-03
1.364136e-02
-4.455230e-03
-1.115294e-02
-8.767822e-03
3.328045e-03
-8.686600e-04
-8.883527e-03
-1.481505e-02
-2.017522e-02
-1.655964e-02
-4.052271e-02
-1.417382e-02
-1.642361e-02
-3.864120e-02
-2.168223e-03
-1.531480e-02
5.620795e-02
6.722422e-02
