2.137181e-02
2.914429e-02
2.780517e-02
2.279762e-02
1.614190e-02
2.457066e-02
1.745410e-02
3.294219e-02
2.588832e-02
2.211527e-02
1.797589e-03
5.751537e-03
-7.833760e-04
5.053195e-03
-3.797232e-02
1.084826e-02
-4.055263e-03
1.130288e-02
-3.802861e-02
-1.298517e-02
-6.063453e-03
7.321555e-03
-2.202634e-03
-5.062216e-04
3.920538e-03
2.489811e-03
5.109180e-03
-4.306794e-03
-7.316103e-03
5.689178e-03
-3.271723e-04
-8.650055e-03
-2.089303e-03
-3.217585e-03
-2.269364e-02
-7.794558e-03
1.582394e-02
-7.924724e-03
1.510665e-02
1.633142e-02
-4.161516e-02
-5.543706e-02
-2.048298e-02
-4.041202e-03
-1.849516e-02
-1.199977e-02
-3.841089e-02
-2.479408e-02
-2.418876e-02
-4.738397e-02
1.425804e-01
7.150050e-02
