1.059355e-02
3.306720e-02
3.109707e-02
2.502143e-03
2.129433e-02
1.347821e-02
2.372801e-02
8.480788e-03
1.676594e-02
2.053741e-02
-1.647885e-02
-1.031262e-02
3.968228e-02
-2.643154e-03
1.487202e-04
-1.844126e-02
3.356742e-03
9.635848e-03
-2.039137e-02
-2.050098e-02
-3.522291e-03
4.550879e-03
-3.183784e-02
-1.498917e-02
-4.519227e-03
5.137957e-03
-1.164204e-02
-6.655851e-03
1.122374e-02
4.787881e-04
-5.303599e-03
1.933166e-03
-2.628824e-03
-6.720043e-04
-1.828726e-02
3.473097e-03
-2.204199e-03
-1.476358e-02
1.565793e-03
-5.697265e-02
-4.259874e-02
-1.279863e-02
-3.384057e-02
-3.770966e-02
-6.593909e-02
-1.207994e-02
-9.060896e-03
-7.845194e-03
-1.163249e-02
-2.074878e-02
5.602309e-02
4.022304e-02
