2.022438e-02
1.984036e-02
1.358592e-02
8.069126e-03
1.309926e-02
2.014258e-02
2.214961e-02
1.782549e-02
1.697785e-02
1.755204e-02
-6.729831e-03
6.374558e-03
4.652079e-02
-5.018857e-03
-2.968771e-02
2.747196e-03
-6.075339e-03
-1.186326e-02
-2.000674e-02
-2.263303e-02
-6.043567e-03
2.980064e-03
2.645957e-03
-3.798243e-02
1.180332e-02
4.713676e-03
-4.479145e-03
-4.491632e-03
-1.233568e-02
-5.076135e-03
-8.764098e-03
3.180368e-04
-7.707366e-03
-2.728709e-02
4.056732e-03
-8.942782e-04
-2.293259e-03
-1.903306e-02
2.534130e-03
-3.552282e-03
-1.428191e-02
-2.118906e-02
-2.286697e-02
-2.095774e-02
-1.144433e-02
-1.649456e-02
-2.640676e-02
-2.690356e-02
-4.050266e-02
-8.431781e-03
8.270578e-02
3.967670e-02
