1.483130e-02
3.035145e-02
2.906861e-02
3.582629e-03
1.722990e-02
1.295606e-02
2.588041e-02
9.439466e-03
1.719875e-02
1.952790e-02
-1.368367e-02
-6.733593e-03
4.183341e-02
-1.719769e-02
-5.848631e-03
-1.822429e-02
3.286920e-03
7.588204e-03
-5.212878e-02
-2.405656e-02
-3.314373e-03
8.521075e-03
-2.507964e-02
-1.536469e-02
3.410700e-03
-4.792442e-03
-3.547494e-03
-2.659175e-03
5.895192e-03
-1.275917e-03
-9.860027e-03
5.351685e-04
-1.689874e-03
2.749326e-03
-9.302285e-03
6.186235e-03
1.057678e-02
-9.242569e-03
-1.516216e-03
-4.178310e-02
-6.271953e-02
-1.637162e-02
-2.710426e-02
-3.484810e-02
-9.214182e-02
-1.103822e-02
-1.628273e-02
-1.234516e-02
-1.425633e-02
-1.761349e-02
3.436103e-02
2.229838e-02
