1.058697e-02
1.441433e-02
1.866419e-02
3.473355e-02
1.368403e-02
1.660359e-03
1.623229e-02
1.066171e-02
1.132714e-02
1.461198e-02
-2.947410e-03
1.616901e-02
2.972928e-03
1.098369e-03
2.544093e-04
-1.346428e-02
-9.380365e-03
-3.988192e-03
-2.442033e-03
2.963388e-03
-2.251190e-02
-1.137656e-03
-2.045124e-02
2.374600e-04
-9.371843e-03
1.002111e-03
2.782718e-03
6.791712e-03
-7.125989e-04
5.151178e-03
-1.638224e-03
7.077722e-03
-3.368440e-04
-7.560628e-03
-1.039064e-02
-2.123400e-03
-6.198802e-03
8.884907e-03
-3.411863e-02
-3.126933e-03
-1.499961e-02
-1.025347e-02
-6.303494e-02
-2.598698e-02
-3.062741e-02
-8.299464e-03
-3.452171e-02
-1.071839e-02
-3.180346e-02
-1.453193e-02
3.235529e-02
3.169761e-02
