1.937937e-02
3.653879e-03
1.317219e-02
2.145475e-02
1.945857e-02
2.085150e-02
1.687386e-02
1.850268e-02
7.684884e-03
8.284757e-03
-1.917542e-02
5.195412e-03
6.243780e-03
1.533301e-02
-1.746907e-02
-1.233857e-02
7.922513e-03
-6.877674e-03
-1.175546e-02
1.184553e-02
3.111842e-03
-1.385341e-02
2.169858e-04
3.369364e-04
-1.148535e-02
-1.158299e-02
-4.179670e-05
7.211617e-03
-7.945710e-03
2.809604e-03
4.378149e-03
-8.087612e-04
-2.462085e-02
-1.150217e-02
-2.075490e-02
-1.680074e-03
1.018630e-02
-3.433858e-03
7.340304e-03
-2.210043e-02
-8.364953e-03
-3.140482e-02
-1.269997e-02
-1.235472e-02
-6.930681e-03
-9.939081e-03
-1.362994e-02
-3.433542e-02
-5.481867e-03
-1.628173e-02
7.415107e-02
9.136106e-02
