2.292348e-02
1.635022e-02
1.702731e-02
1.405230e-02
8.428828e-03
1.833743e-02
2.059856e-02
1.873470e-02
1.920786e-02
1.840875e-02
-3.468373e-03
7.988460e-03
4.978376e-02
-7.946877e-03
-2.683528e-02
-5.007777e-03
-7.571652e-03
-1.111740e-02
-1.277336e-02
-6.799444e-02
-8.904508e-03
3.511932e-03
-4.762847e-03
-4.924602e-02
1.631146e-02
-6.212372e-03
-1.298360e-02
-1.302700e-03
-1.761901e-02
-5.908776e-03
-5.270140e-03
3.287487e-03
-2.364295e-02
-3.857220e-02
7.609532e-03
-4.909758e-03
3.460712e-03
-2.765433e-02
3.072886e-04
-9.781703e-03
-2.900198e-02
-4.853305e-02
-1.582943e-02
-3.250437e-02
-8.609850e-03
-1.832626e-03
-2.320125e-02
-1.490587e-02
-3.940262e-02
-2.562089e-03
4.687420e-02
2.355930e-02
