2.038965e-02
1.618333e-03
1.400569e-02
2.008815e-02
1.941343e-02
1.888018e-02
1.721753e-02
1.625998e-02
1.208683e-02
1.025011e-02
-1.759947e-02
6.033882e-03
5.008092e-03
1.531488e-02
-2.474500e-02
-1.450575e-02
9.045249e-03
-3.819401e-03
-1.159407e-02
7.042568e-03
5.717496e-03
-1.437810e-02
-1.816082e-03
-3.861238e-03
-9.784512e-03
-7.702685e-03
2.344949e-03
5.989468e-03
-1.198225e-02
9.873026e-04
5.007162e-03
-8.682875e-03
-1.833064e-02
-1.419585e-02
-2.546483e-02
-4.021141e-03
9.356263e-03
-2.549902e-04
7.648078e-03
-1.679577e-02
-8.743019e-03
-2.214205e-02
-9.545532e-03
-1.366612e-02
-5.908267e-03
-9.882839e-03
-1.159226e-02
-4.402384e-02
-1.434721e-02
-3.337456e-02
7.004546e-02
9.073839e-02
