2.426412e-02
1.731538e-02
1.458432e-02
1.172891e-02
1.407494e-02
1.534245e-02
1.654928e-02
2.818104e-02
2.742656e-02
2.007351e-02
4.931514e-03
-4.865969e-03
5.723626e-02
4.991532e-03
3.180438e-03
-1.486353e-02
2.155917e-02
-2.026268e-02
6.036826e-03
5.467662e-03
-2.032555e-02
1.362407e-02
8.684033e-03
3.481920e-03
1.663018e-03
-1.722048e-03
-2.137387e-03
1.430819e-02
-6.481239e-03
6.085710e-03
-4.802229e-03
-3.359597e-02
-2.958991e-02
-6.026866e-03
3.917375e-03
1.033049e-02
7.560575e-03
9.308925e-05
3.284679e-03
-9.874132e-03
-1.085278e-03
-8.136817e-03
-9.077700e-03
-2.961630e-02
-1.103154e-02
-2.000000e-01
-7.078598e-02
-4.370249e-02
7.237036e-05
4.264895e-03
5.091096e-02
2.103626e-02
