1.732306e-02
2.352699e-02
1.091886e-02
1.572514e-02
3.499745e-02
9.369858e-03
1.930833e-02
1.711619e-02
1.710593e-02
1.397240e-02
4.402046e-03
7.074677e-04
-5.656217e-03
2.818980e-02
-1.469050e-02
6.898238e-03
2.848784e-03
-4.213004e-03
9.726377e-03
-9.884042e-04
5.303270e-03
3.910014e-03
-1.847456e-03
1.886985e-03
-7.539739e-03
-4.736455e-04
-5.680825e-03
-7.678196e-04
-1.343119e-02
-1.097531e-02
-8.574035e-04
-3.289650e-03
-2.554138e-03
1.048830e-02
-4.318648e-03
7.690539e-03
-3.054933e-03
-7.797582e-03
-1.210918e-02
4.883477e-03
-1.120707e-02
-4.805486e-03
-3.235996e-03
-2.465113e-02
-2.614209e-03
-3.552551e-02
-1.141166e-02
-2.118276e-02
-7.246728e-03
-8.929628e-03
7.373695e-02
3.613736e-02
