1.056407e-02
2.731503e-02
2.061140e-02
9.258004e-03
1.629684e-02
1.167504e-02
2.021193e-02
1.147161e-02
6.834727e-03
1.579662e-02
-1.076124e-02
-2.659148e-03
2.311599e-02
1.292186e-03
7.085872e-04
-9.629294e-03
1.053093e-03
5.124176e-03
-1.177861e-02
-1.370836e-02
4.737421e-03
2.815714e-03
-3.127751e-02
-2.307729e-03
-5.955805e-03
-1.002278e-03
-5.159265e-03
-7.171690e-04
2.579384e-03
-7.797178e-04
2.536127e-04
2.282825e-04
-9.609190e-04
1.353037e-03
-8.872103e-03
-2.252718e-03
-4.786804e-03
-2.724953e-03
-5.745391e-03
-2.584317e-02
-4.106430e-02
-2.718755e-02
-1.700961e-02
-1.782149e-02
-3.397923e-02
-1.085795e-02
-1.510785e-02
-1.155503e-02
-7.957874e-03
-1.705362e-02
7.092654e-02
5.478589e-02
