1.573396e-02
8.975527e-03
3.349039e-02
9.024523e-03
1.017219e-02
1.162710e-02
1.623465e-02
1.472701e-02
1.316420e-02
1.429863e-02
-1.380566e-03
5.984236e-03
5.229174e-03
3.082084e-02
-1.467107e-02
-3.087794e-03
-5.665358e-03
-2.733481e-04
-2.092394e-03
-1.064911e-02
-3.806932e-03
-3.452088e-02
1.273523e-03
1.025086e-02
-7.191686e-03
-6.334343e-03
8.486637e-03
2.852912e-03
-2.289712e-03
-7.649073e-04
-1.312037e-02
-2.944928e-02
-4.954159e-05
5.511857e-03
1.972616e-03
4.871103e-03
1.330073e-03
7.995473e-03
-9.867723e-03
-1.040561e-02
-2.812420e-03
-5.508123e-02
-1.628531e-02
-1.932530e-02
-3.649683e-02
-2.703276e-02
-1.337679e-02
-2.158324e-02
-5.774623e-03
-2.138275e-02
4.775466e-02
4.439988e-02
