2.194179e-02
9.859768e-03
1.987212e-02
2.172627e-02
1.933490e-02
1.929249e-02
1.736567e-02
2.168249e-02
2.351309e-02
1.499068e-02
-7.588115e-04
4.280564e-03
3.493014e-02
-3.535980e-03
6.832444e-04
-1.414298e-02
1.745620e-02
-1.491982e-02
-7.028957e-04
1.705019e-03
-1.571496e-02
6.540460e-03
1.610968e-02
-1.153781e-03
2.574917e-03
1.675331e-04
-1.127790e-03
1.100512e-02
-1.103397e-03
6.314103e-03
-2.838991e-03
-3.140251e-02
-8.433248e-03
-1.010418e-02
-3.362203e-04
7.430613e-03
1.719598e-04
-2.411534e-03
5.509541e-04
-1.647196e-02
-1.671924e-02
-6.338594e-03
2.061878e-03
-3.007939e-02
-5.382585e-03
-1.538684e-02
-7.355565e-02
-2.291926e-02
-1.309466e-02
4.500369e-03
4.224939e-02
4.418013e-02
