1.757234e-02
-3.692025e-03
6.711129e-03
2.710278e-02
1.846534e-02
2.040303e-02
2.178692e-02
3.166771e-02
6.404209e-03
1.179934e-02
-1.873859e-02
4.967902e-04
1.152929e-04
1.433398e-02
-2.576272e-02
-2.096656e-02
7.351768e-03
-6.083833e-03
-1.457952e-02
1.205861e-02
-1.237396e-02
-6.138070e-02
-5.039447e-03
-3.450681e-03
-4.110464e-02
-2.630732e-03
3.240229e-03
4.029299e-03
-1.202285e-02
-1.965570e-03
-4.767622e-03
-4.777651e-03
-2.371831e-02
-1.044746e-02
-3.991721e-02
-1.437680e-03
-5.095674e-03
-1.498319e-02
6.904558e-03
-1.341981e-02
-1.545299e-02
-2.431581e-02
-3.459915e-02
-2.299753e-02
4.294708e-03
-1.406201e-03
-3.001786e-02
-2.976463e-02
-1.139515e-02
-7.431784e-02
4.759083e-02
6.925879e-02
