1.433866e-02
3.844334e-03
5.344801e-02
5.986797e-03
9.036695e-03
1.366572e-02
1.383924e-02
1.262875e-02
5.449707e-03
1.237818e-02
1.649897e-03
5.809860e-03
1.017077e-02
3.661892e-02
-1.435093e-02
-4.730400e-03
-2.918672e-03
6.677229e-04
-6.377424e-03
-7.824985e-04
-5.865241e-03
-2.463914e-02
-2.045214e-03
2.154320e-03
-6.579184e-03
-5.332136e-03
7.010209e-03
2.102198e-03
-7.523852e-03
-3.964778e-04
-1.024113e-02
-2.766506e-02
-2.480067e-03
5.415842e-03
-1.065028e-03
3.802570e-03
-8.755137e-05
6.662923e-03
-9.626454e-03
-5.047955e-03
-5.424635e-03
-2.887118e-02
-1.357885e-02
-1.630613e-02
-2.003143e-02
-2.363141e-02
-1.218480e-02
-2.117851e-02
-8.028496e-03
-2.490103e-02
3.843226e-02
4.027022e-02
