3.828017e-03
2.317425e-02
2.212740e-03
2.186254e-02
1.300781e-02
1.870795e-02
1.829120e-02
1.899347e-02
2.308909e-02
1.766955e-02
3.385293e-03
2.307261e-02
2.166302e-03
-3.867085e-03
9.931906e-03
-8.343182e-03
-1.143738e-02
-2.950447e-03
-1.641191e-02
1.836975e-03
2.099265e-03
-2.095612e-03
3.431559e-03
-1.597702e-02
8.663084e-03
-1.188289e-02
-2.760197e-03
9.885733e-03
-1.196579e-02
9.645992e-03
-6.540967e-03
4.910974e-03
-9.966116e-03
3.133607e-03
-1.350732e-02
-8.009110e-03
-3.184666e-03
2.096282e-03
1.042411e-02
-8.066943e-03
-1.257805e-02
-2.806535e-02
-3.286321e-02
-4.006625e-03
-2.054092e-02
-2.429695e-02
-1.616591e-02
-3.879904e-02
-3.316588e-02
-2.665449e-03
7.484315e-02
5.790702e-02
