1.276149e-02
1.063701e-02
2.040587e-02
4.019053e-02
1.302639e-02
2.823670e-03
1.740081e-02
1.311649e-02
1.326830e-02
1.857987e-02
2.570949e-03
2.884345e-02
2.575551e-03
6.387984e-03
-1.851559e-03
-1.587960e-02
-1.303725e-02
-6.395682e-03
9.858643e-04
8.779847e-04
-1.396663e-02
7.226402e-04
-1.228356e-02
1.729350e-03
-1.289400e-02
4.952473e-03
6.204175e-03
9.348236e-03
-9.386872e-04
4.215545e-03
-7.889659e-04
8.404030e-03
-4.413190e-03
-7.304186e-03
-5.573900e-03
1.062872e-03
-2.809170e-03
1.079417e-02
-3.203006e-02
-5.894570e-04
-1.246227e-02
-1.225477e-02
-6.497525e-02
-2.478493e-02
-2.269296e-02
-1.305686e-02
-1.992565e-02
-1.795503e-02
-1.906838e-02
-1.028979e-02
5.531359e-02
6.344846e-02
