1.024461e-03
1.542042e-02
2.219763e-02
4.147195e-02
1.906404e-02
1.869502e-02
2.255117e-02
1.447857e-02
-5.735697e-03
1.682536e-02
-1.780747e-02
1.084142e-02
3.134560e-03
3.726382e-03
3.260813e-03
-5.909532e-04
8.862320e-03
-6.200711e-03
-3.079585e-02
5.564789e-03
-9.548152e-03
1.049213e-02
7.900446e-03
-3.071437e-03
-4.548281e-05
2.932376e-04
7.201473e-03
-7.058814e-05
-5.207077e-03
-7.126686e-03
-7.776269e-03
-1.052609e-02
-1.593148e-02
7.183406e-03
1.137801e-02
-1.242595e-03
-1.795479e-02
-8.310769e-03
2.482018e-03
6.427984e-04
-5.726509e-03
-1.149232e-02
-2.032287e-02
-1.481918e-02
-4.247807e-02
-1.679191e-02
-1.995773e-02
-4.648076e-02
-4.084647e-03
-1.758236e-02
6.843816e-02
7.412406e-02
