1.778665e-02
3.324616e-02
1.612174e-02
3.771938e-02
2.726827e-02
7.523067e-03
1.716883e-02
1.965982e-02
2.418684e-02
1.722339e-02
-1.161404e-03
-2.413468e-03
-1.887836e-02
4.130341e-03
-9.278536e-03
8.000494e-03
1.228795e-03
-1.427086e-02
7.876176e-04
2.449493e-03
-1.137158e-02
1.020485e-02
-7.038016e-03
1.386248e-04
-1.096240e-02
-8.069263e-03
1.640076e-04
4.715031e-03
-1.097979e-02
-8.908086e-03
-2.264861e-03
-1.598240e-03
2.187926e-03
7.181483e-03
-7.520992e-03
5.683108e-03
-1.436136e-02
-1.266693e-02
5.291404e-03
6.395743e-03
-1.395264e-02
-6.089722e-03
-1.801061e-02
-2.000000e-01
-1.303297e-04
-2.472856e-02
-1.922608e-02
-6.410794e-02
2.064075e-04
-3.141447e-02
4.396588e-02
3.192684e-02
