1.665128e-02
2.451476e-02
1.323341e-02
2.433442e-02
2.623108e-02
8.902002e-03
2.110378e-02
1.720383e-02
1.704122e-02
1.600802e-02
3.851920e-03
-1.199026e-03
-2.066534e-03
2.323405e-02
-1.169389e-02
6.140929e-03
3.138826e-03
-3.197182e-03
7.452041e-03
-1.095713e-03
4.267844e-03
2.355286e-03
-3.061135e-03
2.645008e-03
-6.928016e-03
-1.946559e-03
-4.529696e-03
3.047591e-03
-1.161871e-02
-9.275870e-03
-9.987304e-04
-7.677461e-04
-2.241470e-03
8.613860e-03
-2.297019e-03
6.362431e-03
-2.693402e-03
-7.292721e-03
-1.078609e-02
4.176504e-03
-1.078197e-02
-5.747220e-03
-3.357164e-03
-2.473027e-02
-2.494992e-03
-3.059076e-02
-1.472015e-02
-1.632909e-02
-7.134344e-03
-1.106697e-02
7.430505e-02
3.659188e-02
