2.083396e-04
1.489312e-02
1.104311e-02
3.267266e-02
1.588877e-02
1.498125e-02
2.174437e-02
1.328318e-02
1.133750e-03
1.517633e-02
-1.388350e-02
1.218102e-02
7.870124e-04
-3.490164e-03
5.559189e-03
-5.265986e-03
5.428855e-03
-3.896022e-03
-7.641748e-02
7.857914e-03
-6.193959e-03
1.328582e-02
1.014158e-02
1.587494e-03
9.043773e-04
-3.792836e-03
6.056678e-03
1.876129e-03
4.059217e-04
-4.388040e-03
-1.339766e-02
-1.301348e-02
-9.191614e-03
6.941786e-03
1.102956e-02
-4.201978e-03
-1.970476e-02
-8.968669e-03
2.966439e-03
1.519778e-04
-9.291027e-03
-2.244797e-02
-2.228835e-02
-1.630310e-02
-6.669578e-02
-1.427050e-02
-2.647005e-02
-4.455816e-02
-5.635290e-03
-1.816238e-02
3.316497e-02
4.485009e-02
