2.113030e-02
1.390541e-02
3.085090e-02
3.572687e-03
1.064391e-02
1.475925e-02
1.532674e-02
3.487937e-02
2.445642e-02
1.890769e-02
7.709234e-03
-1.312519e-02
3.445416e-02
-1.924405e-02
3.460737e-03
-1.120948e-02
1.852204e-02
6.299742e-03
1.067148e-02
3.566949e-03
-5.026454e-02
6.171731e-03
7.718685e-03
-7.305882e-04
-4.393503e-03
5.162115e-03
-4.630759e-04
-1.301067e-04
-1.686793e-02
-5.289964e-03
1.840691e-03
-2.000000e-01
-1.940601e-02
1.914080e-03
-8.529942e-03
8.924305e-03
2.402095e-03
1.885027e-03
3.632141e-03
-2.169601e-02
-9.900708e-03
4.079005e-03
-1.109311e-02
-4.285881e-02
-3.878255e-02
-4.174944e-02
-6.025816e-02
-6.115354e-02
-1.711383e-02
-6.530000e-03
2.840625e-02
3.204160e-03
