2.378765e-02
2.843622e-02
1.523868e-02
2.532935e-02
1.815989e-02
-3.940680e-04
1.330715e-02
1.514908e-02
1.802668e-02
5.400588e-03
-2.074879e-03
-1.332806e-02
4.290087e-03
-4.552701e-03
-2.642689e-03
-2.271977e-03
-2.389346e-03
-9.127055e-03
-8.329470e-04
6.493042e-04
6.753012e-04
5.278436e-03
6.306841e-03
-9.857937e-03
5.311481e-03
8.522638e-04
-6.312177e-03
1.527592e-03
-1.433417e-02
-1.140787e-02
1.435668e-02
-2.542175e-02
-9.349860e-03
6.624339e-03
-5.313459e-03
-3.550735e-03
-8.277337e-03
-7.363200e-03
-7.994754e-04
1.438986e-03
-1.156245e-02
-1.951814e-03
-2.509056e-02
-8.672553e-03
-7.728035e-03
-1.326793e-02
-8.014331e-03
-1.435369e-02
-9.316001e-03
-2.938353e-02
6.912010e-02
9.767380e-02
