1.785922e-02
2.450022e-02
1.153911e-02
2.302078e-02
2.857251e-02
8.719807e-03
2.174114e-02
1.698849e-02
1.680252e-02
1.612035e-02
3.583552e-03
-3.085675e-05
-2.593915e-03
2.383316e-02
-1.244673e-02
7.333286e-03
2.586302e-03
-5.199477e-03
9.227221e-03
-1.021999e-03
4.479453e-03
2.717020e-03
-2.532198e-03
2.974699e-03
-8.619842e-03
-1.253767e-03
-4.995002e-03
2.326276e-03
-1.172255e-02
-1.068430e-02
-1.071564e-03
-1.164429e-03
-1.414407e-03
9.298039e-03
-5.488215e-03
7.667584e-03
-3.112233e-03
-7.687289e-03
-1.332699e-02
4.150044e-03
-1.070662e-02
-3.084366e-03
-3.377224e-03
-2.443263e-02
-2.748919e-03
-3.125559e-02
-1.249934e-02
-1.617621e-02
-6.387190e-03
-9.706754e-03
7.296695e-02
3.456265e-02
