2.210523e-02
2.843873e-02
2.240272e-02
1.909093e-02
1.368451e-02
1.849736e-02
1.858771e-02
2.618702e-02
2.099016e-02
2.196025e-02
-1.855474e-03
6.069525e-03
-2.456650e-03
2.079629e-03
-2.529103e-02
6.138194e-03
2.519365e-03
-3.334671e-03
-7.551712e-03
-5.680986e-03
-3.194636e-03
3.233630e-03
-1.054991e-03
-2.980689e-04
1.532014e-03
2.584909e-03
4.105418e-03
9.181589e-04
-1.791780e-03
6.669564e-03
-9.207999e-03
-7.948035e-03
1.744760e-03
-1.858702e-03
-1.585035e-02
2.223724e-04
1.245743e-03
-5.595177e-03
8.639460e-03
7.445674e-03
-3.366053e-02
-3.161027e-02
-1.633012e-02
-1.980004e-02
-9.212090e-03
-1.476601e-02
-3.911526e-02
-1.577264e-02
-2.539421e-02
-2.028672e-02
8.661834e-02
6.155261e-02
