2.365739e-02
2.753246e-02
1.551964e-02
2.569952e-02
1.751082e-02
1.272833e-03
1.270755e-02
1.449754e-02
1.792277e-02
5.132175e-03
-1.441251e-03
-1.291369e-02
4.396058e-03
-5.076773e-03
-2.585728e-03
-3.150971e-03
-3.136393e-03
-8.631661e-03
-1.263985e-03
3.502444e-04
1.752784e-03
5.759822e-03
6.285779e-03
-9.751344e-03
5.431918e-03
8.642401e-04
-6.500335e-03
1.460167e-03
-1.635851e-02
-1.138499e-02
1.255662e-02
-2.448876e-02
-9.224381e-03
7.197013e-03
-5.658877e-03
-3.326695e-03
-8.482643e-03
-6.709677e-03
-7.475712e-04
3.517028e-04
-1.071929e-02
-8.942559e-04
-2.253559e-02
-9.992959e-03
-7.084327e-03
-1.257648e-02
-1.058815e-02
-1.504943e-02
-7.333026e-03
-2.695621e-02
6.318216e-02
9.168541e-02
