2.758180e-02
3.102865e-02
1.440943e-02
2.765422e-02
1.931545e-02
-3.764368e-03
1.404384e-02
1.791390e-02
1.963681e-02
6.014610e-03
-4.647731e-03
-1.461822e-02
6.375497e-03
-6.960405e-03
-4.245428e-03
-2.513455e-03
-3.362944e-03
-8.718026e-03
-1.407680e-03
5.029716e-03
-1.082809e-03
4.020314e-03
8.315119e-03
-9.669142e-03
1.055441e-02
9.479751e-04
-7.994333e-03
1.788113e-03
-1.393096e-02
-8.323238e-03
2.072690e-02
-2.319529e-02
-1.110720e-02
7.527701e-03
-2.183830e-03
-5.347498e-03
-7.153957e-03
-1.233455e-02
7.232654e-05
3.282129e-03
-1.806053e-02
-7.376071e-04
-3.021464e-02
-3.797336e-03
-1.210181e-02
-1.537646e-02
-6.983025e-03
-1.391869e-02
-1.465124e-02
-3.282286e-02
7.988510e-02
1.050706e-01
