1.964488e-02
1.428379e-02
1.650988e-02
1.672500e-02
1.804797e-02
1.572195e-02
1.617317e-02
2.105754e-02
2.259296e-02
1.463670e-02
9.534654e-04
1.322759e-03
3.812085e-02
-5.369957e-03
5.821039e-03
-9.125289e-03
1.428595e-02
-1.251627e-02
6.603100e-03
-3.559919e-03
-2.376276e-02
4.577182e-03
1.201523e-02
3.778317e-04
1.417962e-03
-1.470413e-04
-1.110961e-03
8.177390e-03
-3.402608e-03
7.399143e-03
-4.546531e-04
-1.900621e-02
-2.740118e-02
-6.486620e-03
1.269998e-03
6.392624e-03
2.175703e-03
-3.087061e-04
3.171756e-03
-4.291089e-03
-1.911967e-02
-1.384432e-02
-3.887988e-04
-3.719829e-02
-7.474936e-03
-1.476744e-02
-3.716135e-02
-3.747023e-02
-1.446652e-02
5.830179e-03
5.074541e-02
3.227756e-02
