2.054684e-02
1.434286e-02
1.692437e-02
2.134026e-02
1.640899e-02
1.739331e-02
1.584254e-02
2.168598e-02
2.374547e-02
1.344116e-02
2.647083e-03
1.071949e-05
3.550395e-02
-4.191533e-03
3.599446e-03
-1.158354e-02
1.699090e-02
-1.850767e-02
3.451547e-03
7.250900e-04
-1.533565e-02
7.141092e-03
1.637617e-02
4.130254e-04
4.055608e-04
4.529719e-04
1.727360e-04
8.783448e-03
-3.512040e-03
5.740937e-03
-4.967675e-04
-2.717809e-02
-1.507098e-02
-4.894880e-03
-1.582082e-03
7.191174e-03
1.189911e-03
-1.199534e-03
3.936248e-04
-1.671090e-02
-6.408637e-03
-1.113590e-02
1.735312e-03
-3.174395e-02
-6.108614e-03
-1.341531e-02
-4.871786e-02
-2.987932e-02
-1.408232e-02
3.935237e-03
6.013795e-02
4.938931e-02
