1.837590e-02
2.266950e-02
1.688438e-02
9.086982e-03
1.225897e-02
1.910368e-02
2.089395e-02
1.763942e-02
1.697089e-02
1.823494e-02
-6.553300e-03
6.564468e-03
4.709267e-02
-5.714576e-03
-3.516494e-02
1.346255e-03
-5.870858e-03
-8.995626e-03
-1.792636e-02
-2.457380e-02
-5.706825e-03
2.864624e-03
1.311463e-03
-3.589001e-02
1.142608e-02
3.334663e-03
-5.745197e-03
-3.526611e-03
-1.179128e-02
-4.363521e-03
-7.746524e-03
3.163923e-04
-7.680176e-03
-2.464050e-02
2.827808e-03
-1.558872e-03
-1.757109e-03
-1.962083e-02
2.129951e-03
-3.481235e-03
-1.493177e-02
-2.450856e-02
-1.736928e-02
-2.208213e-02
-8.385689e-03
-1.420893e-02
-2.513142e-02
-2.783453e-02
-4.640548e-02
-1.008675e-02
8.008646e-02
3.915836e-02
