2.207534e-02
1.231119e-02
1.634754e-02
2.158262e-02
1.482519e-02
1.875204e-02
1.485024e-02
2.157782e-02
2.394371e-02
1.217718e-02
2.236920e-03
-2.533053e-04
3.522682e-02
-8.044033e-03
2.251021e-03
-1.281975e-02
2.100983e-02
-1.214193e-02
6.040272e-03
1.603328e-04
-1.513431e-02
8.474684e-03
7.319633e-03
-1.030597e-03
2.581298e-03
-1.903697e-03
-9.396241e-04
9.506776e-03
-1.564630e-03
2.079856e-03
-2.065944e-03
-2.388109e-02
-9.508852e-03
-4.093640e-03
-6.545380e-03
9.602734e-03
-1.264856e-03
2.870782e-04
1.028866e-03
-2.089350e-02
-5.322117e-03
-3.157134e-03
3.148664e-03
-4.998697e-02
-7.292203e-03
-1.051177e-02
-2.603091e-02
-3.146598e-02
-1.459034e-02
2.763552e-03
5.140515e-02
3.249255e-02
