1.046555e-02
2.674521e-02
2.161916e-02
8.716858e-03
1.585544e-02
1.131895e-02
2.131303e-02
1.221148e-02
7.046766e-03
1.567960e-02
-1.058932e-02
-2.259007e-03
2.258367e-02
8.578428e-04
3.354352e-04
-9.059530e-03
1.255037e-03
4.381148e-03
-1.299432e-02
-1.468371e-02
3.903008e-03
3.622157e-03
-3.274942e-02
-2.969912e-03
-4.875326e-03
-1.803643e-03
-4.930684e-03
-8.402725e-04
3.634307e-03
-2.928041e-04
6.606214e-04
-1.147080e-03
-3.934075e-04
1.286757e-03
-8.268130e-03
-2.470154e-03
-4.194272e-03
-1.970785e-03
-6.499130e-03
-2.836113e-02
-4.087372e-02
-2.935919e-02
-1.433316e-02
-1.854970e-02
-3.623574e-02
-1.081442e-02
-1.408787e-02
-1.194175e-02
-7.189589e-03
-1.852223e-02
6.223722e-02
5.155913e-02
