1.921152e-02
2.492930e-02
1.329110e-02
2.540918e-02
2.402091e-02
8.984103e-03
2.066799e-02
1.734789e-02
1.737797e-02
1.560885e-02
2.464322e-03
-6.861444e-05
-4.066173e-03
2.349786e-02
-1.089687e-02
4.852673e-03
5.745975e-03
-4.177480e-03
7.404394e-03
-5.867945e-04
5.074359e-03
2.713361e-03
-3.639681e-03
3.038546e-03
-7.143470e-03
-1.603932e-03
-4.616684e-03
3.647818e-03
-1.274909e-02
-1.042949e-02
5.130084e-03
-4.822595e-04
-2.683419e-03
8.814387e-03
-2.342635e-04
6.840164e-03
-2.463093e-03
-7.131703e-03
-1.890771e-03
3.041943e-03
-1.130510e-02
-7.366211e-03
-4.215934e-03
-2.513714e-02
1.656743e-03
-3.389233e-02
-1.495967e-02
-1.621193e-02
-8.353760e-03
-1.462787e-02
7.512081e-02
3.779790e-02
