1.363412e-02
6.472437e-03
6.526350e-02
5.742476e-03
9.106978e-03
9.994054e-03
1.608559e-02
1.392591e-02
5.440510e-03
1.370116e-02
-4.569556e-04
3.369021e-03
1.010662e-02
4.084682e-02
-1.623181e-02
-6.984343e-03
-8.144663e-04
2.482120e-03
-2.021083e-03
-1.360107e-03
-1.855497e-03
-3.064063e-02
-5.437503e-03
2.830180e-03
-7.660423e-03
-3.741620e-03
5.776209e-03
2.152282e-03
-8.805621e-03
2.486348e-04
-7.941724e-03
-2.247205e-02
-2.199895e-03
5.738346e-03
-3.499022e-03
1.241183e-03
2.363606e-03
6.988085e-03
-3.556116e-03
-4.039114e-03
-4.363221e-03
-3.656573e-02
-1.288684e-02
-1.686764e-02
-3.097873e-02
-3.393538e-02
-5.856466e-03
-2.321355e-02
-1.414768e-02
-2.532652e-02
4.060350e-02
3.507493e-02
