1.434350e-02
2.835032e-02
1.551729e-02
3.292392e-02
2.827427e-02
7.111388e-03
1.854151e-02
1.809539e-02
1.703133e-02
1.676402e-02
2.215438e-03
-3.830559e-03
-3.106855e-03
3.611546e-02
-1.504315e-02
6.795316e-03
2.255366e-03
-1.691935e-03
5.641113e-03
-1.765225e-03
5.021197e-03
6.586252e-03
-1.350562e-03
3.403297e-03
-1.098899e-02
-2.527974e-03
-3.899701e-03
3.583217e-03
-1.998185e-02
-8.667137e-03
1.336212e-03
-6.073885e-03
-2.058370e-03
8.330833e-03
-6.202933e-03
5.914827e-03
-2.928720e-03
-5.145303e-03
-6.554780e-03
3.459002e-03
-1.010034e-02
-3.058731e-03
-7.351090e-03
-1.640881e-02
2.060701e-03
-4.523284e-02
-1.290778e-02
-2.684125e-02
-6.276442e-04
-1.182286e-02
9.982324e-02
3.353569e-02
