1.185854e-03
1.470446e-02
2.036646e-02
4.025372e-02
1.983426e-02
2.030695e-02
2.340415e-02
1.525415e-02
-6.931608e-03
1.885113e-02
-1.156841e-02
1.334549e-02
1.919303e-03
3.693740e-03
5.769698e-03
1.973525e-03
1.228765e-02
-2.816200e-03
-2.643153e-02
5.501081e-03
-8.162222e-03
1.015079e-02
6.433407e-03
2.568515e-03
1.959234e-03
-2.299163e-03
7.373029e-03
7.298948e-04
-6.118968e-03
-5.980024e-03
-3.064046e-03
-1.304406e-02
-1.830453e-02
5.543379e-03
1.207679e-02
-3.134228e-03
-9.258647e-03
-1.095011e-02
4.739535e-03
3.508140e-03
-4.821327e-03
-1.396873e-02
-2.469786e-02
-7.590818e-03
-4.347096e-02
-1.625423e-02
-2.160443e-02
-4.502457e-02
-5.448659e-03
-2.093397e-02
7.367174e-02
7.096803e-02
