2.200582e-02
2.674244e-02
2.256808e-02
1.715351e-02
1.419166e-02
1.734739e-02
1.804856e-02
3.174465e-02
1.927816e-02
2.013338e-02
-1.662571e-03
6.391296e-03
-4.858407e-03
1.292764e-03
-3.357239e-02
4.635701e-03
-5.263096e-04
-2.286478e-03
-2.372284e-02
-6.252959e-03
-3.010126e-03
3.261219e-03
6.890365e-04
1.956318e-03
-1.470274e-03
4.582716e-03
6.712435e-03
7.369329e-04
8.878688e-04
4.594686e-03
-5.905301e-03
-8.518796e-03
7.901925e-04
-2.040049e-03
-1.618541e-02
6.933278e-04
4.546516e-03
-6.802087e-03
7.828936e-03
1.295017e-02
-3.098735e-02
-3.081146e-02
-1.409358e-02
-1.104317e-02
-1.236624e-02
-9.364503e-03
-3.869222e-02
-1.106752e-02
-2.567328e-02
-1.592848e-02
8.668245e-02
6.055150e-02
