1.052418e-03
1.469282e-02
1.856849e-02
3.471199e-02
2.015313e-02
1.801368e-02
2.262281e-02
1.568021e-02
-2.882160e-03
1.697808e-02
-1.393014e-02
1.021627e-02
3.886592e-03
1.653677e-03
4.938309e-03
1.613851e-03
7.855053e-03
-7.086966e-03
-2.701094e-02
6.282252e-03
-9.430869e-03
1.063895e-02
7.061253e-03
2.068756e-03
1.241091e-03
-2.259758e-04
5.280662e-03
1.086788e-03
-8.500876e-03
-7.141069e-03
-4.201400e-03
-1.161647e-02
-1.623133e-02
6.423684e-03
1.167231e-02
-4.778338e-03
-1.712163e-02
-9.426517e-03
3.552110e-03
2.545087e-04
-4.794878e-03
-1.411187e-02
-2.264688e-02
-1.710623e-02
-4.136608e-02
-1.678599e-02
-2.009924e-02
-4.360393e-02
-4.718573e-03
-1.909545e-02
6.831137e-02
7.013334e-02
