1.994499e-02
1.317388e-02
3.423026e-02
2.636901e-02
1.578718e-02
1.330678e-02
1.691489e-02
2.029031e-02
2.455121e-02
1.394864e-02
-4.113736e-03
-8.778474e-03
-7.518369e-03
-7.912995e-03
1.275947e-02
4.202711e-03
-1.403585e-03
-5.733837e-02
-7.664471e-03
-3.677323e-03
-9.073313e-03
-1.294071e-02
5.351375e-05
6.005009e-03
-1.181649e-02
-1.408620e-02
-1.030535e-02
5.594467e-03
4.831763e-05
8.854498e-04
1.083029e-02
-3.438573e-02
6.861730e-03
3.867735e-03
4.936821e-03
9.597647e-04
7.002415e-03
3.466898e-03
-1.801559e-02
-1.896025e-03
-4.472911e-02
-4.978636e-03
-1.371477e-02
-1.185356e-02
-4.888190e-02
-6.305845e-03
-3.254176e-02
-1.016897e-02
-2.014821e-02
-1.043913e-02
7.470731e-02
8.808894e-02
