1.637323e-02
1.773807e-02
1.727472e-02
1.905142e-02
2.205967e-02
1.464493e-02
1.061532e-02
1.174346e-02
-1.426050e-03
1.296173e-02
8.019131e-03
-1.796926e-03
-1.057009e-02
6.587910e-03
9.309337e-03
-1.163092e-03
-1.112436e-02
-4.567342e-04
-2.307027e-02
2.303446e-03
-1.711925e-03
3.562521e-03
-8.486778e-04
-1.628183e-03
5.016467e-04
-8.348873e-03
-1.973366e-03
-1.296382e-02
-7.330086e-03
1.964343e-03
-4.130046e-03
6.008112e-04
5.300894e-03
6.318343e-03
5.065934e-03
-7.650353e-03
-6.153086e-03
8.382596e-03
-8.480168e-03
2.974493e-03
-4.161277e-02
-2.398144e-02
-1.257120e-02
-1.086910e-02
-2.265543e-02
-2.521722e-02
-1.312969e-02
-2.004441e-02
-1.158130e-02
-8.921195e-03
8.274479e-02
7.297067e-02
