1.784743e-02
4.074703e-02
1.492573e-02
1.256120e-02
1.922188e-02
2.666945e-03
8.840180e-03
1.389607e-02
-4.628394e-03
3.987199e-03
2.655861e-04
4.140556e-03
-3.412069e-03
3.539695e-03
-1.055116e-02
-2.050136e-02
-1.152870e-02
9.468631e-03
1.338301e-03
-7.343583e-03
-2.789789e-02
-1.673537e-02
1.998157e-04
-1.649044e-02
-4.479186e-03
9.262042e-03
9.576423e-03
4.231911e-03
-2.239972e-02
-5.304449e-03
-2.812992e-03
-4.047291e-03
-1.311299e-03
-2.353018e-03
-7.369119e-03
7.046569e-03
-6.001753e-03
7.864424e-03
8.088682e-03
4.069556e-03
-1.078557e-02
5.634348e-04
-5.086824e-02
-2.317762e-02
-2.082269e-02
-5.484479e-03
-1.137472e-02
-1.701634e-02
-1.025879e-02
-1.424924e-02
7.425618e-02
6.354366e-02
