2.655001e-02
-2.463226e-03
1.486604e-02
1.321590e-02
4.931928e-03
2.070697e-02
1.217988e-02
2.014759e-02
2.076983e-02
1.789751e-02
-7.899825e-03
5.770995e-03
5.633448e-04
-3.664369e-03
1.162880e-02
-2.096712e-03
-1.139700e-02
-4.241835e-03
-4.242787e-03
-5.945134e-04
7.123921e-03
-6.111320e-03
-9.069199e-03
9.441599e-03
1.087871e-03
2.132995e-03
-3.523850e-03
-2.081225e-04
3.351387e-03
-3.703611e-03
-1.941287e-02
1.614950e-03
-8.415295e-03
-2.013760e-02
-4.723408e-03
-1.780899e-03
-7.654918e-03
-1.120939e-03
6.225809e-03
-1.365174e-02
-1.022711e-02
-2.759474e-02
-5.386150e-02
-2.540657e-02
-1.605287e-02
-2.863955e-02
-1.504541e-02
-2.596226e-02
-6.806776e-03
-5.135769e-03
7.256638e-02
1.148518e-01
