1.690868e-02
1.411072e-02
1.834292e-02
2.004762e-02
-5.194167e-03
1.773982e-02
2.139109e-02
1.327553e-02
1.058305e-02
1.611730e-02
1.283435e-02
7.867047e-03
4.736335e-03
4.034335e-03
-1.476326e-02
5.316774e-03
-5.836920e-03
5.275975e-03
-6.341804e-03
-2.318378e-02
-9.465976e-04
-8.166456e-03
-3.314497e-03
-1.718561e-02
3.916801e-03
-9.589561e-03
4.657747e-03
-3.113875e-03
-7.171065e-04
7.827237e-03
-9.279951e-03
-3.252014e-03
-1.623652e-02
6.740976e-03
-3.250242e-03
1.261726e-02
-5.123476e-03
1.564479e-02
-1.536833e-02
1.209626e-02
-3.131519e-02
-6.032315e-03
-1.059369e-02
-1.636352e-02
-1.478270e-02
-2.006420e-02
-1.878307e-02
-3.941789e-02
-2.551462e-02
-2.055822e-02
7.219147e-02
8.357081e-02
