1.454034e-02
2.000942e-02
1.634553e-02
2.049278e-02
2.300703e-02
1.186218e-02
1.140237e-02
1.031032e-02
3.526007e-05
1.101127e-02
6.583852e-03
-1.074125e-03
-1.162756e-02
1.216064e-02
8.957837e-03
-7.714814e-04
-1.532135e-02
-1.174626e-03
-2.495050e-02
1.535845e-03
-2.272510e-04
3.623720e-03
-7.889041e-04
-9.801566e-04
2.066179e-03
-2.555601e-03
-8.966096e-04
-1.180433e-02
-7.980073e-03
-6.540329e-04
-2.772775e-03
-2.378134e-04
5.506540e-03
7.352552e-03
5.731363e-03
-8.000615e-03
-4.118845e-03
1.196155e-02
-1.028800e-02
3.487195e-03
-5.277378e-02
-2.456508e-02
-1.741636e-02
-1.179795e-02
-2.519980e-02
-2.238188e-02
-1.762933e-02
-2.260761e-02
-1.052212e-02
-9.667527e-03
8.855521e-02
8.411027e-02
