1.962110e-02
1.384200e-02
1.507736e-02
1.756756e-02
-8.173341e-03
2.008836e-02
2.518915e-02
1.066844e-02
7.655185e-03
1.041725e-02
1.365719e-02
5.822124e-03
3.421547e-03
2.640577e-03
2.458400e-03
8.449645e-03
-1.902324e-02
5.695286e-04
1.349216e-02
-2.668773e-02
-1.199480e-04
-9.511989e-05
-8.649598e-03
-1.326810e-02
-7.817069e-03
-4.668890e-03
4.395584e-03
-9.177752e-03
4.789732e-03
3.743879e-03
-9.000684e-03
4.292086e-03
-5.337213e-02
9.506092e-03
-5.785865e-03
1.028328e-02
-2.066837e-03
3.529186e-03
-2.685696e-03
8.115306e-03
-3.713277e-02
3.137354e-03
-1.326951e-02
-3.156167e-02
-4.802102e-02
-2.558903e-02
-3.195672e-02
-3.196842e-02
-3.112040e-02
-3.346693e-02
8.160765e-02
9.599554e-02
