1.342485e-02
2.551519e-02
1.210448e-02
1.048121e-02
2.313008e-02
-4.374882e-03
8.269536e-03
1.429270e-02
3.823087e-03
2.957275e-02
-9.240363e-06
-1.812912e-02
3.294796e-02
-1.211861e-02
-2.083023e-03
2.836981e-03
-3.190803e-03
-9.953835e-03
-1.132140e-02
5.706468e-03
5.066991e-04
6.698019e-04
-1.078414e-02
7.325195e-03
9.151978e-05
4.396079e-03
-9.397869e-04
6.846884e-03
1.633244e-03
9.656326e-03
2.428268e-03
-1.414410e-02
-8.074797e-03
1.135894e-02
3.985348e-03
2.963261e-03
9.481872e-03
-3.425825e-02
-9.989364e-03
6.035637e-03
-2.161572e-02
-1.035426e-02
-2.192620e-02
-2.755561e-02
-2.683070e-02
-4.400292e-02
-2.031470e-02
-1.194949e-02
-9.125248e-03
-5.312695e-02
9.025450e-02
3.817078e-02
