2.568533e-02
2.610734e-02
1.588396e-02
2.893058e-02
1.417993e-02
1.629456e-02
7.228688e-04
9.274055e-03
2.495904e-02
2.096384e-02
-2.827417e-04
2.379050e-02
-6.479031e-03
-4.105711e-04
1.664211e-04
-1.571621e-02
1.503476e-03
-1.345704e-02
3.859802e-03
5.298856e-03
-1.319072e-02
-1.402290e-02
-8.155537e-03
-1.918538e-02
-5.717337e-03
1.058029e-02
-2.595548e-03
-5.857585e-05
5.298630e-03
-7.864311e-03
-8.796753e-03
1.425230e-03
-1.168979e-02
8.657996e-04
5.007343e-03
3.449428e-03
1.661689e-02
-1.783651e-03
8.703792e-04
-2.562063e-03
-1.172844e-02
-1.339725e-02
-1.446819e-02
-2.373080e-02
-4.483737e-02
-7.796779e-03
-2.760891e-02
-1.140833e-02
-1.748563e-02
-1.976685e-02
5.153106e-02
6.700572e-02
