1.064057e-02
3.013359e-02
1.587418e-02
1.042488e-02
1.774381e-02
8.095209e-03
-1.467029e-03
1.316118e-02
-1.675172e-02
-1.127619e-03
3.921067e-03
2.433350e-03
7.852375e-03
1.591153e-02
-1.313259e-02
-5.900431e-03
-2.225948e-02
9.809093e-03
7.115167e-03
-1.649015e-02
-1.251781e-02
-1.666264e-02
-3.960314e-03
-1.938026e-02
-3.576603e-03
6.953594e-03
2.073035e-02
5.327640e-03
-7.838856e-03
-7.673154e-04
-7.402041e-03
-9.897903e-03
-6.685569e-04
-5.099423e-03
1.201156e-02
4.592291e-03
-2.953633e-02
4.654314e-03
8.258908e-03
-5.233725e-03
-1.178598e-02
-3.550705e-03
-2.000000e-01
-1.148382e-02
-1.789685e-02
2.182726e-04
-2.129674e-02
-3.365225e-02
-2.027944e-02
-2.279262e-02
5.279110e-02
6.087967e-02
