1.855850e-02
1.489185e-02
3.050703e-02
2.677003e-02
1.240356e-02
1.116695e-02
1.663782e-02
2.076085e-02
2.190682e-02
1.286883e-02
-2.005381e-03
-8.526321e-03
-8.206624e-03
-7.982807e-03
1.207829e-02
4.550488e-03
7.943640e-04
-4.286658e-02
-8.178470e-03
-9.061365e-04
-6.449695e-03
-1.008452e-02
9.521368e-04
5.630654e-03
-1.447821e-02
-1.469515e-02
-8.398080e-03
1.098360e-03
5.703117e-04
-2.483314e-03
1.130074e-02
-2.928907e-02
6.385034e-03
2.930182e-03
4.602547e-03
1.992895e-04
1.202185e-03
4.031721e-03
-1.503489e-02
-3.600933e-03
-3.826692e-02
-4.814205e-03
-1.055806e-02
-1.223798e-02
-4.899494e-02
-5.670404e-03
-3.155009e-02
-1.049490e-02
-1.963938e-02
-9.493632e-03
7.210639e-02
8.507540e-02
