3.231795e-02
1.146875e-01
1.807889e-02
1.556305e-02
2.404966e-02
9.740068e-03
-7.990425e-03
3.937793e-02
1.700771e-02
4.228310e-02
-1.252526e-03
-3.053208e-02
2.335481e-02
4.768041e-03
-2.122153e-03
-2.085504e-02
-5.249155e-03
-3.420662e-02
-1.267018e-02
1.660190e-02
-2.737281e-02
-1.136879e-02
8.508670e-03
-4.444673e-02
1.315444e-03
2.572069e-02
1.701519e-02
-1.534342e-02
9.183077e-04
-6.979275e-02
-2.904303e-02
1.058928e-02
-1.626182e-02
1.269188e-02
1.269546e-02
6.969102e-06
2.097201e-02
4.450143e-03
-1.722626e-02
-1.098718e-02
-3.529934e-02
-5.736538e-02
-3.161528e-02
-9.116248e-03
-3.489560e-02
-2.925935e-02
-6.267879e-02
-2.503463e-02
-4.617127e-02
-2.694805e-02
-4.231253e-02
9.230790e-02
