2.085181e-02
4.971550e-02
1.186157e-02
1.170529e-02
2.106910e-02
2.869643e-03
8.251974e-03
1.320913e-02
-5.740902e-03
4.939352e-03
1.547435e-03
7.516831e-03
-3.067961e-03
7.100856e-04
-1.259125e-02
-2.393543e-02
-1.252690e-02
9.540036e-03
1.274069e-03
-7.331010e-03
-2.170809e-02
-1.386723e-02
-8.357930e-04
-9.886853e-03
-4.214555e-03
1.027331e-02
1.096778e-02
5.529299e-03
-2.111481e-02
-4.639890e-03
-3.809730e-03
-2.838599e-03
-3.292170e-04
-1.945744e-03
-1.405624e-02
7.701157e-03
-7.195910e-03
7.462599e-03
7.592596e-03
8.604008e-04
-1.277438e-02
-8.241409e-04
-4.257582e-02
-2.492560e-02
-1.913419e-02
-7.361028e-03
-1.122687e-02
-2.035696e-02
-1.470660e-02
-1.110496e-02
6.431279e-02
6.800395e-02
