1.881989e-02
1.550169e-02
-3.178384e-02
2.752707e-02
1.086632e-02
1.330098e-02
1.714247e-02
1.569681e-02
2.767389e-02
1.587025e-02
2.186157e-03
1.491105e-02
2.218078e-02
-1.926031e-03
-6.117435e-02
1.333261e-02
1.893066e-03
-9.877147e-03
-2.266265e-02
-1.809273e-03
-4.825781e-03
-5.665877e-03
-3.659131e-03
-7.590439e-03
3.394459e-03
-1.291942e-02
1.211175e-02
6.702525e-03
-5.133799e-03
4.040160e-03
1.040029e-02
-2.151874e-03
7.140418e-03
-3.634228e-04
5.314722e-03
-5.088019e-03
-1.121602e-03
4.568428e-03
-1.069070e-02
4.159954e-03
-1.938106e-02
-9.448940e-03
-1.593321e-02
-3.038347e-02
-3.446456e-02
-2.277702e-02
-1.923607e-02
-4.153566e-02
-2.120214e-02
-8.779399e-03
7.701979e-02
7.254694e-02
