1.299356e-02
1.914776e-02
2.271930e-02
1.948354e-02
-1.879872e-02
1.317622e-02
2.104180e-02
1.657735e-02
1.737770e-02
1.651667e-02
9.008242e-03
1.053179e-02
1.305496e-02
9.687488e-03
-1.931387e-02
6.881303e-03
-1.439174e-03
7.811900e-03
-4.287477e-03
-1.442013e-02
5.465478e-04
-8.878168e-03
-4.438918e-03
-1.334087e-02
4.076353e-03
-1.032770e-02
9.349904e-03
-1.654423e-03
3.609124e-03
3.315142e-03
-1.460412e-02
-1.253213e-02
-2.269711e-02
4.898661e-03
3.820849e-03
1.392891e-02
-8.581536e-03
1.255272e-02
-8.233042e-03
1.494979e-02
-3.045907e-02
-1.515270e-03
-1.384511e-02
-1.818267e-02
-2.279673e-02
-1.961403e-02
-2.520108e-03
-3.325802e-02
-4.710570e-02
-2.907153e-02
5.507976e-02
7.307913e-02
