1.865076e-02
3.338584e-02
8.551540e-03
3.398329e-03
1.977635e-02
8.288378e-03
3.282240e-04
1.322738e-02
-8.064279e-03
2.323919e-03
1.921172e-03
6.260805e-03
-8.453135e-03
3.823319e-03
-1.135648e-02
-1.417214e-02
-1.283576e-02
9.380059e-03
1.583005e-03
-1.510683e-03
-1.940278e-02
-1.881962e-02
1.052955e-03
-2.564197e-02
-3.774487e-03
1.770106e-02
9.180678e-03
1.884870e-03
-4.727728e-02
-1.243108e-03
-2.511051e-03
-2.184070e-03
-2.757698e-03
6.175598e-03
-1.739309e-02
1.159446e-02
-1.794746e-02
2.768180e-03
6.660849e-03
-3.555466e-04
-1.049323e-02
-4.600493e-03
-7.159886e-02
-2.716856e-02
-2.349074e-02
-3.000258e-02
-1.326125e-02
-2.522938e-02
-7.291173e-03
-5.987542e-02
3.365872e-02
4.525373e-02
