1.793907e-02
1.835787e-02
2.277409e-02
2.053937e-02
2.430292e-03
1.971263e-02
1.983962e-02
1.281993e-02
1.089227e-02
1.651374e-02
3.839484e-04
9.778656e-04
7.581629e-03
3.586505e-03
-2.018844e-03
4.095571e-03
-2.778024e-03
7.607003e-03
-7.749273e-03
-2.530234e-02
-1.058295e-03
-9.861608e-03
-3.258717e-03
-2.351835e-02
-6.645333e-04
-7.027404e-03
3.377291e-03
3.313813e-03
1.325908e-03
3.745753e-03
-1.444682e-02
2.213672e-03
-1.333856e-02
9.435953e-03
-1.083412e-02
9.535125e-03
-3.380836e-03
8.779479e-03
-1.314821e-02
1.304936e-02
-2.521144e-02
2.593069e-04
-9.698359e-03
-1.394254e-02
-1.128870e-02
-2.252946e-02
-4.091772e-02
-2.017563e-02
-1.812243e-02
-3.556610e-02
6.864972e-02
7.980448e-02
