1.620667e-02
9.521840e-03
1.400708e-02
9.932276e-03
9.363200e-03
1.505654e-02
1.062422e-02
1.843931e-02
1.557947e-02
1.103746e-02
-4.186199e-03
9.482091e-04
1.959530e-03
-2.415138e-02
4.512926e-03
-5.220581e-03
-9.388001e-03
-3.002962e-03
-1.612299e-02
-3.398807e-03
1.419928e-02
-2.439148e-02
-2.035979e-02
1.784204e-02
3.923395e-03
1.038495e-03
-4.925676e-03
-3.980910e-04
2.141226e-03
-4.250631e-03
-1.545212e-02
1.007192e-02
-1.220927e-02
-1.263687e-02
-3.442079e-02
1.826475e-04
-1.002739e-02
-1.011979e-02
-1.119667e-02
-1.497702e-02
-3.153871e-02
-3.581393e-02
-2.000000e-01
-4.724975e-02
-2.814177e-02
-3.452775e-02
-1.294449e-02
-7.121661e-02
-1.280570e-02
7.059958e-03
5.200182e-02
8.032114e-02
