1.060213e-02
9.423460e-03
1.159233e-02
9.335244e-02
1.926662e-02
1.841515e-02
1.755569e-02
7.422058e-03
1.461000e-02
1.614367e-02
4.189948e-03
-1.593190e-02
5.919635e-02
-2.150624e-03
-5.252924e-03
-5.544262e-03
-2.181825e-03
1.229871e-03
-1.257365e-02
1.105592e-02
-1.737010e-03
-3.858708e-03
7.864995e-03
-5.356309e-04
-3.256058e-03
-7.827964e-03
-1.206508e-02
-7.623958e-03
1.797193e-03
-1.844610e-03
2.610828e-03
4.051653e-03
-4.907225e-03
-2.522433e-02
2.256934e-03
1.223734e-02
-3.218306e-03
9.285649e-03
-6.558692e-03
-1.186287e-02
-4.653470e-02
-1.840307e-02
-2.961874e-02
-3.265950e-02
-2.297558e-02
-1.900073e-02
-1.551450e-02
-3.522125e-02
-1.251869e-02
-3.730256e-02
3.655785e-02
3.172483e-02
