1.983377e-02
2.429234e-02
1.851444e-02
1.845131e-02
1.675788e-02
-8.243793e-03
2.654606e-02
1.426397e-02
2.460608e-02
-1.146334e-02
-7.864103e-03
-5.654020e-03
-1.349335e-02
4.698297e-02
5.117733e-03
-1.385106e-02
3.154748e-03
-1.704551e-02
3.484275e-03
5.360760e-03
8.290724e-03
-9.455815e-03
7.723987e-04
-1.118927e-02
-6.840453e-03
-1.709319e-03
9.234663e-03
-1.503934e-02
3.933327e-03
4.416222e-03
-9.044071e-03
3.440504e-03
5.535304e-03
-5.695849e-03
2.180000e-03
8.874033e-03
5.920931e-03
-2.552085e-03
-6.814287e-04
3.245831e-03
-1.466605e-02
-3.036711e-02
-1.580687e-02
-1.748312e-02
-2.618772e-02
-2.031599e-02
-7.511015e-03
-9.716547e-03
-1.372302e-02
-1.183224e-02
9.048509e-02
2.279022e-02
