2.418251e-02
1.518804e-02
-4.677524e-02
3.551554e-02
6.741141e-03
1.277784e-02
1.271923e-02
1.021754e-02
3.248895e-02
2.006348e-02
-6.909077e-03
1.747084e-02
3.530307e-02
-1.141815e-02
-4.145403e-02
1.757335e-02
-6.833540e-03
-1.314066e-02
-1.566804e-02
-7.922513e-03
-2.399654e-03
-2.403185e-03
-6.775745e-03
-1.305604e-02
4.998738e-03
-7.653054e-03
1.210521e-02
5.344219e-03
5.944343e-03
-5.619146e-04
1.640801e-03
-6.715845e-03
1.265654e-02
-7.057685e-03
7.435368e-03
-4.320521e-03
-5.171068e-03
4.390369e-04
-1.035745e-02
9.548076e-03
-2.115639e-02
-8.068537e-03
-4.843483e-03
-3.817313e-02
-6.164137e-02
-3.285122e-02
-2.360232e-02
-3.237061e-02
-2.344460e-02
-4.255171e-02
5.281698e-02
7.016951e-02
