1.853069e-02
1.127852e-02
2.786485e-02
2.480092e-02
1.001412e-02
1.031483e-02
1.239375e-02
1.771489e-02
2.116067e-02
2.006683e-02
-6.758022e-03
-1.326389e-02
-1.340407e-03
-1.720942e-02
1.837172e-02
2.911815e-03
1.294986e-03
-6.248259e-02
-7.628863e-03
6.674998e-03
-1.135976e-02
-1.364634e-02
-1.814245e-03
1.992527e-03
-3.747358e-03
-1.569275e-02
-1.404268e-02
9.451247e-04
4.027497e-03
-1.537490e-03
1.493249e-02
-2.069257e-02
6.164703e-03
1.264153e-03
3.836778e-03
-2.295429e-03
1.272431e-02
2.292521e-03
-5.822472e-02
2.059088e-03
-1.787499e-02
-4.299250e-03
-1.382197e-02
-1.166589e-02
-2.697335e-02
-8.024090e-03
-2.860387e-02
-1.366180e-02
-2.380861e-02
-1.066952e-02
5.237578e-02
8.505018e-02
