2.039237e-02
1.229623e-02
3.022234e-02
2.289097e-02
6.883411e-03
8.178304e-03
1.547213e-02
2.358419e-02
1.583166e-02
1.604910e-02
-4.977273e-03
-1.270385e-02
-7.647913e-03
-1.105030e-02
1.208810e-02
1.865931e-03
1.264846e-03
-4.093376e-02
-7.479972e-03
2.014982e-03
-4.425616e-03
-7.732224e-03
-1.149390e-03
4.967081e-03
-2.108390e-02
-1.623200e-02
-2.293442e-03
3.233377e-03
6.946913e-04
-9.449050e-03
8.156257e-03
-5.613367e-02
3.251109e-03
-7.377402e-03
4.446899e-04
-4.894023e-04
-3.448747e-03
9.088737e-04
-1.777802e-02
-6.092806e-03
-1.004427e-01
-6.567743e-03
-1.238002e-02
-1.516804e-02
-9.674755e-02
-1.613910e-02
-2.284328e-02
-1.679606e-02
-2.327173e-02
7.803137e-04
8.652003e-03
5.374358e-02
