1.965429e-02
1.411395e-02
2.192799e-02
1.813050e-02
-5.579187e-03
1.837196e-02
2.491490e-02
1.123185e-02
1.059366e-02
1.471003e-02
-1.571919e-03
-5.744626e-03
-1.639198e-03
3.680861e-03
-7.931647e-03
3.595239e-03
-1.229892e-02
4.359102e-03
-3.648863e-03
-1.028854e-02
-5.225532e-03
-1.147936e-02
9.999363e-04
-4.047862e-02
-6.133910e-03
-5.765278e-03
4.071636e-03
-3.182343e-03
5.828793e-04
8.245164e-03
-1.113958e-02
2.222680e-03
-1.575327e-02
7.280391e-03
-1.551075e-02
7.488125e-03
-2.023935e-03
6.770600e-03
-1.469895e-02
2.888669e-03
-4.393331e-02
-5.227337e-03
-1.286098e-02
-1.413982e-02
-8.355398e-03
-2.680302e-02
-2.635132e-02
-7.371787e-03
-4.170220e-02
-9.441748e-02
3.671155e-02
5.706735e-02
