2.305383e-02
1.586202e-02
3.384122e-02
2.947167e-02
1.358266e-02
1.093240e-02
2.056740e-02
2.562422e-02
2.635831e-02
1.188449e-02
1.671164e-03
-2.649022e-02
-2.796644e-02
-5.092950e-03
1.313287e-02
5.625444e-03
1.208585e-03
-6.397909e-02
8.266144e-04
4.436788e-03
-5.950612e-03
-1.004255e-02
-1.874574e-03
5.564396e-03
-1.607559e-02
-1.408305e-02
-8.690906e-03
7.283163e-04
-1.408573e-03
1.440117e-03
1.029745e-02
-2.485791e-02
5.592760e-03
5.030996e-03
9.484759e-03
-6.876173e-04
3.654483e-04
4.480850e-03
-1.039244e-02
-2.110868e-03
-2.490411e-02
-5.378437e-03
-6.705599e-03
-8.478299e-03
-5.845619e-02
-6.506933e-03
-4.007742e-02
-1.087480e-02
-6.866890e-03
-1.458801e-02
7.875313e-02
8.194283e-02
