1.083949e-02
2.839914e-02
1.575366e-02
1.075487e-02
1.448037e-02
4.594378e-03
1.368536e-02
2.490758e-02
8.476630e-03
3.803826e-02
-3.077728e-03
-6.165574e-03
2.661260e-02
-1.471498e-04
3.415633e-03
-3.581070e-03
-2.050752e-03
-8.248984e-03
-3.534868e-03
5.285265e-03
-2.076424e-03
-2.671540e-04
-5.108172e-03
1.137477e-02
-3.162260e-02
6.004294e-03
-8.191320e-03
3.009973e-03
1.394422e-03
7.612306e-03
-2.746860e-03
-7.288308e-03
-1.422794e-03
6.720226e-03
-1.236550e-03
1.814780e-03
4.102684e-03
-9.560521e-03
-1.422252e-02
-1.188833e-03
-1.898684e-02
-1.216114e-02
-1.250627e-02
-2.702683e-02
-1.765138e-02
-5.480516e-02
-1.297808e-02
-1.764391e-02
-5.258605e-03
-2.949787e-02
7.320717e-02
4.950725e-02
