2.004096e-02
1.297678e-02
1.612149e-02
1.806691e-02
1.331520e-03
2.325268e-02
1.308513e-02
1.303426e-02
8.111555e-03
1.270138e-02
6.757640e-03
2.855114e-03
1.191855e-02
4.442223e-03
-1.128242e-04
4.203861e-03
-1.261904e-02
4.069586e-03
8.260490e-03
-2.677695e-02
-2.649160e-03
-6.345692e-03
-8.175382e-03
-2.370754e-02
-2.481494e-03
-1.090594e-02
1.689629e-03
-3.553166e-03
2.606518e-04
1.075502e-03
-1.352036e-02
5.585108e-03
-2.598608e-02
6.021088e-03
-1.015695e-02
5.621662e-03
-3.121087e-03
8.118794e-03
-1.411044e-02
1.221635e-02
-2.344964e-02
-1.934844e-03
-1.089698e-02
-1.372326e-02
-1.503077e-02
-2.552173e-02
-4.718298e-02
-5.194138e-02
-1.403753e-02
-2.101862e-02
6.988262e-02
7.366405e-02
