2.663956e-02
3.671308e-02
1.653092e-02
2.812766e-02
1.434652e-02
1.282119e-02
3.928118e-03
1.406754e-02
2.546078e-02
2.048844e-02
4.559723e-04
-1.031862e-02
1.140391e-03
-5.873891e-03
-8.492753e-04
-1.228549e-02
4.363256e-03
-2.068402e-02
8.088673e-03
-1.804270e-03
-1.682505e-02
-2.090028e-02
-5.159261e-03
-2.182739e-02
-5.078142e-03
9.815386e-03
-1.115692e-02
-7.288015e-03
-3.079105e-03
-2.054488e-02
-1.573493e-02
-2.497848e-03
-1.160601e-02
4.638639e-03
4.732867e-03
2.950995e-03
1.638985e-02
2.075395e-03
-1.982011e-03
2.648590e-03
-1.409232e-02
-2.593014e-02
-2.621517e-02
-3.017333e-02
-2.409766e-02
-1.573552e-02
-1.806608e-02
-2.384683e-02
-1.323516e-02
-2.705565e-02
2.632618e-02
5.191761e-02
