2.636497e-02
1.446890e-03
1.655005e-02
1.532534e-02
4.027864e-03
2.100252e-02
1.220180e-02
2.608866e-02
2.289781e-02
2.372049e-02
-5.697356e-03
8.508462e-03
-4.070732e-03
-6.357123e-03
1.329620e-02
1.490936e-03
-2.054717e-02
-5.014603e-03
-1.272563e-03
2.053722e-03
1.187394e-02
-1.600604e-03
-8.221756e-03
8.618279e-03
2.380882e-03
3.131450e-03
-7.380426e-03
1.891177e-04
8.750217e-03
-6.899156e-03
-2.401753e-02
-3.844256e-03
-8.842842e-03
-2.970255e-02
-1.380839e-02
1.019633e-04
-1.266737e-02
-2.431524e-03
8.670441e-03
-1.980591e-02
-1.266142e-02
-4.322293e-02
-3.438436e-02
-5.090308e-02
-1.908876e-02
-5.119395e-02
-1.412917e-02
-1.986509e-02
-8.788607e-03
-4.255063e-03
7.202228e-02
1.033253e-01
