1.102163e-02
2.741298e-02
1.752270e-02
1.263565e-02
1.460568e-02
8.182769e-03
1.675190e-02
2.447167e-02
5.971771e-03
3.342272e-02
-1.295350e-03
-6.015251e-03
3.002167e-02
-7.439617e-04
-4.357865e-04
-3.895833e-03
2.183380e-03
-7.000970e-03
2.539988e-03
5.295615e-03
-1.003969e-03
3.655140e-04
-5.238553e-03
7.062295e-03
-2.904466e-02
3.709442e-03
-4.110839e-03
6.905896e-03
1.259511e-03
1.003256e-02
-2.456066e-03
-9.111074e-03
-2.063206e-03
8.418481e-03
-7.336029e-04
4.230708e-03
2.257585e-03
-2.348490e-03
-1.245267e-02
1.085141e-03
-2.086030e-02
-7.889034e-03
-1.637948e-02
-1.910897e-02
-1.405733e-02
-4.353418e-02
-1.885942e-02
-1.535771e-02
-5.380809e-03
-3.837028e-02
8.016924e-02
5.761017e-02
