1.517349e-02
1.860811e-02
1.529114e-02
1.726904e-02
2.030360e-02
1.504823e-02
1.045666e-02
1.106827e-02
1.381470e-03
1.310557e-02
5.491225e-03
-2.192280e-03
-1.263490e-02
7.525553e-03
7.952853e-03
-9.935711e-04
-1.200581e-02
-5.989167e-04
-2.247309e-02
2.325096e-03
-2.694327e-03
4.005671e-03
1.126116e-03
-1.198743e-03
1.658181e-03
-7.608935e-03
-5.317771e-04
-1.353805e-02
-7.693714e-03
2.122469e-03
-1.868562e-03
1.021603e-03
5.379243e-03
7.104626e-03
3.867560e-03
-1.248945e-02
-3.100808e-03
9.154627e-03
-1.009083e-02
2.985284e-03
-3.836346e-02
-2.254985e-02
-1.167625e-02
-1.011564e-02
-1.740822e-02
-2.809165e-02
-1.483344e-02
-1.988764e-02
-7.123293e-03
-7.926163e-03
8.572529e-02
6.989835e-02
