1.731499e-02
3.845727e-02
1.477083e-02
1.333500e-02
1.955931e-02
7.313106e-03
3.402398e-03
1.359275e-02
-6.032760e-03
6.059525e-03
-4.301330e-04
5.351603e-03
-5.675434e-03
4.152870e-03
-8.408047e-03
-2.018767e-02
-1.076315e-02
9.051916e-03
2.289830e-03
-4.100606e-03
-3.102097e-02
-1.421506e-02
-1.941611e-03
-1.152257e-02
2.706595e-03
9.939716e-03
8.453788e-03
3.226616e-03
-2.685020e-02
-5.752892e-03
-4.939526e-03
-5.058526e-03
-2.456820e-03
6.116939e-03
-6.432194e-03
9.935794e-03
-1.515372e-02
5.511486e-03
8.983490e-03
3.879287e-03
-1.312876e-02
-2.891769e-03
-6.587922e-02
-2.856835e-02
-2.219700e-02
-1.534961e-02
-1.235114e-02
-1.748643e-02
-9.789813e-03
-1.825615e-02
6.823155e-02
7.644884e-02
