1.547963e-02
3.823850e-02
1.651483e-02
1.270726e-02
1.835018e-02
7.617517e-03
2.804725e-03
1.278551e-02
-1.052317e-02
8.369579e-03
-1.639887e-03
1.488655e-03
-1.052132e-03
5.322164e-03
-1.485287e-02
-1.119143e-02
-9.745189e-03
9.103381e-03
2.197174e-03
-5.774889e-03
-2.628627e-02
-1.394425e-02
2.001628e-03
-1.793995e-02
-2.099465e-03
6.086232e-03
7.125966e-03
4.586847e-03
-1.821130e-02
-6.275139e-03
-8.898948e-03
-4.415917e-03
-1.273255e-03
5.032510e-03
-6.182240e-03
7.172220e-03
-1.057664e-02
4.799652e-03
6.644418e-03
5.818312e-04
-1.498300e-02
-1.931707e-03
-3.886303e-02
-2.406701e-02
-2.026305e-02
-1.402555e-02
-1.234327e-02
-1.367699e-02
-9.821028e-03
-2.236606e-02
5.395751e-02
6.487193e-02
