1.559990e-02
1.834653e-02
1.585274e-02
1.621976e-02
1.958998e-02
1.573972e-02
1.010406e-02
1.123398e-02
9.356547e-04
1.472225e-02
5.942955e-03
-2.088378e-03
-1.215273e-02
5.570335e-03
7.967403e-03
-4.018966e-05
-1.532039e-02
-1.381551e-03
-2.404740e-02
3.081336e-03
-3.575995e-03
3.145328e-03
8.405244e-04
-2.107257e-03
1.695571e-03
-8.639721e-03
-1.161730e-03
-1.448340e-02
-7.657444e-03
2.174631e-03
-1.339006e-03
1.065199e-03
5.787536e-03
6.512618e-03
2.306397e-03
-1.072386e-02
-3.713587e-03
1.002691e-02
-9.969494e-03
2.937788e-03
-3.662860e-02
-2.341870e-02
-1.200181e-02
-8.493579e-03
-1.846963e-02
-2.967356e-02
-1.516765e-02
-1.916645e-02
-6.176054e-03
-9.011906e-03
8.300311e-02
6.811081e-02
