1.726478e-02
3.450975e-02
1.754887e-02
1.379631e-02
1.776854e-02
5.901085e-03
5.497728e-03
1.213007e-02
-1.068795e-02
2.078504e-03
-4.874124e-03
3.485728e-03
-1.388722e-03
1.681064e-03
-8.221944e-03
-1.742004e-02
-1.184528e-02
5.746172e-03
1.392362e-03
5.495987e-03
-1.590214e-02
-1.818559e-02
3.001179e-04
-1.313314e-02
-3.649724e-03
7.513145e-03
1.144106e-02
5.236770e-03
-2.352909e-02
-4.321029e-03
-5.552027e-03
-6.065040e-03
-3.986578e-05
-6.836373e-04
-4.959415e-03
5.067000e-03
-1.356779e-02
6.391741e-03
7.663942e-03
-1.077099e-03
-1.332298e-02
-3.547216e-03
-7.014848e-02
-2.914463e-02
-2.442732e-02
-1.109171e-02
-1.367121e-02
-1.966814e-02
-7.901806e-03
-1.533512e-02
7.410829e-02
7.319874e-02
