1.383431e-02
1.558364e-02
2.286628e-02
1.308824e-02
2.319286e-02
2.836508e-03
1.079419e-02
1.720060e-02
1.110522e-02
2.922128e-02
1.077810e-03
6.452588e-03
3.803139e-03
-3.793759e-03
-2.186508e-03
1.615184e-03
5.155764e-03
-2.053737e-03
-1.310367e-03
-1.541301e-02
-1.222252e-02
-1.438477e-04
-2.174149e-03
2.261929e-03
3.249929e-03
5.525404e-03
-5.882792e-03
-1.830933e-02
2.889793e-03
-1.384306e-02
-1.197270e-03
-7.292749e-04
-2.375387e-03
-3.123757e-03
-7.413898e-03
-5.037612e-03
-1.420825e-02
-1.376623e-02
-6.349103e-03
-5.622996e-03
-2.101197e-02
-1.283207e-02
-2.457528e-02
-9.041753e-03
-2.969227e-02
-1.479066e-02
-1.744100e-02
-2.412791e-02
-5.368534e-02
-9.304288e-03
7.204695e-02
7.918332e-02
