2.972693e-02
-2.972014e-03
1.615856e-02
1.456665e-02
3.989233e-03
2.131108e-02
1.110278e-02
2.120208e-02
2.112501e-02
2.049190e-02
-7.261250e-03
7.256588e-03
-1.649454e-03
-6.135537e-03
1.350983e-02
-3.004204e-04
-1.593834e-02
-8.342757e-03
-4.121485e-04
2.352839e-03
8.740520e-03
-7.576693e-03
-9.980841e-03
1.020671e-02
-4.789282e-04
1.640147e-03
-6.331128e-03
-5.796762e-04
3.845886e-03
-5.144800e-03
-1.847391e-02
-9.375931e-04
-9.065246e-03
-1.709942e-02
-6.050177e-03
-3.770069e-03
-8.163464e-03
6.747904e-04
6.782483e-03
-1.669139e-02
-1.214300e-02
-2.835673e-02
-5.299590e-02
-2.798591e-02
-1.815249e-02
-2.914798e-02
-1.458274e-02
-2.479646e-02
-1.069445e-02
-4.083832e-03
8.272334e-02
1.236099e-01
