5.936965e-03
1.576904e-02
1.598558e-02
2.919551e-02
3.027672e-02
1.559015e-02
2.251999e-02
3.098945e-03
1.716588e-02
1.635201e-02
8.852376e-04
-2.296891e-02
3.622438e-02
-5.571335e-03
9.437405e-04
-7.560099e-03
-5.235108e-03
3.700949e-03
-1.715718e-02
1.132881e-02
5.477424e-04
5.275939e-03
6.590803e-03
8.483228e-04
-4.225897e-03
-3.658720e-02
-1.520530e-02
-4.633640e-03
8.410818e-03
-1.004715e-02
-1.220978e-02
4.747853e-03
-5.143433e-03
-6.043286e-02
-3.033110e-03
1.446263e-02
1.825616e-03
6.689147e-03
-4.090506e-03
-2.781693e-02
-2.293692e-02
-2.367987e-02
-6.391884e-03
-1.662460e-02
-4.271552e-02
-2.420624e-02
-2.881241e-02
-6.884863e-02
-7.810374e-03
-1.927620e-02
3.507179e-02
2.490290e-02
