1.948557e-02
1.338542e-02
2.924446e-02
2.636184e-02
1.835860e-02
1.078978e-02
1.713504e-02
2.324182e-02
2.455996e-02
1.284425e-02
-2.871306e-03
-1.347229e-02
-1.184665e-02
-3.812776e-03
1.291153e-02
4.170127e-03
-9.700022e-04
-4.404843e-02
-6.991058e-03
2.267567e-03
-3.791234e-03
-8.147953e-03
4.669395e-04
4.861476e-03
-1.670601e-02
-1.781473e-02
-8.591140e-03
-4.801771e-04
-3.601095e-03
-1.258767e-03
1.067047e-02
-4.593866e-02
7.007306e-03
3.422225e-03
4.994541e-03
8.326166e-04
-2.355282e-04
4.384435e-03
-1.214061e-02
-6.337525e-03
-3.649483e-02
-4.042102e-03
-1.327593e-02
-1.352820e-02
-3.315324e-02
-2.825137e-03
-3.657865e-02
-1.087455e-02
-2.955804e-02
-8.854600e-03
6.216197e-02
7.376844e-02
