1.038992e-02
3.114748e-02
1.955476e-02
1.252606e-02
1.452654e-02
1.371384e-02
1.524404e-02
2.906041e-02
6.915236e-03
3.327034e-02
-2.956037e-03
-5.167634e-03
3.021199e-02
-1.969442e-03
2.276875e-03
-4.786715e-03
-3.655819e-03
-7.857602e-03
-3.608024e-03
4.985678e-03
-2.246337e-04
1.349229e-03
-2.991409e-03
7.045219e-03
-2.737042e-02
5.604487e-03
-3.599699e-03
4.438804e-03
8.877811e-04
1.064648e-02
-2.547748e-03
-6.338201e-03
-4.265220e-03
5.277219e-03
-1.817810e-03
3.509767e-03
-3.161122e-03
-3.592771e-03
-1.387064e-02
7.642657e-04
-3.197536e-02
-7.974211e-03
-1.339616e-02
-2.025884e-02
-1.423061e-02
-6.274708e-02
-1.822426e-02
-1.430162e-02
-6.979678e-03
-4.219677e-02
8.636412e-02
5.705955e-02
