2.181406e-02
3.443162e-02
1.281895e-02
1.078718e-02
2.774516e-02
5.518788e-03
1.070599e-02
1.312131e-02
-7.965882e-03
6.828725e-03
2.627206e-03
-7.281430e-03
-5.245035e-03
-2.084416e-04
-2.061021e-02
-3.408069e-02
-2.081928e-02
7.185069e-03
1.229278e-03
-2.278344e-03
-2.181216e-02
-2.801324e-02
-7.510351e-03
-5.051198e-02
1.255102e-03
8.682910e-03
1.378064e-02
4.592045e-03
-1.998829e-02
-3.651412e-03
1.990058e-03
4.431513e-03
-4.626978e-04
-9.470547e-03
-2.298653e-02
2.696216e-03
-8.614473e-03
9.293739e-03
3.180682e-03
1.510196e-02
-2.017614e-02
-5.294143e-03
-7.808869e-02
-2.983601e-02
-2.189262e-02
-2.529946e-03
-2.467966e-02
-3.343259e-02
-2.074145e-02
-2.933861e-02
3.115628e-02
4.093168e-02
