1.114726e-02
2.742128e-02
1.766884e-02
1.374680e-02
1.376932e-02
7.467277e-03
1.805381e-02
2.539488e-02
6.996760e-03
3.341176e-02
-3.055414e-04
-6.429414e-03
2.818010e-02
-2.768596e-04
1.057920e-03
-5.318739e-03
6.586673e-04
-8.133779e-03
2.889957e-03
4.400819e-03
-2.161579e-03
-4.344476e-06
-4.582506e-03
8.655373e-03
-1.992749e-02
7.865234e-03
3.429496e-05
5.782434e-03
1.163880e-03
1.045056e-02
-2.390293e-03
-7.948765e-03
-2.082821e-04
9.018419e-03
-1.063988e-03
3.436844e-03
4.461552e-03
-6.803959e-03
-1.068501e-02
8.606197e-04
-1.445797e-02
-9.938654e-03
-1.668633e-02
-2.057339e-02
-1.566762e-02
-4.288810e-02
-1.867220e-02
-1.386854e-02
-5.055218e-03
-3.847538e-02
7.862062e-02
5.452389e-02
