1.303056e-02
1.552377e-02
2.171697e-02
1.228460e-02
2.424985e-02
4.212693e-03
1.110019e-02
2.130586e-02
1.209807e-02
3.126298e-02
7.587300e-04
7.819370e-03
3.783204e-03
-5.729333e-03
-1.555000e-03
1.961572e-03
5.630244e-03
-1.288331e-03
-2.192459e-03
-1.393846e-02
-1.630322e-02
-4.411896e-04
-1.462402e-03
2.366318e-03
3.191444e-03
4.623597e-03
-5.533553e-03
-1.555146e-02
2.742418e-03
-1.352135e-02
-2.116577e-03
2.614349e-04
-2.992897e-03
-3.699379e-03
-8.017469e-03
-6.020565e-03
-1.429715e-02
-1.353921e-02
-6.684670e-03
-5.120149e-03
-1.895984e-02
-1.435218e-02
-2.592851e-02
-7.586433e-03
-2.620454e-02
-1.617420e-02
-1.398354e-02
-2.554291e-02
-5.626693e-02
-1.053108e-02
7.808622e-02
8.762864e-02
