1.259158e-02
9.881033e-03
9.454399e-03
7.807107e-02
2.334937e-02
1.294549e-02
3.137047e-02
8.747705e-03
1.246704e-02
2.108471e-02
8.053725e-03
-1.384817e-02
3.308382e-02
-8.582965e-04
-7.298468e-03
7.188834e-03
-1.193190e-02
-1.360526e-03
-1.569307e-02
6.041387e-03
2.041568e-03
-3.341748e-03
8.007937e-03
6.224749e-03
1.339170e-03
-1.383143e-02
-6.650919e-03
-4.326184e-03
-8.237080e-04
-1.345145e-02
-9.635863e-03
1.414482e-03
-9.817738e-03
-1.496932e-02
6.451008e-03
1.331189e-02
6.452751e-03
5.557896e-03
3.520626e-04
-2.005062e-02
-3.233710e-02
-1.531689e-02
-3.272817e-02
-6.274464e-02
-1.913927e-02
-3.842034e-03
-7.729746e-02
-2.105274e-02
-2.734332e-02
-2.612102e-02
-9.428932e-03
2.846214e-02
