8.841753e-03
2.518392e-02
1.919564e-02
9.627755e-03
1.216635e-02
5.541770e-03
1.599631e-02
2.576649e-02
7.260516e-03
2.370413e-02
-1.233958e-03
-2.109063e-03
2.057915e-02
-3.191157e-04
-3.393819e-05
-7.640447e-04
-3.084720e-03
-3.561514e-03
2.841653e-03
-8.764389e-05
-1.500224e-03
-1.122579e-03
-5.912326e-03
7.071718e-03
-2.689325e-02
9.609521e-04
-9.450723e-03
8.611150e-03
9.808254e-04
1.042065e-02
-1.735397e-03
-1.121728e-02
6.785483e-04
4.392829e-03
-3.379969e-03
2.234329e-03
-3.650427e-03
-9.325002e-03
-2.780334e-02
1.968865e-04
-1.404462e-02
-3.743879e-03
-1.523701e-02
-1.909074e-02
-3.679257e-02
-2.973110e-02
-1.498512e-02
-1.776271e-02
-8.012053e-03
-4.804714e-02
3.476196e-02
3.518531e-02
