8.123475e-03
6.202971e-02
1.279106e-02
8.338694e-03
1.917683e-02
5.568429e-03
8.508347e-03
1.315228e-02
-7.858195e-03
2.789932e-03
-9.365737e-03
-3.221164e-03
-7.808276e-03
4.343655e-03
-1.791975e-02
-1.338056e-02
-1.613881e-02
3.332366e-03
-3.214573e-03
2.241015e-04
-5.928157e-02
-2.286169e-02
-6.681092e-04
-2.000000e-01
1.599674e-03
8.595631e-03
8.101107e-03
5.743799e-03
-1.815662e-02
-8.046371e-03
-7.247370e-03
-9.804965e-03
-6.859127e-03
-1.077694e-04
-1.625648e-02
7.407391e-03
-3.184234e-02
2.572809e-03
1.087711e-02
6.084684e-03
-1.421044e-02
-4.166900e-03
-5.620335e-02
-1.583906e-02
-1.905491e-02
3.316283e-03
-4.541216e-03
-1.995911e-02
-1.354134e-02
-1.263972e-02
7.365094e-03
3.446235e-02
