1.980734e-02
2.410312e-02
1.806383e-02
1.580030e-02
1.680239e-02
-1.918112e-02
2.316398e-02
1.665277e-02
2.309244e-02
-9.431247e-03
-6.253178e-03
-5.243386e-03
-1.320507e-02
4.965961e-02
4.545358e-03
-1.516765e-02
4.824686e-03
-1.510475e-02
3.695745e-03
5.633758e-03
4.730656e-03
-3.352960e-04
-5.349625e-04
-4.046880e-03
-8.701959e-03
-1.179962e-03
8.831997e-03
-1.446770e-02
7.227845e-03
2.793669e-03
-3.183847e-03
8.373134e-03
6.544629e-03
-5.871906e-03
9.881676e-04
6.706953e-03
8.347535e-03
-4.053991e-03
6.847556e-04
4.411187e-03
-1.168808e-02
-2.507966e-02
-1.539405e-02
-1.866313e-02
-2.365093e-02
-2.052643e-02
-7.844636e-03
-8.244605e-03
-1.781606e-02
-1.331132e-02
9.238468e-02
2.577757e-02
