2.411226e-02
3.200938e-02
1.834102e-02
2.472863e-02
1.599050e-02
1.025554e-02
4.480733e-03
1.884703e-02
2.303983e-02
2.131512e-02
-1.965641e-03
-2.752155e-03
6.797064e-04
-3.169772e-03
1.878942e-04
-6.636753e-03
1.609582e-03
-1.380302e-02
2.131696e-03
6.040967e-03
-1.218142e-02
-1.181238e-02
-4.965303e-03
-1.690990e-02
-3.659831e-03
9.949159e-03
-4.806386e-03
-6.554108e-03
1.080807e-03
-5.198241e-03
-1.009569e-02
1.513238e-03
-9.019677e-03
3.299832e-03
5.602016e-03
9.312235e-04
1.069409e-02
3.365996e-03
-2.022164e-03
-8.885313e-04
-1.074696e-02
-2.127374e-02
-1.489877e-02
-2.684555e-02
-2.895652e-02
-8.859057e-03
-2.143739e-02
-1.117094e-02
-1.813438e-02
-2.250985e-02
5.600752e-02
7.548017e-02
