2.584766e-02
-9.388952e-04
1.661922e-02
1.274562e-02
6.233345e-03
2.082286e-02
1.238265e-02
1.978712e-02
1.927577e-02
1.891803e-02
-5.855964e-03
7.341921e-03
-2.098569e-04
-1.162602e-03
9.758862e-03
-1.249787e-03
-1.229094e-02
-5.553510e-03
-7.268104e-03
-1.414972e-03
7.618974e-03
-8.575399e-03
-9.205189e-03
7.325207e-03
-1.266425e-03
2.032950e-03
-3.627744e-03
1.316352e-04
3.924706e-03
-5.804443e-03
-1.984119e-02
-1.424761e-03
-7.599474e-03
-1.800383e-02
-5.797817e-03
2.093007e-04
-8.636731e-03
-1.684564e-03
6.700654e-03
-1.381287e-02
-9.545053e-03
-2.625358e-02
-5.252309e-02
-2.598069e-02
-1.527969e-02
-2.788168e-02
-1.557449e-02
-2.412309e-02
-6.418195e-03
-7.622086e-03
6.954560e-02
1.098287e-01
