1.956430e-02
2.192069e-02
2.034209e-02
1.802624e-02
1.730314e-02
-1.197275e-02
2.841082e-02
1.226747e-02
2.586987e-02
-8.616179e-03
-9.527399e-03
-6.571392e-03
-1.126702e-02
6.251869e-02
5.030653e-03
-1.517963e-02
3.570281e-03
-1.497691e-02
3.789770e-03
6.132117e-03
7.914059e-03
-4.857596e-03
4.739961e-04
-1.466262e-02
-9.207679e-03
3.586358e-04
9.429667e-03
-1.475634e-02
2.509366e-03
5.905279e-03
-1.020644e-02
2.087562e-03
6.151518e-03
-6.895793e-03
3.826307e-03
8.332072e-03
7.159060e-03
-3.151932e-03
-5.628625e-04
4.284104e-03
-1.310525e-02
-3.436744e-02
-1.746794e-02
-1.952583e-02
-3.172487e-02
-1.976111e-02
-7.294434e-03
-9.904819e-03
-1.286141e-02
-1.313287e-02
8.959581e-02
2.115911e-02
