2.036080e-02
1.630405e-02
-3.070058e-02
2.863153e-02
1.066108e-02
1.445650e-02
1.597520e-02
1.479738e-02
2.523720e-02
1.483799e-02
8.781081e-04
1.405558e-02
1.728942e-02
-4.194758e-03
-4.429969e-02
9.403783e-03
4.022660e-03
-7.604802e-03
-1.724233e-02
-1.152520e-03
-5.288844e-03
-9.712256e-03
-4.512230e-03
-7.339770e-03
3.400340e-03
-1.089503e-02
1.315610e-02
7.236703e-03
-3.925691e-03
3.592351e-03
9.507808e-03
-3.045467e-03
7.224051e-03
1.586386e-04
4.782161e-03
-8.151912e-03
-2.130660e-03
3.028638e-03
-1.142723e-02
5.830170e-03
-1.702489e-02
-1.065331e-02
-1.555641e-02
-3.405355e-02
-7.342809e-02
-2.205051e-02
-1.614355e-02
-4.687790e-02
-2.047894e-02
-1.166141e-02
9.380174e-02
8.372784e-02
