1.685161e-02
1.703114e-02
1.169356e-02
1.516404e-02
1.058780e-02
-1.851818e-02
2.408731e-02
8.702372e-03
2.066970e-02
-1.295191e-02
-8.070570e-03
-5.408629e-03
-1.315018e-02
4.031290e-02
4.984178e-03
-1.215794e-02
2.593677e-03
-1.321955e-02
9.002163e-04
5.120451e-03
2.219908e-03
-6.378678e-04
-1.475180e-03
-1.207483e-02
-7.096545e-03
-1.024443e-03
1.192274e-02
-1.405310e-02
3.013100e-05
4.651221e-03
-9.652116e-03
6.989022e-03
6.385302e-03
-5.533657e-03
8.341135e-04
3.933442e-03
5.720125e-03
-2.685435e-03
-1.394517e-03
3.242874e-03
-1.257565e-02
-2.159342e-02
-1.837659e-02
-1.380741e-02
-2.456107e-02
-1.931895e-02
-6.266784e-03
-5.361555e-03
-1.355777e-02
-1.069492e-02
2.303152e-02
1.023326e-02
