3.211919e-02
4.552848e-02
2.024989e-02
2.872434e-02
1.873274e-02
9.221485e-03
7.847240e-03
2.028596e-02
2.620839e-02
2.521788e-02
-1.611312e-03
-1.773814e-02
-3.773453e-04
-2.474200e-03
6.681818e-03
-4.213520e-03
2.984053e-04
-1.432543e-02
-2.369222e-03
7.598573e-03
-1.261196e-02
-8.314523e-03
-3.164984e-03
-2.091997e-02
3.938690e-04
1.328162e-02
-5.241083e-03
-1.073814e-02
1.307587e-03
-8.693381e-03
-1.754753e-02
1.909519e-03
-9.598701e-03
7.033175e-03
8.866865e-03
-5.450113e-03
1.153373e-02
4.003383e-03
4.185377e-03
-1.985258e-03
-1.313367e-02
-2.203435e-02
-1.890087e-02
-2.400062e-02
-3.506557e-02
-9.270155e-03
-2.600881e-02
-9.495669e-03
-1.999565e-02
-1.475251e-02
4.674636e-02
9.460609e-02
