2.191691e-02
5.705247e-03
1.643351e-02
2.841433e-02
5.237962e-03
5.882617e-03
1.522237e-02
1.834728e-02
3.034401e-02
1.685310e-02
-1.101360e-02
-1.900400e-02
-1.599661e-02
-3.567014e-03
2.070407e-02
1.175430e-02
5.313532e-04
-2.000000e-01
-2.866079e-04
-1.829608e-02
-1.804946e-02
-3.312302e-03
-4.330314e-03
8.375689e-03
5.242337e-03
-1.468128e-02
5.623631e-03
5.624320e-03
1.281053e-02
-5.652186e-03
9.735391e-03
-7.332134e-02
-1.912915e-03
-9.175819e-03
8.398834e-03
-6.447002e-03
1.529635e-02
-5.437754e-03
-1.148209e-02
-9.294610e-03
-2.000000e-01
-5.296941e-04
-3.103757e-02
-3.838173e-02
-2.684374e-02
-6.397933e-03
-5.487678e-02
-9.931198e-03
-3.388385e-02
-1.066685e-02
3.459579e-02
4.275622e-02
