1.359087e-02
1.865372e-02
1.517151e-02
1.569832e-02
1.910356e-02
1.574116e-02
1.041559e-02
1.144222e-02
3.372551e-03
1.394900e-02
5.291592e-03
-1.900796e-03
-1.205847e-02
5.628080e-03
7.156443e-03
-3.459425e-04
-1.368451e-02
3.965918e-04
-2.144006e-02
3.516495e-03
-4.293119e-03
2.470854e-03
1.130382e-03
-2.037133e-03
3.492696e-04
-6.735143e-03
-2.401670e-04
-1.670506e-02
-6.487588e-03
1.396701e-03
-9.288159e-04
1.510674e-03
5.582783e-03
6.903549e-03
1.732203e-03
-8.839379e-03
-4.565765e-03
1.006326e-02
-9.323820e-03
3.185106e-03
-3.869374e-02
-2.176071e-02
-1.355090e-02
-8.452231e-03
-1.828615e-02
-2.911163e-02
-1.581662e-02
-1.859277e-02
-5.019908e-03
-8.645574e-03
8.300147e-02
6.710672e-02
