1.561964e-02
4.058319e-02
1.592355e-02
1.047198e-02
1.743440e-02
6.416813e-03
3.562362e-03
1.240151e-02
-9.142246e-03
8.212949e-03
3.224948e-04
-7.030211e-04
-2.010203e-03
5.093988e-03
-1.665842e-02
-1.218068e-02
-1.331480e-02
7.845164e-03
3.466728e-03
-5.688949e-03
-1.806630e-02
-1.373599e-02
1.338472e-03
-1.771752e-02
-2.254842e-03
4.842638e-03
7.612038e-03
3.618869e-03
-1.550827e-02
-5.965250e-03
-1.136508e-02
-4.942582e-03
-3.606319e-03
3.887817e-03
-8.882042e-03
6.467644e-03
-1.201005e-02
5.638067e-03
7.566378e-03
1.423189e-03
-1.461571e-02
-6.422414e-04
-3.596697e-02
-2.257093e-02
-1.707786e-02
-1.612263e-02
-1.428210e-02
-1.720979e-02
-1.025793e-02
-2.459902e-02
4.158418e-02
5.143524e-02
