1.672623e-02
1.675765e-02
1.754886e-02
1.881804e-02
-4.998787e-04
1.908300e-02
1.583065e-02
1.263334e-02
1.216196e-02
1.536491e-02
2.202918e-03
2.273713e-03
1.138710e-02
1.847414e-03
8.439089e-04
4.758374e-03
-5.553929e-03
5.117025e-03
-2.939272e-03
-2.205834e-02
-1.315150e-03
-9.235956e-03
-6.264072e-03
-1.880904e-02
-3.287343e-03
-1.133201e-02
2.743202e-03
-7.255807e-04
6.836834e-04
-2.863092e-03
-1.142395e-02
9.486807e-04
-1.944517e-02
1.034608e-02
-9.943086e-03
9.571134e-03
-4.341171e-03
7.647199e-03
-8.589171e-03
1.346464e-02
-2.420221e-02
1.072678e-03
-1.024889e-02
-1.315314e-02
-1.155698e-02
-2.665991e-02
-3.431744e-02
-2.331010e-02
-2.499316e-02
-2.725901e-02
7.518851e-02
8.227971e-02
