1.677180e-02
1.703633e-02
2.382875e-02
1.828814e-02
1.732617e-02
1.074362e-02
1.006830e-02
1.373102e-02
-1.216438e-03
1.480657e-02
8.945929e-03
8.236812e-05
-9.498626e-03
-2.159034e-04
8.115121e-03
-3.339278e-04
-1.631309e-02
-3.758214e-03
-3.321274e-02
1.728728e-03
-2.909887e-03
5.541498e-03
-2.830239e-03
-5.128411e-03
-5.841699e-05
-8.389662e-03
-4.209651e-04
-2.340265e-02
-8.205245e-03
2.137287e-03
-1.020323e-03
-3.675003e-05
5.544819e-03
6.796438e-03
-6.985563e-04
-1.368192e-02
-2.706358e-03
1.003235e-02
-1.065943e-02
3.092842e-03
-4.545811e-02
-2.326965e-02
-1.627315e-02
-9.623832e-03
-2.674976e-02
-2.530514e-02
-1.071808e-02
-9.820815e-03
-8.035421e-03
-1.396464e-02
6.659173e-02
6.392655e-02
