2.374849e-02
4.279145e-02
1.743922e-02
2.323571e-02
1.152722e-02
8.075287e-03
9.972477e-04
1.006381e-02
2.515515e-02
2.191592e-02
-3.400634e-03
1.258266e-03
2.045081e-03
-1.952869e-03
-2.342313e-03
-1.038300e-02
5.524352e-04
-1.669249e-02
4.637691e-04
-4.570062e-04
-8.404270e-03
-1.188360e-02
-3.772394e-03
-2.150360e-02
-3.276846e-03
1.057988e-02
-7.687801e-03
-7.075457e-03
-1.914420e-03
-6.456063e-03
-1.022252e-02
1.463232e-03
-5.870840e-03
-2.548137e-03
3.840790e-03
5.682109e-03
7.123644e-03
2.483092e-03
-6.718329e-03
-6.043932e-04
-1.758187e-02
-1.979697e-02
-2.601075e-02
-7.175750e-02
-1.854085e-02
-1.711375e-02
-3.101765e-02
-1.321506e-02
-1.607631e-02
-2.533446e-02
1.521671e-02
3.684979e-02
