1.122065e-02
2.642715e-02
1.599432e-02
1.187226e-02
1.377995e-02
6.670146e-03
1.619597e-02
2.401181e-02
5.893842e-03
3.119253e-02
-2.166532e-04
-5.897345e-03
2.843142e-02
-1.012438e-03
-1.676978e-04
-5.188981e-03
2.587982e-04
-7.646911e-03
7.124586e-04
4.192349e-03
-1.428146e-03
6.287117e-05
-5.361222e-03
6.683221e-03
-2.345985e-02
5.161440e-03
-4.020089e-03
6.336148e-03
1.176764e-03
9.591385e-03
-1.677484e-03
-5.923101e-03
-2.577534e-03
7.822627e-03
-8.371676e-04
4.205687e-03
2.223772e-03
-7.271696e-03
-1.302549e-02
1.258741e-03
-2.283394e-02
-8.568866e-03
-1.479585e-02
-1.901829e-02
-1.355208e-02
-4.522227e-02
-1.335578e-02
-1.354234e-02
-5.619843e-03
-3.938953e-02
7.028242e-02
5.022485e-02
