1.133665e-02
1.206048e-02
1.850793e-02
2.407899e-03
2.325001e-02
1.599636e-02
1.895370e-02
1.117561e-02
2.046264e-02
1.340561e-02
4.402151e-03
-2.675111e-02
5.049761e-02
-3.463624e-03
-2.744692e-03
-7.570386e-04
-8.813529e-03
4.757428e-03
-6.172751e-03
2.428141e-03
-1.709379e-02
-6.707730e-03
3.483165e-03
2.672811e-03
-3.128128e-04
-7.803660e-03
-2.030217e-02
-2.554985e-03
2.020648e-03
-4.064788e-03
-4.640711e-03
4.037897e-03
-5.242449e-03
-4.121491e-02
1.345972e-03
1.027320e-02
-3.632058e-03
7.526130e-03
-1.170770e-03
-2.380970e-03
-2.623536e-02
-1.346164e-02
-3.100199e-02
-3.181194e-02
-2.067323e-02
-1.605590e-02
-1.527989e-02
-3.352795e-02
-2.220646e-02
-2.413437e-02
6.137836e-02
5.097608e-03
