2.535048e-02
-2.974210e-03
1.386278e-02
1.268654e-02
4.268686e-03
2.254147e-02
1.300141e-02
1.837803e-02
2.090309e-02
1.964168e-02
-9.136482e-03
7.743330e-03
-3.975108e-04
-2.388626e-03
1.175517e-02
-3.372909e-03
-7.599032e-03
-2.486614e-03
-5.953047e-03
-1.079453e-03
6.111110e-03
-1.009111e-02
-8.805815e-03
9.388582e-03
3.718118e-04
2.874795e-03
-2.191616e-03
-6.930148e-04
1.580213e-03
-2.974745e-03
-1.765779e-02
2.363200e-03
-1.395587e-02
-1.973495e-02
-1.559966e-02
-1.131353e-03
-8.744298e-03
-5.350941e-05
6.804775e-03
-1.118388e-02
-6.098717e-03
-2.642433e-02
-6.473589e-02
-2.986941e-02
-1.519693e-02
-2.803063e-02
-1.648447e-02
-3.220916e-02
-6.264674e-03
-4.018932e-03
7.293340e-02
1.220200e-01
