1.922686e-02
1.366147e-02
1.610487e-02
1.777248e-02
-2.051165e-04
2.241338e-02
1.573398e-02
1.403081e-02
9.614694e-03
1.382533e-02
6.895820e-03
2.979697e-03
1.321762e-02
4.758918e-03
1.912727e-04
4.684481e-03
-7.641013e-03
4.154017e-03
3.239944e-03
-2.268974e-02
-1.171278e-03
-7.737324e-03
-6.757395e-03
-1.786623e-02
-1.781775e-03
-7.991702e-03
4.563261e-03
-1.152757e-03
-2.374157e-04
-1.008577e-03
-1.195358e-02
3.410832e-03
-1.913787e-02
4.463592e-03
-6.615015e-03
6.084703e-03
-4.193544e-03
8.383286e-03
-9.413921e-03
1.399531e-02
-2.288897e-02
-3.583287e-03
-1.189114e-02
-1.406411e-02
-1.112022e-02
-2.617381e-02
-3.824858e-02
-3.083585e-02
-2.332357e-02
-2.729608e-02
7.521850e-02
7.827786e-02
