1.859378e-02
1.563144e-02
-3.857773e-02
2.869204e-02
1.092327e-02
1.296942e-02
1.775571e-02
1.406149e-02
2.476377e-02
1.645249e-02
-8.443749e-04
1.121462e-02
1.596664e-02
-6.324240e-03
-4.738719e-02
9.364004e-03
2.090887e-03
-1.024110e-02
-2.141709e-02
-4.794716e-04
-3.994926e-03
-1.133536e-02
-3.590777e-03
-4.882636e-03
6.569042e-03
-8.419714e-03
1.113809e-02
7.737328e-03
-2.792903e-03
3.771990e-03
6.091766e-03
-3.270531e-03
7.229200e-03
-1.792478e-03
4.407358e-03
-6.031818e-03
4.683233e-04
2.654352e-03
-1.342445e-02
5.707945e-03
-1.855800e-02
-9.677641e-03
-1.432495e-02
-3.276557e-02
-5.810617e-02
-2.115184e-02
-1.644515e-02
-4.728019e-02
-1.663368e-02
-5.308038e-03
8.755865e-02
7.968533e-02
