1.141545e-02
2.688079e-02
1.640459e-02
1.268362e-02
1.388794e-02
7.598124e-03
1.645886e-02
2.485897e-02
6.567980e-03
3.281305e-02
-2.620314e-04
-5.323874e-03
2.866464e-02
-1.099780e-03
1.689594e-04
-4.582908e-03
1.112132e-03
-7.406470e-03
8.523403e-04
4.686801e-03
-1.247083e-03
-1.613179e-05
-4.970980e-03
7.028070e-03
-2.341719e-02
5.425573e-03
-4.150422e-03
5.759003e-03
1.592588e-03
1.024778e-02
-1.469836e-03
-6.316510e-03
-1.942970e-03
8.282781e-03
-8.766794e-04
3.743808e-03
2.737929e-03
-7.211259e-03
-1.164330e-02
1.240208e-03
-1.987381e-02
-8.563759e-03
-1.563893e-02
-2.012562e-02
-1.486914e-02
-4.163608e-02
-1.494580e-02
-1.467332e-02
-5.518920e-03
-3.623160e-02
8.136322e-02
5.510688e-02
