1.876949e-02
2.407240e-02
1.773165e-02
1.759618e-02
1.584959e-02
-1.132993e-02
2.666946e-02
1.408412e-02
2.213304e-02
-8.949749e-03
-6.158197e-03
-4.259599e-03
-1.319356e-02
4.654277e-02
3.195305e-03
-1.710722e-02
3.653162e-03
-1.344546e-02
3.147752e-03
7.328083e-03
5.830239e-03
-5.362009e-03
-3.081940e-04
-6.440996e-03
-7.655046e-03
1.302053e-04
9.736943e-03
-1.514276e-02
3.201612e-03
5.028282e-03
-9.283650e-03
8.567707e-03
7.411516e-03
-4.684737e-03
-4.675775e-04
7.651093e-03
8.031317e-03
-4.317254e-03
7.362274e-04
4.122594e-03
-9.374367e-03
-2.231164e-02
-1.577394e-02
-1.717220e-02
-2.425886e-02
-2.092506e-02
-7.019309e-03
-3.221458e-03
-1.338816e-02
-1.291423e-02
8.580375e-02
2.418554e-02
