1.895275e-02
1.217167e-02
3.416674e-02
2.762637e-02
1.549218e-02
1.056761e-02
1.655016e-02
2.274828e-02
2.105136e-02
1.286489e-02
-3.585342e-03
-8.528766e-03
-9.019045e-03
-7.582881e-03
1.334391e-02
4.646383e-03
2.110365e-04
-4.742467e-02
-7.580235e-03
-3.700971e-03
-4.481510e-03
-1.143678e-02
9.388229e-04
5.107882e-03
-1.889793e-02
-1.476385e-02
-7.176494e-03
1.314766e-03
9.869829e-04
-2.464792e-03
1.169961e-02
-3.848977e-02
7.611943e-03
3.068942e-03
6.359220e-03
1.224684e-03
3.915545e-04
3.825800e-03
-1.520480e-02
-6.171002e-03
-4.013314e-02
-2.915581e-03
-1.567903e-02
-1.398772e-02
-4.232936e-02
-4.606783e-03
-3.621377e-02
-1.035521e-02
-2.225971e-02
-7.502162e-03
6.176131e-02
8.753169e-02
