2.008371e-02
1.710206e-02
-3.792769e-02
2.360177e-02
8.196883e-03
1.303537e-02
1.527845e-02
1.384388e-02
2.638103e-02
1.606364e-02
-1.056332e-03
1.425914e-02
2.459500e-02
-3.647507e-03
-5.472592e-02
1.243948e-02
-2.085502e-04
-9.869194e-03
-1.232754e-02
-4.106248e-03
-5.790948e-03
1.540341e-03
-3.936947e-03
-5.832319e-03
3.430651e-03
-7.036677e-03
1.041203e-02
6.755163e-03
-2.378981e-03
2.524227e-03
6.289428e-03
1.755110e-03
1.007519e-02
-5.741179e-03
6.095315e-03
-7.029476e-03
-3.717037e-04
2.735470e-03
-1.454944e-02
1.670484e-03
-1.886027e-02
-7.600280e-03
-1.084570e-02
-3.282882e-02
-5.378173e-02
-2.295230e-02
-1.845482e-02
-4.076448e-02
-1.513057e-02
-1.960176e-02
6.312404e-02
7.216187e-02
