2.400255e-02
-2.449651e-03
1.538852e-02
1.210574e-02
4.780986e-03
2.073512e-02
1.121663e-02
1.774215e-02
1.883607e-02
1.659540e-02
-4.440477e-03
7.530909e-03
2.729682e-03
-2.799304e-03
1.010430e-02
-6.251617e-04
-7.629619e-03
-3.353649e-03
-1.233226e-02
-1.741460e-03
6.029786e-03
-5.644487e-03
-9.219761e-03
9.824149e-03
2.131787e-03
-1.427648e-03
-5.014134e-03
5.309817e-05
5.894058e-03
-6.068567e-03
-1.678365e-02
-2.040815e-03
-4.996380e-03
-1.662639e-02
-1.699860e-02
-2.449059e-03
-8.040431e-03
-2.249803e-03
7.178532e-03
-8.694903e-04
-5.755041e-03
-2.834334e-02
-5.043534e-02
-2.432023e-02
-1.268597e-02
-3.193954e-02
-1.213483e-02
-3.753887e-02
-1.012903e-02
-3.380662e-03
6.798536e-02
9.193807e-02
