1.225562e-02
1.329456e-02
2.510070e-02
1.129540e-02
1.576083e-02
2.837492e-03
1.194717e-02
1.081610e-02
1.546058e-02
2.573248e-02
2.444407e-03
3.203234e-03
6.475469e-03
-7.777042e-03
-6.204953e-03
9.311278e-04
4.247319e-03
-2.821292e-03
-4.493326e-03
-1.496426e-02
-2.534261e-02
7.232902e-04
-7.998232e-04
4.346359e-03
9.420907e-04
9.360650e-04
-5.798016e-03
-1.465307e-02
4.204042e-03
-1.909924e-02
3.085026e-03
-2.895585e-04
-3.040985e-03
-6.411562e-03
-1.004480e-02
-3.643573e-03
-1.951736e-02
-1.120913e-02
-9.981071e-03
-8.847490e-03
-3.674212e-02
-1.870834e-02
-2.291087e-02
-7.513430e-03
-1.883461e-02
-1.656582e-02
-1.587277e-02
-2.694912e-02
-5.901236e-02
-5.285741e-03
4.686311e-02
5.508821e-02
