1.159592e-02
1.336842e-02
1.528715e-02
4.406868e-02
2.387932e-02
1.435147e-02
2.041079e-02
8.266905e-03
1.783344e-02
1.344522e-02
4.293040e-03
-1.738276e-02
5.971656e-02
-3.587137e-03
-1.652978e-03
5.788338e-04
-5.691868e-03
-7.309121e-04
-1.082767e-02
1.327939e-02
-9.861648e-04
-6.055153e-03
5.229360e-03
1.266709e-03
9.530270e-04
-1.417210e-02
-1.159272e-02
-3.990640e-03
3.372756e-03
-6.419221e-03
1.760626e-03
4.126069e-03
-2.046895e-03
-2.062323e-02
5.392259e-03
1.682038e-02
-1.986127e-03
7.531014e-03
-3.278142e-03
-1.908339e-02
-3.946273e-02
-1.575647e-02
-1.135201e-02
-2.607340e-02
-1.981109e-02
-1.700239e-02
-1.456231e-02
-2.741065e-02
-7.815364e-03
-2.821032e-02
7.976039e-02
2.875065e-02
