2.492429e-02
2.349490e-02
1.116855e-02
2.641954e-02
1.138857e-02
1.185102e-02
7.166908e-04
1.944979e-02
2.291478e-02
1.849839e-02
-5.551482e-03
-8.952345e-03
-1.036124e-02
6.777600e-03
-2.173229e-03
-3.106288e-02
1.027473e-03
-1.626100e-02
1.013406e-03
1.397771e-02
-1.294510e-02
-1.176326e-02
-1.025615e-02
-3.008085e-02
1.044446e-03
8.623740e-03
-7.242329e-03
-1.558933e-02
2.468964e-03
-5.795481e-03
-8.252847e-03
-2.971524e-03
-6.327647e-03
3.094891e-03
1.585019e-03
1.411505e-02
1.714766e-02
2.187715e-03
-7.399721e-03
-1.398273e-02
-1.549057e-02
-3.359027e-02
-9.565567e-03
-4.875450e-02
-2.315949e-02
-9.156288e-03
-3.164847e-02
-1.785753e-02
-2.095991e-02
-2.700781e-02
2.702899e-02
4.924711e-02
