1.815641e-02
1.017622e-02
-1.578554e-02
2.220835e-02
5.175911e-03
7.916129e-03
1.637083e-02
1.540570e-02
2.795233e-02
1.817374e-02
2.975668e-03
1.048842e-02
4.302369e-02
-7.998294e-04
-5.803745e-02
7.825316e-03
2.659714e-03
-7.377140e-03
-3.145814e-02
-4.644444e-03
4.126957e-03
-9.393006e-04
-1.017544e-02
-9.394392e-03
4.417505e-03
-1.817103e-02
7.375519e-03
4.096853e-04
-8.164120e-03
1.416615e-03
1.162783e-03
-7.897645e-03
6.007440e-03
3.384371e-04
4.733014e-03
-3.987769e-03
-5.214831e-03
9.377820e-03
-1.316917e-02
5.042054e-03
-1.992516e-02
-1.353424e-02
-1.991596e-02
-5.418277e-02
-6.732766e-02
-4.068764e-02
-3.770027e-02
-6.951276e-02
-1.899489e-02
-4.231062e-02
3.237782e-02
3.592423e-02
