9.527107e-03
8.806159e-03
1.020138e-02
2.766075e-02
1.758221e-02
1.359610e-02
1.350482e-02
7.393618e-03
1.290515e-02
1.182467e-02
2.972015e-03
-1.996426e-02
2.636278e-02
-6.761853e-05
-2.508294e-03
7.353825e-03
-6.604524e-03
1.454059e-03
-9.791682e-03
7.399362e-03
-3.561674e-03
-5.987992e-03
6.300111e-03
-5.397835e-03
-2.290279e-03
-1.168910e-02
-1.026721e-02
-4.977947e-03
5.230578e-03
1.530246e-03
-9.565417e-03
3.479095e-03
-3.802623e-03
-1.323624e-02
1.172097e-03
9.410186e-03
-1.625307e-03
4.862583e-03
-2.953068e-03
-1.497901e-02
-2.420768e-02
-1.967426e-02
-2.791998e-02
-1.973970e-02
-1.888791e-02
-1.303866e-02
-2.875657e-02
-4.455272e-02
-1.615803e-02
-2.585952e-02
3.503301e-02
2.899421e-02
