1.930798e-02
2.095827e-02
1.933398e-02
1.756185e-02
1.571473e-02
-1.487980e-02
2.708750e-02
1.412884e-02
2.721837e-02
-9.823590e-03
-1.207982e-02
-6.328389e-03
-1.258478e-02
6.741352e-02
7.116186e-03
-1.779607e-02
2.405542e-03
-1.406863e-02
3.209468e-03
7.574847e-03
5.279335e-03
-3.396706e-03
1.520325e-03
-1.561983e-02
-1.618735e-02
-1.150440e-04
1.248322e-02
-1.607298e-02
2.478549e-03
6.106175e-03
-8.791223e-03
1.652553e-03
6.589082e-03
-6.746825e-03
1.828579e-03
8.640853e-03
6.741523e-03
-3.287846e-03
1.174468e-03
6.806699e-03
-2.129782e-02
-3.215059e-02
-1.668987e-02
-2.155663e-02
-4.252952e-02
-1.789944e-02
-1.052904e-02
-9.511986e-03
-1.192753e-02
-1.761856e-02
8.792085e-02
1.774685e-02
