2.304260e-02
1.516960e-02
2.944005e-02
1.938490e-02
2.038270e-02
1.701700e-02
1.934910e-02
1.357560e-02
-2.419238e-03
2.168360e-02
7.237564e-03
1.737719e-03
-1.142695e-02
-1.646802e-03
1.005314e-02
2.329282e-03
-8.990478e-03
5.978991e-03
-1.696157e-02
-4.269797e-03
-9.110033e-03
3.673349e-03
-1.686898e-04
3.251384e-03
-5.681510e-04
-5.024700e-03
5.102781e-03
-8.149378e-03
-2.705780e-03
-5.718442e-04
-8.058198e-03
3.982527e-03
3.218493e-03
7.680991e-03
1.966754e-03
-1.642372e-02
-1.070061e-03
1.114788e-02
-5.941961e-03
5.628358e-03
-3.920329e-02
-3.917014e-02
-2.455850e-02
-1.392619e-02
-2.343531e-02
-3.290956e-02
-1.271772e-02
-2.649336e-02
-2.011869e-02
5.195502e-03
9.687257e-02
1.126629e-01
