1.291260e-02
3.437775e-02
1.533579e-02
9.124085e-03
1.859407e-02
3.258011e-03
4.542864e-03
1.316613e-02
-1.058122e-02
8.653513e-03
4.709361e-04
2.417662e-03
-3.578894e-03
3.538760e-03
-8.028227e-03
-2.791223e-02
-1.774472e-02
4.299622e-03
4.431733e-03
-7.704187e-03
-2.456166e-02
-1.900351e-02
6.241985e-04
-3.269170e-02
1.396748e-03
5.466396e-03
3.446904e-03
4.525357e-03
-2.080534e-02
-6.429862e-03
-2.170889e-03
-4.144042e-03
-1.405421e-03
1.400411e-02
-1.098515e-02
3.905068e-03
-6.782369e-03
9.124179e-03
3.536481e-03
-1.468183e-03
-9.005620e-03
-3.367824e-03
-3.121946e-02
-3.002808e-02
-1.470732e-02
-9.748145e-03
-5.204611e-03
-8.814580e-03
-1.048971e-02
-1.055473e-02
2.846415e-02
3.443717e-02
