1.399064e-02
4.431092e-02
1.856299e-02
1.526652e-02
1.789037e-02
7.105009e-03
4.024339e-03
1.332820e-02
-1.091955e-02
6.529708e-03
-5.373851e-03
3.758180e-03
-5.644696e-04
4.548993e-03
-9.546019e-03
-1.827929e-02
-1.426116e-02
5.302334e-03
2.379398e-03
-3.776768e-03
-2.294004e-02
-1.552347e-02
7.724614e-04
-1.837810e-02
-1.447446e-05
2.044296e-03
9.392125e-03
3.480650e-03
-2.367990e-02
-7.252961e-03
-1.179390e-02
-5.826286e-03
5.577962e-04
3.611365e-03
-4.109486e-03
3.452276e-03
-1.143790e-02
6.018411e-03
8.604480e-03
1.868133e-03
-1.537142e-02
-2.626107e-03
-5.646730e-02
-2.398400e-02
-2.343720e-02
4.481151e-03
-1.258380e-02
-1.886498e-02
-1.253683e-02
-1.648339e-02
7.730771e-02
7.460853e-02
