1.383281e-02
4.293028e-02
1.579749e-02
1.107390e-02
1.840415e-02
5.758879e-03
2.923946e-03
1.342265e-02
-1.214119e-02
6.952289e-03
-3.152767e-03
2.931307e-03
2.754384e-04
5.486229e-03
-8.966421e-03
-1.879893e-02
-1.171041e-02
6.658018e-03
4.364296e-03
-4.360909e-03
-2.807104e-02
-1.672930e-02
8.352709e-04
-1.521680e-02
-1.417677e-03
6.900011e-03
6.803995e-03
3.550560e-03
-2.146451e-02
-5.861377e-03
-4.756135e-03
-4.763830e-03
8.211961e-05
7.043682e-03
-6.554056e-03
7.333824e-03
-1.041326e-02
7.403894e-03
6.200645e-03
1.545299e-03
-1.173841e-02
-1.362339e-03
-5.634396e-02
-2.594936e-02
-2.198445e-02
-7.609107e-03
-9.651030e-03
-1.104100e-02
-1.013621e-02
-2.009925e-02
6.380955e-02
7.402044e-02
