1.988258e-02
1.399520e-02
1.434988e-02
1.918302e-02
-4.317857e-03
1.740321e-02
1.736863e-02
1.452844e-02
7.508943e-03
1.310853e-02
9.183217e-03
1.976018e-03
1.477622e-02
5.406659e-03
-1.879682e-04
2.169183e-03
-2.347282e-02
3.829152e-03
-4.773164e-03
-2.546019e-02
-5.240812e-03
-2.232509e-03
-8.082191e-03
-3.795967e-02
-4.450033e-03
-4.543782e-03
3.294524e-03
-1.277913e-02
-1.502051e-03
8.702824e-03
-1.473230e-02
1.760201e-03
-2.469872e-02
1.278038e-03
2.569523e-03
6.748824e-03
-7.295821e-03
6.486009e-03
-7.205414e-03
1.411069e-02
-2.372461e-02
-3.407825e-03
-1.383541e-02
-1.454368e-02
-4.001189e-03
-2.096541e-02
-2.799576e-02
-5.722166e-02
-1.285335e-02
-2.537200e-02
3.631180e-02
5.361389e-02
