1.957132e-02
1.694150e-02
9.250233e-03
1.944324e-02
1.194843e-02
-3.093717e-02
2.127728e-02
9.914065e-03
2.795007e-02
-2.713924e-02
-1.367100e-02
-1.151283e-02
-2.026265e-03
6.285426e-02
7.767947e-03
-8.090911e-03
6.941181e-03
-1.174601e-02
3.632150e-03
9.023911e-03
1.464997e-03
3.192056e-03
9.226386e-04
-1.426114e-02
-1.591991e-02
1.385619e-03
1.658481e-02
-2.237853e-02
2.966584e-03
1.713235e-03
-8.868793e-03
1.101682e-03
3.183992e-03
-6.623836e-03
9.625722e-03
-1.210262e-03
6.162439e-03
-2.293699e-03
-3.068694e-03
8.581971e-03
-1.230234e-02
-1.848955e-02
-2.052772e-02
-2.552428e-02
-7.903283e-02
-7.307971e-03
-1.910125e-02
-1.448864e-02
-3.311756e-03
-1.800041e-02
2.178565e-02
1.018759e-02
