2.205340e-02
-3.163518e-04
1.579178e-02
1.060171e-02
6.092311e-03
2.268862e-02
1.344642e-02
1.912966e-02
2.177607e-02
2.060593e-02
-1.075598e-02
9.092294e-03
-7.546142e-04
-6.415089e-03
9.018334e-03
-4.268223e-03
-2.221580e-02
2.573706e-04
-6.456238e-03
-3.829481e-04
4.269741e-03
-1.026172e-02
-9.001825e-03
1.028765e-02
-1.791355e-03
4.011176e-03
-3.482009e-03
-6.891464e-04
3.108842e-03
-1.893892e-03
-2.233335e-02
1.038755e-03
-1.203065e-02
-2.135885e-02
-1.659228e-02
-7.073449e-03
-1.076589e-02
6.237695e-04
8.007863e-03
-8.522281e-03
-1.372078e-02
-2.174648e-02
-5.693197e-02
-3.626891e-02
-1.657358e-02
-3.313321e-02
-1.471334e-02
-4.092199e-02
-6.451376e-03
-1.053561e-02
7.345853e-02
1.174104e-01
