1.884946e-02
8.329581e-03
3.171109e-02
2.565273e-02
7.702460e-03
8.384552e-03
1.477689e-02
2.098846e-02
2.229711e-02
1.602246e-02
-5.913046e-03
-5.873653e-03
-5.335362e-03
-1.376318e-02
1.022003e-02
3.278964e-03
-4.223988e-04
-4.787051e-02
-5.144339e-03
-1.896988e-03
-2.681488e-03
-1.044378e-02
-1.467549e-03
3.749347e-03
-2.814586e-02
-1.327869e-02
-1.351730e-02
-2.162879e-03
-2.292729e-03
4.546541e-04
1.019579e-02
-4.168759e-02
9.575775e-04
-2.307377e-03
3.743857e-03
-3.303571e-03
2.461346e-03
3.370624e-03
-1.408791e-02
-2.467761e-03
-7.106365e-02
-3.674407e-03
-1.180060e-02
-1.587754e-02
-4.969586e-02
1.571002e-03
-2.358911e-02
-1.597724e-02
-1.611048e-02
-6.027268e-03
1.064792e-02
4.938665e-02
