2.378732e-02
3.240213e-02
1.823610e-02
2.478106e-02
1.588885e-02
1.008935e-02
4.200466e-03
1.825877e-02
2.320650e-02
2.107482e-02
-1.884376e-03
-1.947963e-03
6.127468e-04
-2.884007e-03
2.526981e-04
-6.904524e-03
9.644624e-04
-1.338507e-02
1.873319e-03
5.698637e-03
-1.183717e-02
-1.140456e-02
-5.513162e-03
-1.749477e-02
-3.523968e-03
1.014952e-02
-4.394423e-03
-6.989064e-03
9.973104e-04
-5.542828e-03
-9.727145e-03
1.532874e-03
-8.497231e-03
3.460375e-03
5.835802e-03
1.214343e-03
1.036865e-02
3.221570e-03
-2.433271e-03
-5.340237e-04
-1.098743e-02
-2.030246e-02
-1.490494e-02
-2.844081e-02
-2.839989e-02
-8.794679e-03
-2.146390e-02
-1.165460e-02
-1.859603e-02
-2.260058e-02
5.190146e-02
7.286117e-02
