1.450991e-02
1.861667e-02
1.440308e-02
1.170296e-02
2.024653e-02
2.095834e-02
6.551982e-03
8.736268e-03
-4.795459e-03
1.645855e-02
5.568949e-03
-3.005791e-04
-1.384853e-02
1.670038e-02
9.093704e-03
-1.923782e-03
-1.387030e-02
-2.154209e-03
-2.724035e-02
7.858153e-04
-6.385913e-03
1.254277e-03
-5.694109e-03
-3.309397e-04
5.979322e-03
-3.826059e-03
4.090911e-03
-1.514968e-02
-1.420385e-02
1.804364e-05
-6.797661e-03
-8.687970e-04
7.375239e-03
5.505448e-03
3.375617e-03
-3.383255e-02
-9.243758e-03
1.129224e-02
-8.538868e-03
9.036242e-03
-4.998757e-02
-4.215507e-02
-1.582837e-03
-9.134348e-03
-5.809831e-03
-2.226966e-02
-3.246868e-02
-1.323613e-02
-1.458725e-03
-3.871680e-03
8.494658e-02
7.657043e-02
