2.054997e-02
1.470389e-02
-4.120835e-02
3.212293e-02
1.339081e-02
1.592163e-02
1.577452e-02
1.754181e-02
2.762629e-02
2.554224e-02
-3.829511e-04
1.991003e-02
2.939105e-02
-8.057609e-03
-4.620656e-02
1.470309e-02
3.361165e-03
-7.943209e-03
-1.767558e-02
-7.683839e-04
-1.140039e-02
1.497797e-02
-2.462475e-03
-6.598025e-03
2.094212e-03
-1.442891e-02
1.400181e-02
1.926443e-03
-2.805160e-03
2.007799e-03
6.663194e-03
-3.126040e-03
4.576827e-03
-7.698519e-03
8.375619e-03
-1.346209e-02
6.527007e-04
3.575762e-03
-3.590976e-03
6.582622e-03
-1.731603e-02
-9.321126e-03
-1.777490e-02
-3.659112e-02
-5.370219e-02
-2.823901e-02
-2.505615e-02
-5.057533e-02
-1.792499e-02
-1.417244e-02
1.187488e-01
1.028842e-01
