1.667852e-02
1.941920e-02
1.798997e-02
1.199819e-02
1.774600e-02
1.130065e-02
1.058160e-02
6.976765e-03
7.104451e-04
1.849285e-02
7.446126e-03
-1.097007e-02
-1.934994e-02
-2.526765e-03
6.487247e-03
6.970141e-04
-1.723429e-02
1.865291e-03
-7.417222e-02
7.867603e-03
5.128578e-04
1.668265e-03
-5.560944e-03
1.042186e-03
8.746784e-03
-6.615375e-03
-1.861881e-03
-3.796277e-02
-6.017457e-03
-5.852883e-03
3.703373e-04
2.287609e-03
7.805344e-03
9.212518e-03
-3.263810e-03
-6.630691e-03
-7.138660e-03
1.402177e-02
-1.366842e-02
4.408155e-03
-6.963837e-02
-2.051489e-02
-1.936814e-02
-7.837964e-03
-2.829494e-02
-2.982977e-02
-5.051367e-02
-1.861255e-02
-1.412528e-02
-1.255408e-02
5.106298e-02
5.805217e-02
