1.588999e-02
1.883999e-02
1.726474e-02
1.966890e-02
4.152567e-04
1.452139e-02
2.031910e-02
1.439386e-02
1.341548e-02
1.371425e-02
5.733594e-03
4.126556e-03
1.560431e-02
2.889888e-03
-3.150240e-03
1.135117e-03
-3.889744e-03
7.083801e-03
7.253235e-04
-2.051804e-02
-2.090886e-03
-5.668921e-03
-9.614688e-03
-5.719902e-03
-1.171239e-03
-8.487796e-03
-9.086748e-04
2.793199e-03
-2.577925e-03
-2.648574e-03
-1.441657e-02
2.051105e-03
-2.090983e-02
9.369300e-03
-6.734438e-03
5.969373e-03
-4.894303e-03
9.617202e-03
-8.753289e-03
1.451496e-02
-2.423994e-02
-4.688865e-03
-1.122784e-02
-2.416217e-02
-1.656140e-02
-2.156198e-02
-3.526663e-02
-2.100501e-02
-1.973510e-02
-2.650930e-02
7.304277e-02
8.411193e-02
