1.051791e-02
1.208687e-02
1.143912e-02
2.892221e-02
1.787472e-02
9.132550e-03
1.533898e-02
6.849745e-03
1.876322e-02
1.364574e-02
1.929686e-03
-2.700195e-02
4.032645e-02
-4.527007e-03
-3.850849e-03
4.474499e-03
-1.081452e-02
2.770456e-03
-1.205775e-02
4.008867e-03
-1.472521e-03
1.063872e-03
8.047283e-03
6.016967e-04
-7.911345e-04
-1.237154e-02
-1.507077e-02
-4.649210e-03
6.826995e-03
9.058489e-04
-6.915629e-03
6.207553e-03
-2.875015e-03
-2.368314e-02
1.089556e-03
9.266760e-03
-4.916395e-03
4.592802e-03
-5.445625e-03
-3.908639e-02
-2.592418e-02
-1.307046e-02
-3.022761e-02
-5.254665e-02
-3.221991e-02
-1.080214e-02
-2.331103e-02
-3.347259e-02
-1.809032e-02
-1.767428e-02
4.807906e-02
2.513702e-02
