1.312548e-02
1.444843e-02
2.236433e-02
7.122558e-03
2.817936e-02
-2.260097e-03
1.081635e-02
1.731646e-02
1.243933e-02
3.163577e-02
-3.211155e-05
3.788898e-03
3.391016e-03
-3.571182e-03
-1.558609e-03
9.413954e-04
4.102794e-03
-2.386842e-03
1.613265e-03
-2.114361e-02
-1.373752e-02
1.211672e-03
-5.219699e-03
2.734916e-03
4.859629e-03
6.860754e-03
-4.933836e-03
-1.751453e-02
2.314250e-03
-1.488281e-02
-5.451600e-03
1.251900e-03
-1.902829e-03
2.815151e-03
-1.924651e-02
-4.910464e-03
-1.781883e-02
-1.427105e-02
-6.796417e-03
-3.765932e-03
-2.265205e-02
-1.361148e-02
-2.467505e-02
-1.000859e-02
-3.774069e-02
-1.683306e-02
-1.713345e-02
-2.393463e-02
-4.684949e-02
-3.741855e-03
7.572653e-02
8.323954e-02
