1.441841e-02
1.868081e-02
1.462247e-02
1.702526e-02
2.052826e-02
1.448919e-02
1.017748e-02
1.161229e-02
1.945590e-03
1.192724e-02
5.767623e-03
-1.844179e-03
-1.155188e-02
9.149034e-03
8.661774e-03
-1.073453e-03
-1.378198e-02
-1.758047e-03
-2.240842e-02
3.515976e-03
-2.328030e-03
6.116967e-03
8.760765e-04
-3.988897e-05
1.587625e-03
-6.422220e-03
-1.816631e-03
-1.291909e-02
-7.699333e-03
1.221199e-03
-2.727501e-03
-5.466877e-04
5.609210e-03
7.727484e-03
4.678089e-03
-9.978252e-03
-4.977733e-03
9.086002e-03
-9.847925e-03
3.196902e-03
-3.934849e-02
-2.935735e-02
-1.014959e-02
-1.035873e-02
-1.799987e-02
-2.681530e-02
-1.453378e-02
-2.005204e-02
-9.778748e-03
-7.492477e-03
8.803554e-02
7.031196e-02
