9.670783e-03
4.928245e-02
1.483745e-02
1.337723e-02
1.597898e-02
9.017988e-03
1.062526e-03
1.394683e-02
-8.757874e-03
1.127623e-03
2.157168e-03
6.582789e-03
-2.175685e-03
1.514367e-02
-1.123185e-02
-3.624820e-03
-1.728962e-02
8.769466e-03
5.563645e-03
-1.252497e-02
-1.177544e-02
-1.717770e-02
-7.891761e-03
-8.277598e-03
-3.599017e-03
6.098784e-03
1.813659e-02
1.275969e-03
-1.571870e-02
-3.794372e-03
-7.748382e-03
-8.366352e-03
-1.725458e-04
-1.966475e-03
1.005995e-02
7.468810e-03
-1.852274e-02
7.174500e-03
1.350810e-02
3.466523e-04
-4.936192e-03
-1.629143e-03
-2.000000e-01
-1.810747e-02
-1.882000e-02
6.767515e-03
-2.148115e-02
-9.118933e-03
-1.414762e-02
-2.260555e-02
6.353058e-02
8.986042e-02
