1.007819e-02
1.222947e-02
1.331236e-02
3.139538e-02
2.099125e-02
1.394888e-02
1.488118e-02
7.391244e-03
1.445154e-02
1.254846e-02
4.381232e-03
-1.416211e-02
5.611795e-02
-2.714638e-03
-3.749374e-03
-9.001182e-04
-8.701966e-03
3.965200e-03
-1.017542e-02
7.558886e-03
-3.717435e-04
-1.564750e-03
7.755226e-03
-3.690371e-03
-2.327803e-03
-1.250377e-02
-1.307398e-02
-7.936022e-03
3.144616e-03
-1.438948e-03
-4.851529e-03
5.631378e-03
-2.993247e-03
-1.547177e-02
9.733657e-04
1.274743e-02
-2.534001e-03
7.371684e-03
-2.077854e-03
-1.370025e-02
-2.940393e-02
-1.119469e-02
-2.883294e-02
-1.298508e-02
-2.428327e-02
-1.610324e-02
-6.369776e-03
-2.856036e-02
-7.892642e-03
-3.166733e-02
6.611252e-02
3.380173e-02
