1.423172e-02
1.634521e-02
2.412169e-02
1.388507e-02
2.542270e-02
3.961178e-04
1.260099e-02
2.095044e-02
1.064019e-02
3.136572e-02
5.399064e-04
7.920042e-03
3.908785e-03
-3.077797e-03
-1.267705e-03
2.429935e-03
5.483176e-03
-1.648364e-03
-7.441476e-04
-1.651539e-02
-1.351669e-02
2.052258e-04
-2.621764e-03
3.295697e-03
4.080152e-03
6.196346e-03
-6.666962e-03
-1.925219e-02
2.714396e-03
-1.515512e-02
-4.096656e-04
-1.804296e-03
-2.406443e-03
-4.175980e-03
-1.209744e-03
-4.555865e-03
-1.601803e-02
-1.356691e-02
-9.258227e-03
-6.705591e-03
-2.196366e-02
-1.158215e-02
-2.456959e-02
-6.575312e-03
-3.276706e-02
-1.401462e-02
-2.258693e-02
-2.282908e-02
-5.101210e-02
-1.001961e-02
7.951961e-02
8.386895e-02
