1.137017e-02
1.226473e-02
1.365396e-02
4.071441e-02
2.170531e-02
1.413635e-02
1.463717e-02
7.763424e-03
1.847006e-02
1.271675e-02
3.345981e-03
-1.801992e-02
4.801971e-02
-2.920078e-03
-3.692097e-03
-2.012963e-05
-4.102205e-03
3.010477e-03
-9.649973e-03
5.730956e-03
-1.339182e-03
-4.565158e-03
7.090700e-03
-8.489634e-05
-6.026788e-04
-1.073428e-02
-1.281929e-02
-4.750911e-03
3.780559e-03
-1.506534e-03
-1.000325e-03
5.768489e-03
-1.795904e-03
-1.982289e-02
3.022854e-03
1.322138e-02
-3.306586e-03
7.163296e-03
-2.352813e-03
-1.103444e-02
-3.562295e-02
-1.391012e-02
-2.411394e-02
-2.331437e-02
-1.866039e-02
-1.348102e-02
-1.270655e-02
-2.658269e-02
-9.024467e-03
-2.683584e-02
7.295919e-02
3.444525e-02
