2.231730e-02
4.023015e-02
1.416641e-02
2.457467e-02
2.196059e-02
1.032831e-02
4.794556e-03
1.779586e-02
2.172430e-02
2.296515e-02
4.535832e-03
-2.590814e-03
1.922809e-04
-5.354209e-03
7.017216e-04
-1.150476e-02
6.534131e-05
-1.126871e-02
-4.753718e-03
1.048848e-02
-1.164728e-02
-1.797712e-02
-2.858489e-03
-1.346612e-02
2.717361e-03
1.537934e-02
-7.950508e-03
-3.286857e-03
3.551839e-03
-1.299814e-02
-8.124154e-03
1.237792e-05
-4.834796e-03
7.895492e-04
1.161646e-02
6.867335e-03
5.972156e-03
7.490088e-03
-5.279656e-03
-1.840307e-03
-8.653119e-03
-2.474204e-02
-1.064728e-02
-5.156159e-02
-3.231824e-02
-5.894987e-03
-2.317096e-02
-7.530081e-03
-1.530970e-02
-3.116958e-02
2.958279e-02
6.280490e-02
