1.116661e-02
2.653645e-02
1.493774e-02
1.007510e-02
1.383080e-02
1.377376e-03
1.831087e-02
1.910789e-02
5.657846e-03
2.229505e-02
-8.054050e-04
-4.812451e-03
1.605549e-02
-4.505290e-04
3.237798e-03
-7.082253e-03
-2.401894e-03
-4.367176e-03
-3.930007e-04
3.044505e-03
-4.219085e-04
-1.850369e-03
-4.321371e-03
1.054556e-02
-3.014818e-02
5.563377e-03
-9.113037e-04
5.219239e-03
1.861797e-04
8.438380e-03
-2.019565e-03
-8.445910e-03
2.571836e-03
7.636429e-03
1.475996e-03
2.446225e-03
3.320827e-04
-1.584953e-02
-1.575490e-02
-1.158381e-03
-1.259087e-02
-5.535762e-03
-1.627993e-02
-2.232393e-02
-3.668486e-02
-5.958250e-02
-2.112112e-02
-9.118787e-03
-2.769961e-03
-5.033253e-02
3.581062e-02
3.693798e-02
