2.681704e-02
-1.776228e-03
1.492714e-02
1.321650e-02
5.062624e-03
2.077728e-02
1.248747e-02
1.969522e-02
2.103057e-02
1.751898e-02
-8.837298e-03
6.441502e-03
6.879290e-04
-3.596941e-03
1.121202e-02
-3.035429e-03
-9.404845e-03
-3.365988e-03
-4.120027e-03
-8.592763e-04
5.265072e-03
-7.929121e-03
-8.004219e-03
9.032644e-03
-5.915094e-04
2.135959e-03
-3.887555e-03
1.178210e-03
3.220987e-03
-4.045234e-03
-1.852293e-02
1.177488e-03
-1.071371e-02
-1.863216e-02
-5.255158e-03
-2.184757e-03
-7.692815e-03
-7.266513e-04
6.131031e-03
-1.352584e-02
-8.225804e-03
-2.698245e-02
-5.601373e-02
-2.746055e-02
-1.527799e-02
-2.710566e-02
-1.613747e-02
-2.730424e-02
-5.859188e-03
-5.667554e-03
6.987873e-02
1.210897e-01
