9.799483e-03
2.903041e-02
1.860459e-02
1.148473e-02
1.327337e-02
6.627075e-03
1.741017e-02
2.621862e-02
4.900913e-03
3.517676e-02
1.368337e-04
-6.575658e-03
2.233431e-02
-5.809054e-04
-1.093234e-03
-5.672732e-03
1.512771e-03
-7.147636e-03
2.633482e-03
2.142187e-03
-2.707177e-03
1.188271e-03
-6.135764e-03
6.525493e-03
-3.099710e-02
2.735042e-03
-4.183653e-03
9.220648e-03
4.842734e-04
1.104312e-02
-3.076090e-03
-6.489854e-03
-4.897691e-03
7.368286e-03
-1.858269e-04
4.955101e-03
-1.093242e-03
-9.179743e-04
-1.205189e-02
2.795143e-03
-1.741305e-02
-4.673287e-03
-1.363484e-02
-1.937845e-02
-1.187884e-02
-3.593336e-02
-1.895913e-02
-1.261962e-02
-7.229375e-03
-3.705601e-02
6.496814e-02
5.645602e-02
