2.120703e-02
1.445249e-02
1.389331e-02
1.901395e-02
1.851738e-03
2.076355e-02
1.776661e-02
1.602841e-02
9.905340e-03
1.358381e-02
6.857784e-03
1.483007e-03
1.376124e-02
5.432863e-03
-3.823728e-03
2.886913e-03
-7.236838e-03
2.812010e-03
-1.163863e-02
-2.069232e-02
-1.096440e-03
-6.650521e-03
-5.178456e-03
-2.374437e-02
-2.425608e-03
-9.697862e-03
2.093306e-03
1.141514e-03
1.463156e-03
-3.342373e-03
-8.840764e-03
3.446187e-04
-1.679930e-02
4.855381e-03
-1.019280e-02
6.799974e-03
-3.087802e-03
6.579801e-03
-7.872648e-03
1.190769e-02
-2.705101e-02
-4.786665e-03
-1.030446e-02
-7.597435e-03
-1.592085e-02
-1.911340e-02
-4.084204e-02
-2.416046e-02
-2.782985e-02
-2.955701e-02
7.336506e-02
7.353775e-02
