2.346971e-02
3.041114e-02
1.811272e-02
2.491753e-02
1.621875e-02
1.055963e-02
4.439006e-03
1.962052e-02
2.411492e-02
2.157216e-02
-1.635577e-03
-5.204322e-03
8.860875e-04
-2.411253e-03
2.052454e-03
-7.739565e-03
2.380599e-03
-1.472423e-02
1.780968e-03
5.497116e-03
-1.291584e-02
-1.168634e-02
-3.793375e-03
-1.471746e-02
-2.443103e-03
1.100447e-02
-3.105758e-03
-7.041047e-03
1.491881e-03
-8.149923e-04
-8.508231e-03
2.482219e-03
-8.804348e-03
1.061621e-03
5.330803e-03
2.322750e-03
9.299280e-03
3.065282e-03
-2.632239e-03
-6.096823e-04
-1.057268e-02
-2.165630e-02
-1.294222e-02
-2.739163e-02
-2.886388e-02
-1.047729e-02
-1.965250e-02
-1.242172e-02
-1.743709e-02
-1.734247e-02
5.980041e-02
7.577680e-02
