2.223990e-02
-1.227861e-03
1.381292e-02
8.921769e-03
4.688925e-03
1.935703e-02
1.224870e-02
1.692159e-02
1.749576e-02
1.577069e-02
-4.867490e-03
5.383192e-03
-1.109317e-03
-4.733774e-03
1.026517e-02
-1.470642e-03
-4.453460e-03
-5.301068e-03
-6.178257e-03
-2.285723e-03
6.449609e-03
-8.672144e-03
-1.001285e-02
6.064600e-03
-1.576161e-03
2.464161e-03
-4.491439e-03
-4.494417e-04
2.557851e-03
-3.536653e-03
-1.692339e-02
-5.755270e-04
-6.150941e-03
-1.269689e-02
-9.822569e-03
5.951676e-04
-8.376813e-03
-1.823463e-03
4.693770e-03
-1.127811e-02
-8.158330e-03
-2.749399e-02
-6.355232e-02
-2.196956e-02
-1.691730e-02
-2.110165e-02
-1.505418e-02
-2.469787e-02
-7.973419e-03
-5.553675e-03
4.853629e-02
5.976470e-02
