1.073478e-02
1.326319e-02
1.449996e-02
3.613718e-02
2.146343e-02
1.351650e-02
1.463117e-02
6.974551e-03
1.934427e-02
1.249370e-02
2.233359e-03
-1.876260e-02
5.247210e-02
-2.381954e-03
-4.107353e-03
2.807634e-04
-2.974500e-03
4.935343e-03
-1.166557e-02
3.356141e-03
-2.928130e-03
-4.468321e-03
7.684029e-03
-2.780683e-03
-2.152461e-03
-1.264584e-02
-1.311192e-02
-1.995231e-03
5.898414e-03
-1.238900e-03
-3.299917e-03
7.440135e-03
-1.071495e-03
-2.186983e-02
1.601820e-03
1.320471e-02
-4.632622e-03
6.277846e-03
-2.004220e-03
-2.007954e-02
-3.554884e-02
-1.362355e-02
-3.210499e-02
-2.918293e-02
-2.559657e-02
-1.325980e-02
-1.645926e-02
-2.365502e-02
-1.007345e-02
-2.501058e-02
7.954474e-02
3.772971e-02
