1.547413e-02
1.693605e-02
1.460884e-02
1.561890e-02
2.121624e-02
1.435108e-02
9.998353e-03
1.138593e-02
2.416794e-03
1.222711e-02
5.810625e-03
-2.130117e-03
-1.036175e-02
9.534755e-03
7.795966e-03
-6.379531e-04
-1.419238e-02
-7.313894e-04
-2.343530e-02
2.122873e-03
-5.423603e-03
6.491080e-03
5.933164e-04
-4.675302e-04
1.227942e-03
-7.815878e-03
-4.057660e-04
-1.389847e-02
-1.169425e-02
6.695955e-04
-9.762695e-04
7.864868e-04
5.681689e-03
6.436113e-03
4.997950e-03
-1.783101e-02
-7.964580e-03
1.018230e-02
-9.951040e-03
3.754819e-03
-4.594264e-02
-3.174837e-02
-1.140010e-02
-1.010635e-02
-1.715056e-02
-2.898832e-02
-1.671782e-02
-1.947421e-02
-5.948969e-03
-6.759503e-03
8.676119e-02
6.948794e-02
