2.037413e-02
1.053349e-02
2.064795e-02
5.501087e-02
5.937098e-03
2.530810e-02
5.317833e-03
2.105716e-02
1.266304e-02
3.786866e-03
-1.217322e-03
1.071510e-02
3.697201e-03
-1.411036e-02
-8.744540e-04
-1.201436e-02
2.534510e-03
-7.216465e-02
-1.560480e-02
-2.774966e-03
8.320727e-03
-3.832393e-02
9.491065e-03
-8.424182e-03
-7.159892e-03
-1.902906e-02
-1.037765e-02
-2.948190e-03
-2.207316e-03
-7.159649e-03
4.639558e-03
3.698124e-03
-1.358815e-02
3.093494e-03
-2.942431e-02
-1.413424e-02
4.484275e-04
-5.980802e-03
3.494916e-03
-3.996833e-03
-2.675326e-02
-1.262047e-02
-1.116538e-02
-1.513361e-02
-1.798487e-03
-6.787026e-02
-6.029037e-03
1.331846e-02
-6.647552e-02
-2.255125e-02
-9.263338e-03
3.577561e-02
