1.779182e-02
1.048042e-02
2.489364e-02
3.362039e-02
1.145114e-02
1.957721e-02
8.553648e-03
2.254749e-02
1.020566e-02
7.372447e-03
-6.432614e-03
2.661135e-02
2.334705e-03
-2.165253e-03
2.742414e-03
-1.387015e-02
4.816209e-03
-2.792381e-02
-1.674764e-02
-2.065507e-03
7.895388e-03
-3.305929e-02
6.054558e-03
-4.517897e-03
2.201162e-03
-2.494204e-03
-7.160255e-03
-3.808507e-03
4.789779e-03
1.475010e-03
1.139830e-02
1.142447e-02
-3.679970e-03
6.856354e-03
-1.487594e-02
-1.736550e-02
-5.716968e-03
-1.494490e-03
8.022600e-03
-3.158595e-03
-2.235907e-02
-1.278799e-02
-5.308589e-03
-1.105858e-02
-1.331672e-02
-2.018168e-02
-2.788334e-02
4.895780e-04
-2.536527e-02
-1.555318e-02
4.532953e-02
6.136427e-02
