1.708060e-02
1.607477e-02
2.532705e-02
3.091098e-02
8.944146e-03
2.201296e-02
7.363864e-03
2.199400e-02
1.247112e-02
1.065996e-02
-9.992397e-03
2.610160e-02
5.262682e-03
-9.604400e-04
-2.122089e-03
-7.512090e-03
3.902567e-04
-3.012897e-02
-1.505159e-02
-6.284130e-03
7.176950e-03
-2.513958e-02
5.198414e-03
-3.558493e-03
-1.398608e-04
-2.885320e-03
-4.088039e-03
-5.294744e-03
7.610699e-03
1.151103e-03
1.412600e-02
1.279352e-02
-2.467039e-03
7.829169e-03
-1.354877e-02
-1.677737e-02
-3.540201e-03
-1.035920e-03
6.506336e-03
-1.627886e-03
-1.799199e-02
-1.202921e-02
-5.276503e-03
-1.288409e-02
-1.042077e-02
-2.564738e-02
-2.879213e-02
-1.901763e-04
-2.038867e-02
-1.480349e-02
5.597786e-02
5.484812e-02
