1.631395e-02
1.358462e-02
2.589618e-02
3.658711e-02
8.035283e-03
2.189744e-02
8.451128e-03
2.097886e-02
1.086641e-02
6.619565e-03
-7.343614e-03
1.788979e-02
2.818428e-03
4.549026e-04
1.889624e-03
-9.096737e-03
4.013704e-03
-2.941610e-02
-1.447484e-02
-3.646652e-03
7.330636e-03
-2.142787e-02
6.811525e-03
-6.660932e-03
2.207164e-03
1.010677e-03
-3.366407e-03
-6.063061e-03
5.414421e-03
3.031076e-03
1.741308e-02
1.085478e-02
-1.763870e-03
7.647233e-03
-1.742739e-02
-1.714919e-02
-4.529669e-03
-2.772308e-03
7.178504e-03
-5.105341e-03
-2.222731e-02
-1.478428e-02
-2.551927e-03
-1.265532e-02
-6.404997e-03
-3.093863e-02
-2.318628e-02
-2.202461e-04
-2.898272e-02
-1.592993e-02
2.977023e-02
5.107562e-02
