1.014124e-02
2.546658e-02
3.626323e-02
2.176147e-02
7.459176e-03
2.292318e-02
3.317077e-03
8.525046e-03
9.315748e-03
1.926230e-02
-4.760470e-02
-2.637220e-03
-1.007701e-02
8.301788e-03
1.609103e-03
-1.149458e-02
1.225761e-03
9.503515e-04
1.074063e-02
-9.758315e-03
-1.158600e-02
7.477075e-03
4.033726e-03
-2.340517e-04
-9.456612e-03
-5.627003e-03
-1.562893e-02
1.076747e-02
1.887952e-03
4.985848e-03
2.059551e-03
-1.592844e-02
-7.540808e-03
8.296465e-03
-1.104312e-02
8.641791e-03
3.280041e-03
-1.165370e-02
5.241344e-03
8.499227e-03
-3.420147e-02
-2.376788e-02
-5.986611e-03
-2.924624e-02
-2.657851e-02
-2.769335e-02
1.455544e-03
-7.311324e-03
-1.173978e-02
-1.035679e-02
5.620958e-02
9.168933e-02
