1.442551e-02
9.192172e-03
4.344635e-03
6.697882e-03
1.960800e-02
2.632799e-02
1.773179e-02
2.024571e-02
1.661017e-02
1.509080e-02
-1.376320e-02
2.622042e-03
2.318936e-03
-3.476465e-04
5.172837e-03
7.349860e-03
-1.089736e-02
-8.727941e-04
3.060518e-03
-2.074432e-02
-6.399246e-03
-2.484556e-03
-6.315990e-03
3.826572e-03
2.525401e-03
-1.547012e-02
-6.552146e-03
-3.853603e-03
6.331010e-03
3.271369e-03
-3.993052e-02
2.073201e-03
4.165602e-03
-6.567155e-03
-7.680930e-03
6.991431e-03
3.930137e-03
-5.427474e-03
5.009846e-03
-1.517546e-02
-1.603525e-02
-7.859598e-03
-2.354735e-02
-3.261066e-02
-1.198649e-02
-1.800232e-02
-8.813208e-03
-1.574732e-02
-9.514005e-03
-1.227828e-03
1.085035e-01
8.455063e-02
