1.301529e-02
2.060308e-02
2.531307e-02
1.993811e-02
-2.696067e-02
2.528430e-02
1.592205e-02
1.639871e-02
1.222181e-02
1.522756e-02
1.987209e-03
1.111351e-02
-2.432074e-03
3.011609e-04
-2.458628e-02
-3.930358e-03
-4.371748e-03
-3.189041e-03
-1.372616e-02
8.242780e-04
6.522567e-04
-1.640266e-02
4.868947e-03
8.249686e-03
1.059231e-03
1.442506e-04
3.915427e-03
9.389286e-03
2.750265e-03
1.128609e-03
-7.253562e-03
-6.129375e-03
1.230498e-02
-6.396653e-03
-1.991239e-02
4.287920e-03
-1.508881e-02
-1.639678e-02
1.124262e-02
-1.072220e-02
-1.222527e-02
-8.852124e-03
-1.929449e-02
-1.178321e-02
-1.700375e-02
-1.976897e-02
-2.690563e-02
-1.695655e-02
-1.754877e-03
-1.138501e-02
7.843490e-02
6.736451e-02
