1.375741e-02
1.284184e-02
2.615117e-02
1.141151e-02
8.101245e-03
2.381524e-02
1.975436e-02
1.241950e-02
2.168511e-02
1.243812e-02
-9.708996e-03
2.064537e-02
-3.943963e-03
-1.075012e-02
1.090066e-02
8.432563e-03
-2.164778e-02
9.753481e-03
9.417107e-03
-1.544539e-03
1.043164e-02
8.589471e-03
4.516461e-03
3.474375e-03
-2.106269e-02
-1.066700e-02
-2.138655e-03
4.069189e-03
7.004697e-04
7.300036e-03
-1.990802e-02
1.466949e-02
7.961480e-03
5.686283e-03
-6.632573e-03
-8.729716e-03
5.188433e-03
1.491111e-03
5.410207e-03
-5.933675e-03
-3.449211e-02
-5.681460e-02
-3.758642e-02
-2.289604e-02
-1.040656e-02
-2.394418e-02
-2.755783e-03
-1.195721e-02
-1.198226e-02
-9.046371e-03
1.046657e-01
6.201630e-02
