1.276292e-03
1.781636e-02
6.884001e-03
2.621319e-02
6.791829e-03
1.398346e-02
9.919632e-03
8.939525e-03
3.748106e-03
1.505864e-02
-4.656107e-03
1.589234e-02
4.759547e-05
1.054922e-02
1.096642e-03
-2.158720e-03
-2.606515e-03
2.400970e-02
5.795784e-03
-1.023836e-02
-9.047331e-03
-1.845843e-02
2.413285e-03
9.737017e-03
-1.247723e-02
-1.001886e-02
-4.104554e-03
1.461069e-02
1.488253e-04
5.627683e-03
-8.799230e-03
-1.707472e-02
7.039990e-03
-1.469917e-02
3.912347e-03
-4.321170e-03
-1.711669e-02
7.353653e-03
2.453805e-03
-5.622960e-02
-1.746408e-02
-2.623139e-02
-9.297508e-03
-2.360495e-02
-9.523441e-03
-1.830108e-02
-3.011093e-02
-2.201371e-02
-3.753354e-04
-2.179510e-02
4.918830e-02
4.820925e-02
