1.537572e-02
1.048900e-02
4.642143e-03
8.738915e-03
1.830998e-02
2.602864e-02
1.883966e-02
2.111730e-02
1.547123e-02
1.582801e-02
-1.373877e-02
3.305484e-03
2.538116e-03
-8.988563e-05
5.413512e-03
7.337491e-03
-1.259883e-02
-9.751578e-04
3.803370e-03
-1.830720e-02
-4.369521e-03
-4.274132e-03
-7.167259e-03
4.668744e-03
2.126643e-03
-1.488478e-02
-7.192869e-03
-4.410964e-03
5.700425e-03
2.751951e-03
-4.748447e-02
3.210925e-03
3.945476e-03
-7.077880e-03
-6.567744e-03
7.644194e-03
3.678603e-03
-5.188986e-03
5.601283e-03
-1.402718e-02
-1.710461e-02
-9.323885e-03
-2.290381e-02
-2.989418e-02
-1.136009e-02
-1.957205e-02
-8.678752e-03
-1.645660e-02
-1.110077e-02
-7.665955e-04
1.033874e-01
8.504691e-02
