7.408432e-03
7.140342e-03
2.871634e-02
2.462534e-02
4.942678e-03
3.213410e-02
1.436392e-02
8.559292e-03
1.191156e-02
1.500912e-02
-3.543622e-02
-1.877815e-03
-3.363911e-03
-3.248291e-03
-8.420733e-03
-3.901357e-02
-8.837859e-04
-1.641106e-02
6.899750e-03
-5.071871e-02
-2.385526e-02
-2.839453e-02
4.426532e-03
-1.169872e-02
-7.440402e-03
-1.234541e-02
-1.223582e-02
1.542228e-02
3.736299e-03
-4.238915e-03
1.327073e-03
-7.585772e-03
-2.165634e-02
1.326743e-02
-3.641012e-02
1.390953e-02
1.307661e-02
-1.645715e-02
-2.437531e-02
9.218338e-03
-5.799023e-03
-1.963756e-02
-1.070762e-02
-3.032068e-02
-1.223582e-02
-2.000000e-01
4.922541e-03
-2.987864e-03
-1.821270e-02
-2.485626e-02
3.928058e-02
4.752815e-02
