1.680220e-02
1.571481e-02
2.565988e-02
3.663637e-02
8.935570e-03
2.075063e-02
8.960654e-03
2.192999e-02
1.148988e-02
7.683927e-03
-7.846409e-03
1.878765e-02
4.562702e-03
-1.557458e-04
-2.099162e-03
-8.978573e-03
1.828700e-04
-2.648619e-02
-1.509376e-02
-2.392210e-03
6.679018e-03
-2.679313e-02
4.431873e-03
-2.147490e-03
1.093259e-03
-9.075307e-04
-4.583387e-03
-5.814730e-03
5.505970e-03
1.055645e-03
1.204294e-02
9.421322e-03
-2.043367e-03
6.823666e-03
-1.523336e-02
-1.472650e-02
-4.316384e-03
-1.974658e-03
3.431981e-03
-4.819499e-04
-1.966556e-02
-1.016568e-02
-6.062691e-03
-1.227025e-02
-1.049498e-02
-2.519626e-02
-2.510730e-02
8.392793e-05
-3.127465e-02
-1.611433e-02
6.280896e-02
6.183746e-02
