1.522192e-02
1.426398e-02
8.040896e-03
3.259093e-02
3.847457e-03
1.863373e-02
1.252879e-02
1.429489e-02
1.983894e-02
2.497946e-02
-3.941811e-03
3.260406e-04
1.166690e-04
9.552840e-03
-2.233636e-04
-1.754724e-02
1.173297e-02
-5.626667e-03
-2.937099e-02
-1.332932e-02
-1.062123e-02
-1.028620e-02
-3.201576e-03
-1.669157e-02
-5.941587e-03
-1.363596e-02
-5.046529e-03
-8.684902e-03
1.976452e-03
-8.589658e-03
4.897728e-03
1.063995e-02
-1.366333e-02
1.020714e-04
2.675111e-03
-1.780332e-02
8.773412e-03
5.290516e-03
2.094787e-03
6.607266e-03
-1.481698e-02
-2.664051e-02
-1.876536e-02
-6.005003e-04
-5.690104e-02
1.814258e-04
-4.572353e-02
-3.030452e-02
-1.762585e-02
-2.787952e-02
5.729796e-02
6.816948e-02
