1.466213e-02
2.274674e-02
2.428523e-02
1.954349e-02
-4.813045e-02
2.702908e-02
1.949411e-02
1.691097e-02
1.415583e-02
1.800707e-02
-7.728862e-05
1.148292e-02
-1.912022e-03
1.618320e-03
-1.869023e-02
-1.895671e-03
-2.601580e-03
-4.065443e-03
-1.083356e-02
1.354902e-03
3.456579e-04
-1.918293e-02
2.410007e-03
8.742729e-03
1.306270e-03
-2.168354e-03
3.039730e-03
9.722181e-03
2.391081e-03
1.430865e-03
-6.522809e-03
-6.292350e-03
1.173920e-02
-4.619616e-03
-3.426235e-02
3.918001e-03
-1.325056e-02
-2.007988e-02
9.403237e-03
-1.111349e-02
-1.243216e-02
-7.680264e-03
-2.137025e-02
-1.459022e-02
-1.362657e-02
-1.689191e-02
-2.618350e-02
-1.313382e-02
3.854964e-05
-1.668491e-02
7.184366e-02
6.712904e-02
