1.396527e-02
3.553499e-03
2.187258e-02
2.431201e-02
1.363137e-02
1.489096e-02
8.144114e-03
1.561450e-02
1.185777e-02
3.744309e-03
-4.442639e-03
1.445641e-02
2.953684e-03
-1.299762e-03
4.792846e-03
-3.156716e-02
4.535146e-03
-2.491491e-02
-1.273948e-02
-3.739423e-03
8.675441e-03
-5.221487e-02
4.244409e-03
-6.006256e-03
-3.687664e-03
-7.697237e-03
-1.286518e-02
-7.948667e-03
2.824567e-04
7.567376e-03
5.300836e-03
1.382536e-02
-2.793414e-03
5.435414e-03
-7.589169e-03
-2.576604e-02
-1.079682e-02
-8.094252e-04
5.556674e-03
-7.355398e-03
-5.007513e-02
-1.190824e-02
-3.610542e-03
-1.415275e-02
-1.101950e-02
-2.797449e-02
-3.585184e-02
1.483057e-02
-8.472825e-02
-1.871188e-02
7.081533e-03
4.062694e-02
