-2.972818e-03
1.407276e-02
1.757017e-02
1.091375e-02
1.883686e-02
7.924694e-03
1.320462e-02
1.507655e-02
1.612857e-02
3.067912e-02
5.383980e-03
-9.090950e-03
-4.996334e-04
-4.656293e-03
-1.020064e-02
2.834003e-03
7.161276e-03
4.277989e-03
2.375979e-03
1.751662e-03
3.769440e-03
-1.595953e-03
-1.076177e-03
-7.111204e-03
-6.342038e-03
-9.778564e-03
-3.854366e-03
-1.840146e-03
4.238813e-03
2.681874e-05
-9.062439e-03
1.344225e-03
1.105081e-03
-3.101657e-03
6.760206e-03
5.177202e-03
1.180820e-02
-9.084529e-03
-1.792629e-02
4.234408e-03
-3.214409e-02
-2.117504e-02
-1.433645e-02
-3.188424e-02
-2.173393e-02
-3.656899e-02
-1.529189e-02
-1.574840e-02
-8.664475e-02
-2.680299e-02
3.377350e-02
8.591582e-02
