1.697998e-02
1.707013e-02
8.705104e-03
3.099056e-02
1.100565e-02
1.744518e-02
1.134652e-02
1.517720e-02
2.057618e-02
1.905333e-02
-1.434549e-03
3.832929e-03
-2.948489e-03
1.260316e-02
-4.819247e-03
-1.323133e-02
8.443812e-03
-1.408386e-02
-1.742898e-02
-6.737611e-03
5.976804e-03
-1.060676e-02
-1.945591e-03
-7.225351e-03
-2.747243e-03
-1.112721e-02
-5.061729e-03
-2.481113e-03
2.199337e-03
-1.443280e-02
5.074167e-03
1.508707e-02
1.472558e-04
-1.827484e-03
5.377860e-03
-1.408044e-02
9.523433e-03
4.217010e-03
7.252494e-03
3.236602e-04
-1.335525e-02
-8.916746e-03
-2.439628e-02
-1.563200e-02
-3.571312e-02
2.650289e-03
-3.570765e-02
-2.070758e-02
-1.740718e-02
-3.671805e-02
7.524075e-02
7.137970e-02
