1.712707e-02
1.558565e-02
-9.525874e-04
1.880378e-02
-1.212655e-02
6.776393e-03
1.862019e-02
1.480560e-02
1.731792e-02
1.008857e-02
-2.063205e-02
-6.192669e-03
-1.672887e-03
7.921731e-03
1.636014e-04
-8.015031e-03
-1.084864e-02
2.304521e-03
-1.568453e-02
4.720450e-04
-7.561004e-03
-7.046001e-03
-1.398772e-02
-1.259755e-02
-8.453866e-03
-1.386333e-02
1.604972e-03
3.508877e-04
-1.230763e-03
3.474856e-03
-2.416163e-03
-8.390645e-03
-1.147880e-03
6.806699e-03
-5.246372e-03
-9.993290e-03
1.212201e-03
-1.329398e-02
-6.522184e-03
-1.064856e-02
-1.876751e-02
-1.691524e-02
-2.796543e-02
-2.470622e-02
-1.017103e-02
-2.523721e-02
-1.025203e-02
-3.067405e-03
-4.492772e-02
-1.287892e-02
5.930173e-02
3.817415e-02
