1.621391e-02
9.852741e-03
3.027233e-02
2.580925e-02
2.699662e-03
2.057343e-02
2.554907e-02
2.156055e-02
1.797550e-02
1.850884e-02
-1.728155e-02
9.895879e-03
-5.498461e-03
-8.193882e-03
-3.598639e-03
7.641441e-03
-2.154039e-02
1.616576e-02
1.205402e-02
-1.316998e-03
1.531747e-02
7.990284e-03
5.138156e-03
3.903178e-03
-2.449244e-02
-1.456485e-02
-1.671234e-03
1.578034e-02
-6.593558e-03
4.948405e-03
-1.522971e-02
1.708738e-02
6.904324e-03
9.478368e-03
5.948528e-03
-1.344751e-02
1.911458e-03
1.684132e-03
3.383057e-03
-3.057616e-04
-7.031469e-02
-4.298133e-02
-3.073985e-02
-4.359699e-02
-1.506862e-02
-1.440304e-02
-4.146942e-03
-1.254943e-02
-1.772739e-02
-1.350531e-02
8.527243e-02
7.502489e-02
