1.516064e-02
1.976400e-02
-1.350715e-02
2.585844e-02
7.848384e-03
1.189649e-02
1.568453e-02
2.433927e-02
6.015577e-03
2.050972e-02
-6.045184e-03
1.870588e-02
-3.383313e-03
7.367910e-03
-8.356547e-03
1.057915e-03
1.255569e-02
-3.175113e-02
-3.267059e-03
-5.686163e-04
1.585420e-03
-1.347258e-02
4.973749e-03
-4.718577e-04
7.417065e-03
-6.533007e-04
-9.758500e-03
9.573331e-04
-8.276569e-02
-3.078531e-04
-1.302714e-02
5.441671e-03
-4.042053e-03
2.402649e-03
-5.698756e-03
1.193148e-03
-6.107001e-02
-2.009559e-02
-7.135771e-03
-3.683843e-03
-1.955624e-02
-1.072968e-02
-2.144328e-02
-1.306062e-02
-2.836232e-02
-2.309094e-02
-6.592026e-03
-1.290005e-02
-6.137891e-03
-2.578411e-02
1.461569e-02
3.456976e-02
