1.775230e-02
1.201236e-02
7.349848e-03
3.236317e-02
4.550477e-03
1.793110e-02
1.362020e-02
8.483039e-03
2.259390e-02
1.997800e-02
5.831238e-04
5.427455e-03
5.521564e-03
1.825547e-02
-3.159061e-03
-1.009118e-02
9.660347e-03
-1.090466e-02
-1.050073e-02
-1.191126e-02
-4.688522e-03
-1.313127e-02
-8.425202e-04
-1.331497e-02
-6.583949e-03
-1.565090e-02
-4.684143e-03
-4.307121e-03
1.810302e-03
-1.519930e-02
5.147906e-03
1.502891e-02
2.677461e-03
7.317779e-03
4.040943e-03
-2.468770e-02
5.771102e-03
3.458027e-03
5.277534e-03
2.362902e-03
-1.664056e-02
-1.399279e-02
-2.369191e-02
-1.823639e-02
-2.976774e-02
3.477638e-03
-3.636998e-02
-2.599228e-02
-1.370344e-02
-3.843764e-02
5.517021e-02
5.439333e-02
