1.003077e-02
1.287173e-02
1.053259e-02
5.816920e-03
1.776615e-02
2.683314e-02
2.785221e-02
1.199655e-02
7.860142e-03
1.216810e-02
-1.778520e-02
1.243400e-03
-4.265802e-03
-5.033835e-03
3.996521e-03
2.272722e-04
-2.230398e-02
-4.911913e-03
-1.389660e-04
-6.950298e-03
-1.027355e-02
-6.644160e-04
8.563359e-03
4.150020e-03
-2.631962e-04
-6.709910e-03
-1.772599e-02
-2.733116e-03
6.945855e-04
1.504046e-03
-4.554501e-02
1.127763e-02
5.505788e-03
-3.437375e-03
-4.761297e-03
1.041557e-02
2.837564e-03
-1.321989e-02
2.323050e-03
-1.577560e-02
-2.325700e-02
-2.323896e-02
-4.376225e-02
-1.497068e-02
-1.066183e-02
-9.856150e-02
-1.728620e-02
-8.057073e-02
-4.859694e-03
6.785807e-03
6.028846e-02
5.681699e-02
