1.470855e-02
1.794245e-02
3.232320e-02
2.678990e-02
-1.972837e-03
2.553724e-02
5.264488e-03
1.028016e-02
1.062275e-02
2.867894e-02
-4.633888e-02
2.162354e-03
-8.482202e-03
5.277363e-03
7.206591e-03
-2.857838e-02
1.469952e-02
-2.919275e-03
3.172321e-03
-1.225711e-02
-6.980799e-03
-2.465719e-03
2.913770e-03
-3.867724e-03
-7.944000e-03
-1.670042e-02
-2.315679e-02
1.752765e-02
5.116414e-03
2.364909e-03
-2.030143e-03
-6.502504e-03
-1.318649e-02
-4.549174e-03
-1.644583e-02
1.095977e-02
6.056353e-03
-5.213348e-03
-3.317138e-03
1.360097e-02
-9.949899e-03
-2.562442e-02
-6.676079e-03
-1.913795e-02
-3.253664e-02
-3.324237e-02
-1.716570e-03
-1.352985e-02
-1.701258e-02
-1.550201e-02
5.519420e-02
7.385405e-02
