9.619373e-03
8.099383e-03
2.953654e-02
2.284190e-02
-3.228114e-03
2.464073e-02
7.840620e-03
3.357922e-03
3.182777e-03
3.714075e-02
-2.553766e-02
-4.487724e-03
-5.395879e-03
2.499780e-03
-1.882815e-03
-1.197668e-02
3.500096e-03
4.124761e-03
2.183058e-03
-1.034436e-02
-1.410085e-02
-3.740700e-03
6.550433e-03
-5.561214e-03
-5.608403e-03
-2.336404e-03
-1.586185e-02
8.859543e-03
-6.665368e-05
5.673139e-04
-9.425381e-04
-1.818241e-02
-9.729537e-03
1.813541e-03
-9.039722e-03
9.782143e-03
4.864122e-03
-1.449160e-02
1.243591e-04
8.846944e-03
-2.326080e-02
-2.121917e-02
-2.463794e-02
-3.312175e-02
-3.470456e-02
-4.046021e-02
-3.831694e-03
-9.590530e-03
-1.430666e-02
-1.840913e-02
3.369304e-02
5.292501e-02
