1.800305e-02
1.532040e-02
-6.265127e-04
1.990968e-02
-6.530641e-03
6.464822e-03
2.113075e-02
1.765967e-02
1.862836e-02
1.571826e-02
-1.719754e-02
-7.031774e-03
-6.622305e-03
7.660781e-03
-4.471860e-03
-1.331237e-02
-1.534082e-02
3.304431e-03
-9.411124e-03
1.611719e-03
-3.855908e-03
-2.757985e-03
-1.167881e-02
-1.294386e-02
-8.377202e-03
-1.954171e-02
2.351143e-03
3.863639e-03
3.938136e-03
3.009053e-03
-5.540267e-03
-1.033768e-02
3.652993e-03
8.816237e-03
-4.214441e-03
-1.595269e-02
1.869319e-03
-1.489356e-02
-3.927025e-03
-1.014492e-02
-2.337240e-02
-1.453307e-02
-2.685460e-02
-1.847589e-02
-1.244196e-02
-2.655915e-02
-1.032467e-02
-2.560991e-03
-4.127144e-02
-1.526229e-02
8.479184e-02
5.936385e-02
