1.120131e-02
1.304579e-02
2.388565e-02
1.376263e-02
1.135396e-02
2.281967e-02
1.412215e-02
1.211728e-02
1.984801e-02
6.588526e-03
-9.516816e-03
1.733665e-02
-3.897843e-03
-2.505774e-02
7.163338e-04
4.961968e-03
-4.882840e-03
7.745929e-03
1.476894e-03
-6.854652e-04
2.220729e-03
4.867605e-03
-4.461000e-03
3.728200e-04
-1.687992e-02
-6.602116e-03
-2.042565e-03
5.848995e-03
-1.647446e-03
5.872478e-03
-1.145084e-02
8.567889e-03
7.831530e-03
-4.514903e-03
-8.254841e-03
-1.900187e-03
4.539380e-03
4.639883e-03
7.961880e-03
-5.364481e-03
-2.251553e-02
-3.546168e-02
-3.081274e-02
-1.638761e-02
-1.097310e-02
-2.914877e-02
-9.291688e-03
-9.573957e-03
-1.882828e-02
-8.853685e-03
8.689298e-02
6.457349e-02
