1.301792e-02
2.021265e-02
2.791358e-02
1.695481e-02
-2.210427e-02
2.517691e-02
1.732835e-02
1.607281e-02
1.204607e-02
1.483759e-02
1.262508e-03
1.180969e-02
-2.362658e-03
8.844805e-04
-2.303873e-02
-4.070816e-03
-4.625694e-03
-4.266824e-03
-1.440175e-02
7.396456e-04
1.047737e-03
-1.718620e-02
4.869875e-03
8.485102e-03
2.408919e-03
6.865961e-04
3.937151e-03
1.013857e-02
2.936910e-03
1.465729e-03
-7.375788e-03
-6.617975e-03
1.277002e-02
-6.692597e-03
-2.076376e-02
4.807175e-03
-1.506244e-02
-1.637291e-02
1.333814e-02
-9.418706e-03
-1.218335e-02
-8.184780e-03
-1.885647e-02
-1.182571e-02
-1.964307e-02
-2.069364e-02
-2.707750e-02
-1.700995e-02
-1.972887e-03
-1.174029e-02
8.326433e-02
6.946140e-02
