1.626499e-02
1.694805e-02
7.487172e-03
2.978011e-02
1.033551e-02
1.854946e-02
1.357502e-02
1.430229e-02
1.693595e-02
2.091984e-02
-2.121914e-03
2.086468e-03
-3.891390e-03
1.367423e-02
-2.372413e-03
-1.065660e-02
9.156001e-03
-1.272874e-02
-1.049958e-02
-7.673225e-03
-3.854953e-03
-1.023374e-02
-1.989974e-03
-1.221259e-02
-2.565891e-03
-9.295884e-03
-5.455250e-03
-6.241598e-03
2.367554e-03
-1.335879e-02
7.002045e-03
1.355793e-02
-8.572894e-03
5.098198e-03
5.217017e-03
-1.679758e-02
1.179874e-02
5.101341e-03
7.859244e-03
-1.729441e-05
-1.602398e-02
-1.047291e-02
-2.417145e-02
-1.424914e-02
-4.165976e-02
-4.533650e-03
-3.282796e-02
-1.871977e-02
-1.970647e-02
-3.068022e-02
6.735227e-02
6.564979e-02
