1.713597e-02
1.022723e-02
4.383347e-03
5.672692e-03
1.796506e-02
2.632577e-02
1.659669e-02
2.020170e-02
1.588811e-02
1.590455e-02
-1.772690e-02
1.504632e-03
1.219199e-03
-1.345830e-03
3.518749e-03
6.710542e-03
-1.958546e-02
-2.151816e-03
4.212282e-03
-2.619844e-02
-2.255786e-03
-1.270856e-03
-8.701961e-03
3.974940e-03
2.140716e-03
-1.619171e-02
-9.921477e-03
-4.087109e-03
7.006196e-03
2.601582e-03
-3.831459e-02
3.647310e-03
5.169525e-03
-6.310021e-03
-4.826469e-03
8.835489e-03
3.948474e-03
-6.424704e-03
4.140326e-03
-1.484247e-02
-1.745379e-02
-9.001278e-03
-3.053173e-02
-3.036702e-02
-1.088971e-02
-2.892133e-02
-9.385470e-03
-2.071082e-02
-9.206526e-03
-1.607322e-03
9.975686e-02
7.421625e-02
