1.676248e-02
1.575836e-02
1.027220e-02
2.666516e-02
1.096942e-02
1.688285e-02
1.230976e-02
1.779777e-02
2.116888e-02
1.922835e-02
-2.413146e-03
4.184193e-03
-2.938258e-03
1.044273e-02
-2.114807e-03
-1.679048e-02
8.397713e-03
-2.788961e-02
-1.536713e-02
-4.960559e-03
6.041912e-03
-1.028833e-02
-3.757056e-03
-7.144935e-03
-5.420725e-04
-1.306610e-02
-4.664843e-03
-3.826242e-03
2.801019e-03
-1.071058e-02
5.485011e-03
1.436833e-02
-7.895547e-04
-8.479274e-03
7.457629e-03
-1.714369e-02
8.221973e-03
5.892631e-03
5.269892e-03
2.401549e-04
-1.569448e-02
-9.693928e-03
-2.502768e-02
-1.442336e-02
-4.006475e-02
8.618351e-04
-3.417721e-02
-1.557113e-02
-1.860306e-02
-6.089824e-02
7.403227e-02
6.707190e-02
