1.683371e-02
1.521753e-02
2.552411e-02
3.650938e-02
8.868264e-03
2.071691e-02
9.054945e-03
2.199501e-02
1.130014e-02
7.722587e-03
-7.863295e-03
1.959794e-02
4.502107e-03
-2.283204e-04
-1.663013e-03
-8.999350e-03
3.120322e-05
-2.639293e-02
-1.498609e-02
-2.488571e-03
6.259822e-03
-2.641958e-02
4.658389e-03
-2.324238e-03
1.019224e-03
-1.018090e-03
-4.530073e-03
-5.503989e-03
5.587875e-03
9.390410e-04
1.196262e-02
9.242115e-03
-2.359471e-03
6.823540e-03
-1.511291e-02
-1.491117e-02
-4.354510e-03
-2.133020e-03
3.806602e-03
-6.539518e-04
-1.994555e-02
-1.010094e-02
-6.342150e-03
-1.209317e-02
-1.036877e-02
-2.582062e-02
-2.424453e-02
-3.474061e-04
-3.150608e-02
-1.601892e-02
5.981084e-02
6.044330e-02
