1.269549e-02
2.209150e-02
2.994759e-02
2.455587e-02
5.399284e-03
2.304916e-02
8.820300e-03
7.504678e-03
1.062206e-02
2.831240e-02
-3.645407e-02
-1.727361e-03
-1.016527e-02
3.241271e-03
5.261091e-03
-1.524680e-02
8.655564e-03
-1.382225e-03
3.388779e-03
-4.609907e-03
-1.095936e-02
-2.043790e-03
-6.342058e-04
-6.340425e-03
-1.169822e-02
-2.742901e-03
-1.818343e-02
1.521180e-02
5.226923e-03
6.973317e-03
-9.202487e-04
-8.068764e-03
-8.428024e-03
6.686647e-04
-1.159223e-02
9.382704e-03
5.699314e-03
-7.664075e-03
4.086553e-03
1.053864e-02
-3.028850e-02
-2.385421e-02
-1.448250e-02
-1.878343e-02
-2.137160e-02
-3.532492e-02
9.502296e-04
-6.919590e-03
-1.970076e-02
-1.360396e-02
8.046983e-02
8.108737e-02
