8.154870e-03
2.764350e-02
3.721917e-02
2.418343e-02
1.008880e-02
2.211522e-02
1.214741e-02
4.995089e-03
8.571951e-03
2.533444e-02
-4.639238e-02
-6.066943e-03
-8.181487e-03
5.704456e-03
7.126570e-04
-1.425655e-02
-7.826377e-03
-9.606828e-03
9.113651e-03
-1.799856e-02
-2.056539e-02
-1.496318e-02
5.554692e-03
-1.348210e-02
-6.037644e-03
-1.234520e-03
-9.974982e-03
1.163348e-02
2.346071e-03
2.060942e-03
3.248446e-03
-4.637800e-03
-1.117706e-02
1.786081e-02
-7.836051e-03
1.071181e-02
3.276107e-03
-5.135402e-03
1.421173e-03
3.512644e-03
-3.615665e-02
-1.629147e-02
-5.241498e-03
-1.326786e-02
-2.002504e-02
-3.852934e-02
-6.409117e-03
-3.408131e-03
-1.293017e-02
-1.537945e-02
6.763444e-02
8.709602e-02
