1.436954e-02
2.177284e-02
2.951805e-02
2.192874e-02
3.382716e-03
2.463387e-02
4.726322e-03
7.168655e-03
7.496439e-03
2.813420e-02
-2.601260e-02
-4.091555e-03
-1.337036e-02
6.013302e-03
1.088139e-03
-1.477137e-02
3.386858e-03
-9.099465e-04
2.755366e-03
-9.136083e-03
-1.139030e-02
4.461079e-03
2.102351e-03
-6.543909e-03
-7.835864e-03
-5.553910e-03
-1.241993e-02
1.128616e-02
3.047848e-03
7.578795e-03
1.151125e-03
-1.301966e-02
-6.372427e-03
3.373597e-03
-1.176520e-02
1.023787e-02
4.794085e-03
-1.005624e-02
3.351778e-03
7.236816e-03
-3.204483e-02
-2.215768e-02
-6.369726e-03
-2.377455e-02
-2.058015e-02
-3.802683e-02
-3.453666e-03
-7.708099e-03
-1.295177e-02
-1.475325e-02
7.574225e-02
9.064568e-02
