1.241179e-02
1.140266e-02
5.134928e-04
1.116554e-02
2.282092e-02
1.978446e-02
2.155117e-02
1.927078e-02
1.686000e-02
1.250196e-02
-2.635832e-02
-1.835035e-03
-5.107185e-03
-3.949193e-03
3.894202e-03
5.601813e-03
-1.039720e-02
-8.614891e-03
2.592122e-03
-1.453226e-02
-1.131339e-02
-4.883928e-03
-9.569291e-03
9.010265e-03
2.583931e-04
-1.988881e-02
-1.257875e-03
-2.939502e-03
-1.559001e-04
1.948944e-03
-6.268431e-02
8.655281e-03
2.996837e-03
-1.079198e-02
-5.301262e-03
8.758774e-03
5.890519e-03
-5.033762e-03
-1.200207e-03
-8.858775e-03
-1.953553e-02
-1.588434e-02
-2.844377e-02
-1.561539e-02
-9.509386e-03
-4.332686e-02
-1.820175e-02
-3.733653e-02
-1.640200e-02
-1.919191e-03
5.581546e-02
5.393098e-02
