2.570175e-02
1.774562e-02
1.880307e-02
1.266703e-02
1.216491e-02
1.494559e-02
1.739942e-02
2.680980e-02
1.118329e-02
9.444965e-03
-3.483129e-04
-5.820712e-03
1.163649e-02
3.972765e-03
-2.232495e-03
7.692067e-03
-7.966535e-03
-7.436876e-03
1.004006e-02
1.201558e-03
-1.069301e-02
-1.138032e-03
5.226913e-03
-4.189123e-03
7.790172e-03
9.069654e-03
1.624942e-03
5.893585e-03
-7.131191e-03
-3.351079e-03
7.389233e-04
-1.697890e-02
3.648599e-03
-1.629452e-02
4.055937e-03
4.915226e-03
7.157700e-03
-1.246098e-02
-1.329522e-02
8.621405e-03
-1.475687e-02
-1.689247e-02
-1.742128e-02
-1.272925e-02
-4.289348e-02
-4.520502e-02
-2.920785e-02
-1.781972e-02
-2.151218e-02
-1.564551e-02
8.414950e-02
7.509146e-02
