1.036939e-02
4.371317e-03
2.387847e-02
7.223017e-03
1.093129e-02
1.675992e-02
1.357370e-02
1.064088e-02
2.010016e-02
2.224022e-03
-3.011158e-02
1.277289e-02
-3.727243e-03
-1.577644e-02
-1.253462e-02
2.924112e-03
1.592139e-03
1.998499e-02
-1.175722e-02
-1.340853e-03
1.244443e-02
1.794690e-03
-6.543321e-03
-3.935915e-03
-1.899303e-02
1.482126e-03
1.452011e-03
8.446903e-03
-1.987069e-04
6.078267e-03
-1.559798e-02
9.535977e-03
6.078901e-03
-7.626603e-03
-1.072698e-02
3.707120e-03
6.643198e-04
7.171185e-03
8.433153e-05
-9.207664e-03
-1.728102e-02
-5.403128e-02
-1.189543e-02
-8.432983e-03
-1.211897e-02
-2.191025e-02
-7.451381e-03
-1.478861e-02
-2.155934e-02
-9.663590e-03
5.330512e-02
3.972087e-02
