-1.289281e-02
1.541469e-02
2.106918e-02
1.305635e-02
1.795440e-02
5.057180e-03
1.658768e-02
1.697950e-02
1.574978e-02
2.668758e-02
-9.946168e-03
1.920525e-04
-2.431851e-02
-7.809619e-03
-1.855974e-02
-4.376133e-03
4.253155e-03
9.877686e-03
-3.834196e-04
9.210871e-04
-1.686756e-02
-1.142891e-03
-7.805499e-04
-6.767383e-03
-6.107816e-03
-1.323627e-02
-8.800833e-03
1.695263e-03
1.394002e-02
-1.144909e-03
1.731154e-03
1.071608e-02
-9.973587e-03
-4.651134e-03
1.039185e-02
2.849325e-03
7.169561e-03
-2.052341e-02
-1.973796e-02
1.148263e-02
-3.031795e-02
-1.956478e-02
-1.872201e-02
-3.411011e-02
-7.048844e-03
-7.916847e-03
-3.046708e-02
-1.153857e-02
-5.683201e-02
-3.899682e-02
1.131134e-01
1.196417e-01
