4.841525e-03
1.570880e-02
1.738229e-02
2.850742e-02
8.144074e-03
1.658699e-02
1.438858e-02
8.450154e-03
4.847397e-03
1.835459e-02
-4.368256e-03
1.151413e-02
4.360463e-03
9.222390e-03
-4.333188e-04
-1.902690e-04
-5.335693e-03
2.814285e-02
7.039625e-03
-7.418587e-03
-3.216491e-03
-1.406738e-02
4.665817e-03
1.110993e-02
-1.347106e-02
-1.190373e-02
-1.035546e-03
1.616796e-02
1.681598e-03
8.810939e-03
-8.090581e-03
-2.058706e-02
9.905852e-03
-1.488050e-02
3.106163e-03
-3.974617e-03
-9.941594e-03
6.266746e-03
2.142603e-03
-3.892477e-02
-1.377549e-02
-2.482986e-02
-1.737577e-03
-2.293297e-02
-9.210326e-03
-1.764682e-02
-2.659213e-02
-1.961856e-02
-3.858819e-03
-2.206586e-02
1.075042e-01
1.070854e-01
