1.830428e-02
2.385542e-02
1.306757e-02
9.066545e-03
1.048009e-02
1.926669e-02
1.609196e-02
1.366085e-02
2.467754e-02
1.106400e-02
1.348713e-03
4.238422e-03
-1.969667e-03
2.743399e-02
-1.118551e-02
-4.245063e-02
5.844520e-03
1.861917e-03
-1.398754e-02
-1.676982e-02
1.845532e-02
-1.163318e-02
-5.217029e-03
-1.441456e-02
-3.650328e-03
-1.377042e-02
-7.029210e-03
2.841922e-03
-1.180019e-03
-3.667914e-03
5.619353e-03
-4.501974e-03
-2.382125e-02
-3.317503e-03
2.026756e-04
-2.261753e-02
6.231379e-03
1.753784e-02
3.084427e-03
-9.119216e-04
-1.481561e-02
-4.123051e-03
-8.680182e-03
-8.363333e-03
-2.982298e-02
-6.585009e-03
-3.373659e-02
-2.423500e-02
-1.959962e-02
-1.766274e-02
1.129424e-01
6.089687e-02
