1.761427e-02
1.499043e-02
2.532497e-02
3.863092e-02
9.571266e-03
2.083795e-02
8.510413e-03
2.238712e-02
1.166417e-02
1.007610e-02
-8.756037e-03
1.884534e-02
4.681773e-03
-4.184147e-04
-4.196465e-03
-8.687393e-03
-1.079673e-03
-2.662025e-02
-1.550724e-02
-4.132755e-03
7.070220e-03
-2.620778e-02
4.590813e-03
-1.024355e-03
2.593542e-04
-1.488356e-03
-4.387410e-03
-6.527491e-03
5.123539e-03
4.843954e-04
1.231318e-02
1.246167e-02
-2.486423e-03
7.134047e-03
-1.526789e-02
-1.609005e-02
-2.814060e-03
-1.063260e-03
4.526848e-03
6.837135e-04
-1.817398e-02
-1.014181e-02
-5.575502e-03
-1.344613e-02
-1.202504e-02
-2.734167e-02
-2.554073e-02
1.654037e-03
-2.852695e-02
-1.639894e-02
6.096113e-02
6.242427e-02
