1.586280e-02
1.912258e-02
-1.362308e-02
5.471364e-02
1.194565e-02
1.565177e-02
1.582459e-02
2.727055e-02
1.840829e-02
2.458017e-02
-8.517260e-03
2.160703e-02
2.210739e-03
7.763279e-03
-1.024162e-02
1.740097e-03
9.544195e-03
-1.467377e-02
-3.230005e-03
2.435121e-03
3.035006e-04
-9.728752e-03
6.678020e-03
2.443604e-03
2.295614e-03
5.330420e-03
-6.472738e-03
3.675263e-03
-4.814425e-02
3.896697e-03
-4.669149e-03
4.286929e-03
-7.154676e-03
-2.033386e-03
-4.586285e-03
-7.386827e-03
-1.775252e-02
-1.441426e-02
-7.511159e-03
-2.887221e-03
-1.806032e-02
-1.785201e-02
-1.759164e-02
-1.347518e-02
-4.514766e-02
-3.217648e-02
-1.495947e-02
-8.747081e-03
-1.137611e-02
-1.926855e-02
4.525951e-02
5.778686e-02
