1.300074e-02
2.341896e-02
2.629645e-02
2.212790e-02
-2.146494e-02
2.563983e-02
1.372917e-02
1.725161e-02
1.242768e-02
1.504777e-02
9.923938e-04
1.164696e-02
-3.315215e-03
8.155034e-04
-2.631391e-02
-1.710639e-03
-6.532003e-03
-3.206860e-03
-1.499513e-02
8.081839e-04
8.576988e-04
-1.609687e-02
4.811969e-03
8.254246e-03
-1.105713e-03
7.871955e-04
1.979617e-03
9.305192e-03
3.663084e-03
1.016265e-03
-7.239728e-03
-6.019162e-03
1.163001e-02
-7.723241e-03
-2.170479e-02
5.370447e-03
-1.637933e-02
-1.573889e-02
8.874177e-03
-1.036695e-02
-1.197665e-02
-8.926984e-03
-2.086431e-02
-1.238116e-02
-1.295808e-02
-2.003474e-02
-2.731814e-02
-1.764821e-02
-5.810504e-04
-1.128816e-02
7.900695e-02
6.831364e-02
