2.167600e-02
1.475681e-02
5.637920e-03
1.587340e-02
-1.146617e-02
9.435386e-03
1.904056e-02
1.817003e-02
1.643953e-02
1.536310e-02
-2.196433e-02
-9.153827e-03
3.178202e-03
8.215394e-03
3.069151e-04
-1.263692e-02
-1.055463e-02
7.542333e-04
-6.701410e-03
-1.755375e-03
-5.022788e-03
-3.099645e-03
-1.079921e-02
-7.919024e-03
-4.417511e-03
-1.660063e-02
2.269186e-03
1.226620e-03
-2.115329e-03
3.443828e-03
-4.019460e-03
-9.491384e-03
-3.827845e-03
7.390908e-03
-4.903849e-03
-6.556764e-03
2.530723e-03
-1.265768e-02
-6.273598e-03
-2.976463e-03
-2.139810e-02
-2.113525e-02
-2.992949e-02
-1.991472e-02
-8.835821e-03
-1.433354e-02
-1.040827e-02
-4.294755e-03
-3.994364e-02
-1.744601e-02
9.043770e-02
6.457101e-02
