1.515684e-02
1.606700e-02
8.554411e-03
3.247187e-02
1.183463e-02
1.702839e-02
1.247100e-02
7.799229e-03
2.166246e-02
1.960994e-02
1.431610e-03
5.744872e-03
-4.250467e-03
1.021507e-02
-2.030316e-03
-5.565730e-03
9.555398e-03
-1.470427e-02
-1.926297e-02
-1.068909e-02
-8.340401e-03
-1.459924e-02
1.965383e-03
-1.389096e-02
-8.443341e-03
-9.704817e-03
-9.044203e-03
4.054855e-03
6.527438e-03
-2.255603e-02
2.623467e-03
8.561645e-03
-5.745549e-03
5.889931e-03
2.848530e-03
-1.266900e-02
7.345543e-03
2.241141e-03
8.469045e-03
-2.452477e-05
-1.133577e-02
-1.269283e-02
-2.320709e-02
-1.781979e-02
-4.573624e-02
-2.201217e-03
-3.957437e-02
-2.834267e-02
-1.485607e-02
-4.562053e-02
9.060183e-02
7.712064e-02
