1.319843e-02
1.778215e-02
-1.141267e-02
5.299090e-02
1.147847e-02
1.234983e-02
1.569556e-02
2.740051e-02
1.357397e-02
2.308465e-02
-5.927378e-03
1.481717e-02
3.155255e-03
6.847035e-03
-5.508005e-03
-2.301583e-04
8.413312e-03
-1.191066e-02
-4.520001e-03
1.073038e-03
-1.202814e-03
-1.013221e-02
5.883471e-03
2.710600e-03
6.327242e-03
3.191632e-03
-4.744325e-03
4.133383e-03
-4.600592e-02
-2.471913e-04
-3.878055e-03
4.349409e-03
-6.692476e-03
-3.638521e-04
-3.793921e-03
-4.592565e-03
-2.454538e-02
-1.260946e-02
-6.905712e-03
-2.609317e-03
-1.657394e-02
-1.505776e-02
-1.521594e-02
-8.571171e-03
-4.605722e-02
-2.780274e-02
-1.405597e-02
-5.532238e-03
-1.073920e-02
-2.291265e-02
5.316062e-02
6.147749e-02
