1.582064e-02
1.209591e-02
4.819713e-03
9.617147e-03
1.938319e-02
2.626834e-02
1.979703e-02
2.057307e-02
1.469826e-02
1.680504e-02
-1.309538e-02
3.842345e-03
3.385304e-03
-3.830150e-05
7.354018e-03
6.616929e-03
-1.546419e-02
-2.333131e-03
6.608237e-03
-1.791609e-02
-6.240698e-03
-4.819133e-03
-7.367761e-04
2.539676e-03
3.969591e-04
-1.524473e-02
-6.429864e-03
-5.495757e-03
4.090558e-03
1.440369e-03
-4.750335e-02
4.097062e-03
2.002394e-03
-8.135629e-03
-6.293329e-03
6.814385e-03
4.625277e-03
-4.874187e-03
4.526645e-03
-1.638753e-02
-2.061249e-02
-1.114201e-02
-2.806088e-02
-2.871416e-02
-1.106975e-02
-2.604558e-02
-7.697249e-03
-1.805296e-02
-1.090014e-02
-1.087706e-03
1.122870e-01
9.035697e-02
