2.902709e-03
1.595725e-02
1.543120e-02
2.449827e-02
9.005028e-03
1.605179e-02
1.423305e-02
1.044953e-02
6.566910e-03
1.586076e-02
-4.492411e-03
7.585736e-03
2.701364e-03
1.022970e-02
-1.172360e-03
-1.848021e-03
-2.851083e-03
2.662994e-02
6.807703e-03
-7.658813e-03
-5.623090e-03
-1.272599e-02
3.131339e-03
1.205701e-02
-1.088775e-02
-1.101431e-02
-3.444737e-03
1.359320e-02
-3.627391e-04
4.373778e-03
-7.685184e-03
-1.808629e-02
8.554908e-03
-1.494222e-02
2.542779e-03
-3.811559e-03
-1.583926e-02
7.178713e-03
1.577301e-03
-4.697458e-02
-1.388775e-02
-2.761281e-02
-1.063495e-02
-1.883126e-02
-1.048011e-02
-1.517331e-02
-2.476691e-02
-2.017782e-02
-3.925304e-03
-2.021304e-02
7.779611e-02
8.319119e-02
