1.738599e-02
2.095303e-02
-1.719226e-02
6.151980e-02
1.144414e-02
2.008581e-02
1.385933e-02
2.911243e-02
2.109501e-02
2.422225e-02
-7.783940e-03
2.495496e-02
4.227453e-04
6.937238e-03
-8.968354e-03
-4.356100e-04
1.086494e-02
-1.288733e-02
-1.522926e-03
1.365981e-03
-7.573325e-05
-9.594684e-03
6.596141e-03
8.252318e-04
-6.456801e-04
4.572392e-03
-9.079155e-03
3.408015e-03
-4.913134e-02
3.298865e-03
-2.792788e-03
4.262395e-03
-6.970644e-03
-2.813317e-03
-1.791754e-03
-5.107479e-03
-1.286262e-02
-1.913790e-02
-8.869775e-03
-2.512064e-03
-2.127503e-02
-2.007918e-02
-2.227188e-02
-1.904111e-02
-5.157963e-02
-3.006926e-02
-1.230460e-02
-9.140027e-03
-1.315533e-02
-1.503914e-02
2.920593e-02
5.889969e-02
