3.613365e-03
1.664067e-02
1.591942e-02
2.562586e-02
8.504942e-03
1.612501e-02
1.462222e-02
1.085529e-02
6.252250e-03
1.604002e-02
-4.467231e-03
8.983873e-03
3.588930e-03
1.023179e-02
-4.366722e-04
-2.167559e-03
-2.723731e-03
2.634939e-02
6.190568e-03
-8.402416e-03
-6.041774e-03
-1.363851e-02
3.561042e-03
1.139625e-02
-1.052435e-02
-1.039157e-02
-3.877087e-03
1.438925e-02
4.550242e-05
4.840231e-03
-8.822038e-03
-1.787569e-02
9.006937e-03
-1.387605e-02
3.028799e-03
-4.004910e-03
-1.343165e-02
6.597270e-03
1.894279e-03
-4.041288e-02
-1.373076e-02
-2.793851e-02
-9.274100e-03
-2.078715e-02
-1.005056e-02
-1.480469e-02
-2.430141e-02
-2.032983e-02
-4.115605e-03
-1.991365e-02
9.513789e-02
9.815678e-02
