1.534779e-02
1.464469e-02
6.144672e-03
1.795970e-02
9.727509e-03
1.495365e-02
1.250029e-02
1.197441e-02
1.973763e-02
1.888034e-02
-2.709586e-03
-9.039142e-04
-5.016853e-03
3.756094e-03
-6.703758e-03
-6.917284e-03
5.432927e-03
-1.566690e-02
-1.666809e-02
-1.055600e-02
-4.456218e-03
-1.247094e-02
-3.549066e-03
-1.232079e-02
-5.064413e-03
-9.575171e-03
-5.567188e-03
-1.694674e-02
2.671515e-03
-7.514049e-03
4.542119e-03
9.954649e-03
-7.637502e-03
2.976462e-03
3.398588e-03
-1.436684e-02
7.296791e-03
3.164008e-03
7.840385e-03
2.201502e-03
-1.243618e-02
-1.241220e-02
-2.099402e-02
-1.759393e-02
-4.885533e-02
2.788641e-03
-5.783442e-02
-2.948639e-02
-2.051906e-02
-2.513460e-02
4.659738e-02
5.622752e-02
