2.069484e-02
1.629002e-02
4.677552e-03
1.759121e-02
-1.574156e-02
1.087533e-02
1.873411e-02
1.698153e-02
1.601517e-02
1.326733e-02
-1.895892e-02
-1.108811e-02
-2.533456e-03
8.600639e-03
-1.404329e-03
-8.458840e-03
-1.338324e-02
1.649706e-03
-2.654496e-03
-5.766857e-04
-3.619307e-03
-4.000380e-03
-1.169599e-02
-8.055113e-03
-3.154003e-03
-1.206285e-02
-3.335785e-03
4.351426e-03
1.205603e-03
4.571252e-03
-6.126928e-03
-1.140765e-02
-9.389917e-04
7.468956e-03
-1.114495e-02
-1.139648e-02
4.942421e-03
-1.179970e-02
-3.050624e-04
-1.517977e-02
-2.049933e-02
-2.041559e-02
-3.336159e-02
-1.218088e-02
-5.081705e-03
-1.699013e-02
-7.279672e-03
-3.901990e-03
-3.527004e-02
-1.879335e-02
9.206591e-02
6.041015e-02
