1.076019e-02
1.821218e-02
-6.665147e-03
4.514526e-02
1.114063e-02
7.844919e-03
1.631274e-02
3.047456e-02
6.593975e-03
2.224218e-02
-1.053135e-02
2.742792e-02
3.873431e-03
6.830794e-03
-5.418024e-03
-2.107548e-03
8.215173e-03
-1.959796e-02
4.115189e-04
8.248443e-04
-2.350394e-03
-1.393865e-02
5.431789e-03
7.255600e-03
1.061153e-02
-4.804659e-04
7.523731e-04
7.220803e-03
-4.226374e-02
-8.222758e-04
-4.780215e-04
6.722815e-03
-1.029725e-02
-9.419089e-05
-4.290795e-03
-8.874415e-03
-3.501596e-02
-1.159376e-02
-8.333658e-03
3.006401e-03
-1.173690e-02
-1.405149e-02
-1.797074e-02
-1.067748e-02
-5.862371e-02
-3.890239e-02
-1.908097e-02
-3.997202e-03
-7.173056e-03
-2.008394e-02
5.813545e-02
5.280285e-02
