2.224431e-02
1.529091e-02
3.392078e-03
1.568763e-02
-1.107745e-02
1.052001e-02
1.929656e-02
1.652975e-02
1.673492e-02
1.459268e-02
-2.105391e-02
-5.914445e-03
9.670939e-04
7.634655e-03
-1.548035e-03
-5.098008e-03
-1.294458e-02
-4.661800e-04
-8.220250e-03
-7.116233e-04
-3.525817e-03
-1.882019e-03
-1.388717e-02
-8.136068e-03
-6.017249e-03
-1.350965e-02
-1.030437e-03
1.802703e-03
3.075176e-03
2.709100e-03
-4.411871e-03
-9.507834e-03
1.632630e-03
8.298445e-03
-5.420107e-03
-8.729273e-03
3.788098e-03
-9.862918e-03
-4.315599e-03
-7.584782e-03
-2.244249e-02
-2.057825e-02
-2.258441e-02
-2.170198e-02
-4.620987e-03
-2.209473e-02
-9.036067e-03
-4.329653e-03
-3.333873e-02
-1.779945e-02
8.757906e-02
6.242093e-02
