4.015071e-03
2.007711e-02
1.744353e-02
2.480686e-02
9.996259e-03
1.660315e-02
1.524771e-02
8.947372e-03
5.027215e-03
1.870147e-02
-7.396493e-03
8.808598e-03
4.585723e-03
1.016242e-02
-8.623919e-04
-1.441525e-03
-4.593621e-03
3.022466e-02
8.336361e-03
-1.427882e-02
-4.707730e-03
-1.352019e-02
1.965066e-03
1.064331e-02
-1.127890e-02
-7.450341e-03
-5.045160e-03
1.384367e-02
3.930280e-04
4.151504e-03
-9.473660e-03
-1.912875e-02
8.464273e-03
-1.232324e-02
1.314823e-03
-4.145268e-03
-1.215512e-02
6.703223e-03
1.708443e-03
-3.246196e-02
-1.320466e-02
-3.571578e-02
-8.808588e-03
-2.027796e-02
-1.014563e-02
-1.263405e-02
-2.791754e-02
-2.256455e-02
-2.000066e-03
-1.833550e-02
9.038368e-02
9.419469e-02
