1.638758e-02
1.787826e-02
2.636147e-02
3.341696e-02
1.122023e-02
2.219450e-02
1.053067e-02
2.184532e-02
1.661970e-02
9.067483e-03
-7.667808e-03
1.633002e-02
4.700429e-03
1.489439e-03
-2.068611e-03
-4.830805e-03
-4.336682e-03
-2.726993e-02
-1.488744e-02
-1.431595e-04
5.489624e-03
-3.536030e-02
2.079458e-03
-5.252394e-03
-3.180602e-03
-1.327656e-03
-4.745893e-03
-6.202763e-03
5.284557e-03
2.934422e-03
9.869413e-03
9.018878e-03
-2.425237e-03
7.760574e-03
-1.382388e-02
-1.930485e-02
-2.308404e-03
-2.291632e-03
1.169711e-04
-1.163662e-03
-1.568700e-02
-1.157340e-02
-8.732930e-03
-1.224850e-02
-1.272484e-02
-2.024593e-02
-1.925505e-02
8.430409e-04
-3.880431e-02
-1.586540e-02
6.444099e-02
6.413286e-02
