1.671585e-02
1.471605e-02
2.582212e-02
3.336228e-02
9.959082e-03
2.116817e-02
8.730467e-03
2.250763e-02
1.175332e-02
7.453156e-03
-7.764940e-03
2.037154e-02
4.026510e-03
-7.841576e-04
-2.925973e-03
-5.165570e-03
-2.888824e-03
-2.757095e-02
-1.421136e-02
1.094887e-03
6.749549e-03
-2.832164e-02
4.629189e-03
-1.805633e-03
-3.735978e-03
-2.325140e-03
-4.182165e-03
-5.379531e-03
5.289843e-03
1.360853e-03
1.264075e-02
9.503359e-03
-9.381936e-05
6.503584e-03
-1.667296e-02
-1.694371e-02
-5.907743e-03
-1.504852e-03
4.851196e-03
-6.996086e-04
-2.041329e-02
-9.486228e-03
-5.872597e-03
-1.287827e-02
-1.154803e-02
-2.829933e-02
-1.848735e-02
-7.260131e-04
-3.136936e-02
-1.789692e-02
7.127360e-02
6.643126e-02
