1.303101e-02
2.215546e-02
2.843879e-02
2.366235e-02
-3.792921e-02
2.639505e-02
1.506333e-02
1.818563e-02
1.153326e-02
1.789858e-02
4.700802e-03
1.010666e-02
-2.588681e-03
-1.596833e-03
-3.185023e-02
-3.941303e-03
-7.236467e-03
8.630262e-03
-1.604447e-02
-2.354227e-03
3.615408e-03
-2.287620e-02
5.026898e-03
1.039160e-02
5.426289e-03
-1.306547e-03
3.957385e-03
6.123629e-03
2.306150e-03
-1.642518e-05
-6.962824e-03
-5.704441e-03
1.217559e-02
2.037910e-03
-1.826190e-02
4.294347e-03
-1.768590e-02
-1.637974e-02
1.464707e-02
-1.283352e-02
-1.177998e-02
-9.738029e-03
-1.472422e-02
-1.029883e-02
-1.149438e-02
-1.737685e-02
-3.415947e-02
-9.280819e-03
-9.329951e-04
-1.446978e-02
8.766219e-02
7.388740e-02
