-7.992610e-04
1.465117e-02
1.487626e-02
1.805617e-02
1.908006e-02
8.949088e-03
1.335977e-02
1.533425e-02
1.578963e-02
2.833265e-02
2.556454e-03
-6.272566e-03
-1.384232e-03
-5.453240e-03
-1.018517e-02
7.976549e-03
4.620695e-03
4.966690e-03
1.849202e-03
1.047521e-03
-1.622218e-03
-3.357495e-04
1.235249e-03
-3.280451e-03
-8.512001e-03
-9.452723e-03
-9.168778e-04
1.386578e-03
4.746739e-03
-7.177077e-04
-6.053143e-03
6.281303e-03
-2.944536e-04
-5.914966e-03
1.189872e-02
2.699537e-03
1.030667e-02
-1.351959e-02
-1.776746e-02
4.341887e-03
-2.786096e-02
-1.600397e-02
-1.302358e-02
-2.663463e-02
-2.277414e-02
-2.511844e-02
-2.294283e-02
-1.831994e-02
-4.140165e-02
-3.154668e-02
8.805020e-02
1.102554e-01
