2.031318e-02
1.573401e-02
6.353932e-03
1.047983e-02
-1.228425e-02
9.193389e-03
1.918036e-02
2.131571e-02
1.674383e-02
1.340109e-02
-1.696011e-02
-5.666115e-03
4.842593e-03
8.968543e-03
-1.957580e-03
-9.203837e-03
-6.862999e-03
-4.299654e-03
-7.146346e-03
-2.256356e-03
-7.711707e-03
-1.189513e-03
-1.668111e-02
-7.104147e-03
-4.705306e-03
-1.185164e-02
8.551656e-03
2.281456e-03
1.565589e-03
4.755914e-03
-5.115243e-03
-1.114950e-02
-4.011590e-03
9.795867e-03
-9.274571e-03
-4.765757e-03
2.053036e-03
-2.035735e-02
-6.712946e-03
-7.186811e-03
-2.157682e-02
-2.312385e-02
-3.541018e-02
-3.058529e-02
-1.172030e-02
-1.430427e-02
-5.597368e-03
-5.184152e-03
-1.846782e-02
-1.447340e-02
1.014215e-01
5.853137e-02
