1.699736e-02
1.389659e-02
6.984912e-03
2.358768e-02
1.081104e-02
2.038917e-02
6.876657e-03
1.475639e-02
1.453917e-02
1.716227e-02
-8.628474e-04
2.906867e-03
-4.944935e-03
1.092518e-02
-3.211420e-03
-5.718688e-03
3.976242e-03
-2.157582e-02
-1.926293e-02
-1.359063e-02
-8.662584e-03
-1.966597e-02
-5.055493e-04
-1.161048e-02
-2.392532e-03
-7.688559e-03
-3.920872e-03
-1.815711e-02
-1.232704e-03
-1.706603e-02
5.931308e-03
1.049028e-02
-1.924162e-02
-9.095734e-03
5.396783e-03
-1.526862e-02
1.198202e-02
6.148954e-03
5.912846e-03
-1.782237e-03
-1.365288e-02
-1.413513e-02
-2.413571e-02
-6.012015e-03
-6.138046e-02
-7.633587e-04
-2.666524e-02
-3.838134e-02
-1.467628e-02
-2.464393e-02
3.903615e-02
3.817652e-02
