2.442846e-02
1.687078e-02
1.898470e-02
1.323699e-02
9.856568e-03
1.428671e-02
1.632868e-02
2.421178e-02
1.032827e-02
1.000363e-02
7.055007e-04
-5.240767e-03
1.156036e-02
2.100314e-03
-3.096972e-03
7.481128e-03
-7.996974e-03
-8.229282e-03
9.374910e-03
2.779150e-03
-1.553046e-02
-1.370633e-03
5.224639e-03
-4.036508e-03
5.046507e-03
9.400835e-03
3.391020e-03
3.679762e-03
-6.945583e-03
-2.049247e-03
3.790420e-04
-1.788454e-02
3.373679e-03
-1.533342e-02
-2.536315e-03
5.376558e-03
6.520232e-03
-1.066928e-02
-1.347347e-02
8.721840e-03
-1.421602e-02
-1.714610e-02
-1.391853e-02
-1.062669e-02
-4.109206e-02
-4.617194e-02
-2.477267e-02
-1.534650e-02
-2.103904e-02
-1.640100e-02
8.431642e-02
7.796358e-02
