-1.562104e-03
1.527277e-02
1.486462e-02
1.836824e-02
1.841567e-02
9.378587e-03
1.458888e-02
1.510770e-02
1.574510e-02
2.861690e-02
3.995386e-03
-7.208481e-03
-2.764042e-03
-4.185171e-03
-1.163021e-02
8.972163e-03
4.011762e-03
4.494753e-03
1.770810e-03
5.073889e-04
-1.114076e-03
-6.530255e-04
1.850033e-03
-2.363727e-03
-7.416428e-03
-8.667302e-03
-6.813895e-04
1.678828e-03
4.254576e-03
-1.180118e-03
-5.992021e-03
5.679734e-03
6.887724e-06
-5.045258e-03
1.121166e-02
2.914622e-03
9.918681e-03
-1.237962e-02
-1.906412e-02
3.832513e-03
-2.926060e-02
-1.390929e-02
-1.181021e-02
-2.555378e-02
-2.359072e-02
-2.387661e-02
-2.379502e-02
-1.717141e-02
-4.746047e-02
-3.054391e-02
8.806814e-02
1.063361e-01
