5.664100e-03
2.256685e-02
1.869757e-02
2.272665e-02
4.017827e-03
1.684921e-02
1.914389e-02
1.297891e-02
6.810874e-03
1.361939e-02
-7.599001e-03
9.600371e-03
6.242027e-03
1.100087e-02
-1.499953e-03
-2.714564e-04
-8.538313e-03
2.397260e-02
4.014104e-03
-2.690375e-03
-7.099161e-03
-1.427450e-02
4.932173e-03
9.759021e-03
-9.391299e-03
-1.462220e-02
-3.520254e-03
1.773162e-02
2.795018e-03
2.147705e-03
-1.087054e-02
-2.135452e-02
1.250065e-02
-1.813496e-02
2.553242e-03
-3.581060e-03
-1.373627e-02
4.429405e-03
8.390790e-05
-1.013240e-01
-1.368157e-02
-4.285848e-02
-1.539418e-03
-1.773136e-02
-1.210761e-02
-7.223339e-03
-3.024898e-02
-3.271422e-02
-4.413827e-03
-2.248700e-02
7.331793e-02
8.333943e-02
