1.126997e-02
2.286952e-02
-4.184022e-03
2.487739e-02
-1.416276e-02
6.036266e-03
2.660082e-02
2.029557e-02
1.737756e-02
2.329516e-02
-2.138357e-02
-3.063052e-02
2.427483e-03
1.156469e-02
-5.816666e-03
-2.066183e-02
-2.797833e-02
5.327853e-03
3.119992e-03
4.387257e-03
-9.301945e-03
1.110309e-04
-1.854463e-02
-9.873058e-03
-3.124560e-03
-3.603532e-03
9.311945e-03
3.239018e-03
-7.432223e-03
6.153124e-03
-1.113505e-02
-3.018884e-02
-1.736194e-02
4.968191e-03
2.350793e-03
-1.080385e-02
-4.507628e-03
-1.898547e-02
-1.109818e-02
-2.968222e-02
-6.957480e-02
-1.952447e-02
-2.585170e-02
-3.976904e-02
-3.062321e-02
-5.562033e-02
-4.811184e-03
-5.241805e-03
9.136005e-03
-2.433110e-02
8.549368e-02
5.845492e-02
