1.601595e-02
1.552924e-02
2.624677e-02
1.521240e-02
1.306444e-02
2.497982e-02
1.505853e-02
1.885517e-02
1.673648e-02
6.134995e-03
-2.227051e-02
2.469927e-02
2.044130e-03
-1.292129e-02
-3.392657e-03
6.580053e-04
-5.964075e-05
9.210605e-03
-4.386748e-04
1.082429e-03
2.444484e-03
4.169012e-03
-7.089725e-03
-3.967329e-03
-2.856749e-02
-1.335339e-03
3.897837e-03
9.133244e-03
-2.077526e-03
7.995782e-03
-1.466913e-02
9.571134e-03
5.320962e-03
-4.473748e-03
-7.208207e-03
3.385622e-03
2.219113e-03
6.130717e-03
7.736891e-03
-4.806189e-03
-1.712939e-02
-4.748468e-02
-2.244192e-02
-2.517775e-02
-1.471358e-02
-3.608091e-02
-5.633780e-03
-1.322479e-02
-1.711740e-02
-8.514546e-03
7.114086e-02
4.095938e-02
