1.629751e-02
1.624886e-02
2.620322e-02
4.163718e-02
7.668269e-03
2.161145e-02
8.169306e-03
2.145331e-02
1.189533e-02
7.775849e-03
-7.953390e-03
2.215854e-02
3.878940e-03
4.533651e-04
1.026475e-04
-9.258897e-03
2.797565e-03
-2.710140e-02
-1.538312e-02
-3.461714e-03
7.239208e-03
-2.450925e-02
5.347665e-03
-4.139801e-03
2.117899e-03
6.093786e-04
-5.571625e-03
-6.867271e-03
4.871968e-03
1.309775e-03
1.576051e-02
1.017817e-02
-2.979188e-03
6.503942e-03
-1.413883e-02
-1.434319e-02
-4.038174e-03
-2.129936e-03
3.211379e-03
-2.763682e-03
-1.998900e-02
-1.093771e-02
-4.840119e-03
-1.216664e-02
-8.362283e-03
-2.914894e-02
-2.477719e-02
1.541245e-03
-3.207811e-02
-1.454269e-02
3.908039e-02
5.636317e-02
