1.699517e-02
1.540048e-02
8.953004e-03
1.506081e-02
5.184554e-03
2.417529e-02
9.447290e-03
8.833271e-03
1.849789e-02
2.257444e-02
3.091659e-03
2.779661e-03
5.846410e-03
1.038558e-02
-1.941259e-02
-1.157959e-02
4.067950e-03
-2.196283e-02
-1.349526e-02
-1.625643e-02
-6.484572e-03
-1.038240e-02
-2.767546e-04
-3.323668e-03
-1.028331e-02
-9.988237e-03
-6.113704e-03
-8.180274e-03
-4.342558e-03
-1.225949e-02
1.994305e-03
1.113714e-02
-3.274377e-03
7.679644e-03
2.583547e-03
-2.588870e-02
4.019692e-03
3.307635e-03
2.989255e-03
5.669629e-03
-1.330215e-02
-1.411358e-02
-3.157367e-02
-3.337332e-02
-4.023647e-02
9.346190e-03
-3.007196e-02
-2.000404e-02
-2.432345e-02
-9.862454e-02
3.390921e-02
4.248180e-02
