1.204167e-02
8.284699e-03
3.136752e-02
2.575804e-02
-7.408685e-04
2.668066e-02
8.412259e-03
7.393456e-03
1.037811e-02
2.482140e-02
-3.835492e-02
8.923853e-03
-1.021933e-02
-1.211418e-04
-2.500883e-03
-8.926069e-03
1.290191e-03
5.378938e-04
2.175189e-04
-4.300361e-03
-8.239083e-03
3.307493e-03
3.513197e-03
-5.547950e-03
-8.908855e-03
-3.596502e-03
-1.170183e-02
1.108364e-02
3.174487e-03
6.025534e-03
2.647543e-03
-1.390563e-02
-1.129052e-02
7.238854e-03
-1.074133e-02
1.197794e-02
2.064543e-03
-1.170635e-02
1.822685e-03
8.273271e-03
-3.309396e-02
-2.767515e-02
-8.096343e-03
-1.424324e-02
-1.567989e-02
-3.537341e-02
-7.414182e-04
-6.557505e-03
-1.028471e-02
-7.041579e-03
4.670073e-02
7.450293e-02
