1.760547e-02
1.386285e-02
9.085125e-03
2.211232e-02
7.572683e-03
1.851310e-02
8.929407e-03
1.551212e-02
2.034596e-02
1.619356e-02
-1.117836e-04
6.365933e-03
-1.020900e-02
8.892252e-03
-8.539290e-03
-1.524797e-02
4.626310e-03
-1.521281e-02
-2.171190e-02
-9.666156e-03
4.112525e-03
-1.644959e-02
-6.792956e-03
-1.020059e-02
-2.622976e-03
-1.368995e-02
-7.626745e-03
-5.491201e-03
1.167259e-03
-5.857163e-03
3.036364e-04
1.414840e-02
-5.792490e-03
-1.454478e-02
7.373842e-03
-1.759686e-02
7.346852e-03
2.535114e-03
3.123087e-03
3.326169e-03
-1.727796e-02
-1.806188e-02
-4.417171e-02
-1.363025e-02
-3.732598e-02
2.707563e-03
-1.833194e-02
-1.618731e-02
-1.953880e-02
-2.000000e-01
3.285255e-02
4.011937e-02
