1.430560e-03
1.443882e-02
1.777864e-02
1.604545e-02
1.520010e-02
1.046305e-02
1.175018e-02
1.611434e-02
1.523108e-02
2.600151e-02
-1.076714e-04
-6.491383e-03
1.104448e-03
-3.461183e-03
-1.861276e-02
7.040495e-03
3.821034e-03
3.164802e-03
2.456219e-03
-2.972740e-04
-1.354757e-03
-2.425474e-04
1.258216e-04
-3.346059e-03
-1.053560e-02
-4.280819e-03
-2.052421e-03
1.522939e-03
1.857139e-03
1.222051e-04
-5.410379e-03
5.963216e-03
-2.914072e-03
-5.790258e-03
1.379131e-02
2.815484e-03
1.012884e-02
-1.653822e-02
-1.563772e-02
5.719266e-03
-3.224803e-02
-1.849928e-02
-1.380048e-02
-2.604850e-02
-2.828981e-02
-2.387904e-02
-2.401427e-02
-1.505164e-02
-5.151317e-02
-3.512039e-02
8.446034e-02
1.013880e-01
