1.120829e-02
7.374888e-03
2.947604e-02
2.552049e-02
-2.029281e-03
2.653791e-02
1.104411e-02
5.729940e-03
8.479522e-03
2.850746e-02
-3.507494e-02
6.786052e-03
-7.668572e-03
9.072954e-04
-2.367461e-03
-1.183555e-02
2.341015e-03
-4.935704e-04
8.733160e-04
-3.861030e-03
-1.069149e-02
1.444662e-03
2.788753e-03
-4.521105e-03
-1.313599e-02
-4.144674e-03
-1.032701e-02
1.086154e-02
6.724408e-03
5.455247e-03
2.013957e-03
-1.445590e-02
-1.020550e-02
7.177737e-03
-5.751292e-03
1.207529e-02
3.704538e-03
-9.986373e-03
3.104603e-03
6.971351e-03
-2.346902e-02
-2.190793e-02
-1.293212e-02
-1.712632e-02
-1.734881e-02
-3.087760e-02
-2.351859e-03
-8.058432e-03
-1.150397e-02
-8.672172e-03
5.873454e-02
7.707561e-02
