1.297817e-02
1.330881e-02
2.343122e-02
8.115387e-03
1.273717e-02
2.214702e-02
1.889244e-02
1.348867e-02
1.997925e-02
1.007883e-02
-1.003924e-02
2.664775e-02
-2.870227e-03
-1.316016e-02
4.301649e-03
5.294344e-03
-9.465317e-03
1.127230e-02
6.864403e-04
-1.809018e-03
6.430631e-03
6.740028e-03
4.543206e-03
2.012500e-03
-1.634277e-02
-1.025336e-02
-9.166635e-04
8.512029e-03
1.066224e-03
6.751805e-03
-1.208683e-02
9.918431e-03
5.696950e-03
2.825555e-03
-6.365204e-03
-6.316032e-03
4.094809e-03
4.879311e-03
5.204388e-03
-8.659756e-03
-2.260328e-02
-4.863355e-02
-3.429258e-02
-1.712702e-02
-1.271207e-02
-1.812896e-02
-3.164377e-03
-1.574860e-02
-1.922303e-02
-9.165803e-03
9.729239e-02
6.370100e-02
