1.720899e-02
1.397390e-02
1.083312e-02
3.014239e-02
8.248454e-03
1.856367e-02
1.509367e-02
1.878870e-02
2.443175e-02
1.939291e-02
-2.213751e-03
4.692539e-03
-4.358130e-03
1.242954e-02
-9.560835e-04
-2.125637e-02
7.969359e-03
-2.187262e-02
-1.320370e-02
-1.137781e-02
4.516494e-03
-1.403535e-02
-6.461735e-03
-7.228241e-03
-1.030796e-03
-1.518832e-02
-6.594772e-03
-3.853604e-03
4.182535e-04
-9.659939e-03
3.376829e-03
1.381853e-02
1.709970e-03
-1.052746e-02
6.182695e-03
-1.959595e-02
6.860728e-03
5.000573e-03
5.789399e-03
1.289212e-03
-2.038089e-02
-1.724596e-02
-2.465311e-02
-1.449504e-02
-3.752491e-02
3.392679e-03
-2.949122e-02
-1.917276e-02
-1.762672e-02
-6.151444e-02
6.127524e-02
6.504989e-02
