1.166288e-02
1.601460e-02
2.828898e-02
2.172882e-02
1.480608e-03
2.339576e-02
8.643904e-03
7.718949e-03
7.081231e-03
2.497647e-02
-2.461471e-02
2.369749e-03
-1.114686e-02
2.312727e-03
1.393918e-03
-1.528017e-02
2.965958e-03
1.049896e-03
4.844601e-03
-4.526750e-03
-1.033809e-02
2.766819e-03
2.455338e-03
-6.428488e-03
-1.128455e-02
-2.795336e-03
-1.247838e-02
1.012921e-02
3.222310e-03
6.551425e-03
2.348612e-04
-1.132706e-02
-8.052246e-03
7.463944e-03
-8.724312e-03
8.979172e-03
5.490787e-03
-1.094556e-02
3.027303e-03
6.298189e-03
-2.610941e-02
-2.181209e-02
-1.677707e-02
-1.658375e-02
-2.147112e-02
-4.145236e-02
2.881673e-03
-8.752754e-03
-8.606573e-03
-1.344250e-02
7.812285e-02
9.366285e-02
