3.327120e-03
1.293472e-02
1.537631e-02
1.770241e-02
1.446545e-02
7.936914e-03
1.327227e-02
1.650194e-02
1.167179e-02
2.522651e-02
5.672741e-04
-2.885260e-03
9.711051e-03
-2.776512e-03
-9.631712e-03
3.545370e-03
4.385188e-03
8.163291e-03
1.700825e-03
-4.003387e-04
-7.730348e-03
4.128561e-04
4.115925e-04
-3.493433e-03
-7.933402e-03
-9.718328e-03
2.230146e-04
3.143416e-03
5.015992e-03
2.274376e-03
-9.644531e-03
7.984294e-03
1.706827e-03
-6.870647e-03
1.435136e-02
2.391521e-03
1.168792e-02
-1.472705e-02
-1.340130e-02
6.041740e-03
-2.253838e-02
-1.612024e-02
-1.784781e-02
-3.153775e-02
-2.424716e-02
-2.271388e-02
-3.369776e-02
-1.669983e-02
-4.763354e-02
-3.024444e-02
7.790029e-02
9.033147e-02
