2.518593e-02
1.536038e-02
1.614655e-02
4.654136e-03
9.887021e-03
1.616377e-02
1.961804e-02
2.719313e-02
1.872829e-02
1.128665e-02
-5.458132e-03
-3.336037e-03
1.236995e-02
6.949364e-03
-3.509163e-03
4.700231e-03
1.855357e-03
-7.996282e-03
9.582056e-03
2.123302e-03
-8.928106e-03
-4.272780e-03
6.554654e-03
-1.861985e-03
7.114501e-03
1.011987e-02
-3.988855e-03
-1.451073e-02
-8.988405e-04
1.430006e-03
-8.556780e-04
-3.826125e-03
7.374235e-03
-1.058790e-02
-5.405727e-03
4.193968e-03
-2.680619e-03
-2.410773e-02
-1.699626e-02
5.211906e-03
-2.114561e-02
-2.573126e-02
-1.511013e-02
-1.032965e-02
-9.241419e-02
-4.450433e-02
-1.336494e-02
-2.851847e-02
-3.806978e-02
-2.178985e-02
5.128693e-02
4.886838e-02
