1.809145e-02
1.246294e-02
8.986301e-03
3.347399e-02
6.183573e-03
1.824149e-02
1.219404e-02
9.648754e-03
2.080344e-02
1.978247e-02
2.048903e-03
3.725668e-03
8.044785e-03
1.202011e-02
-6.046511e-03
-9.223948e-03
8.115639e-03
-1.283248e-02
-1.102136e-02
-9.606961e-03
-1.829606e-03
-1.372241e-02
-3.386114e-04
-1.196355e-02
-5.483405e-03
-1.350553e-02
-7.017069e-03
9.582123e-04
2.123190e-03
-1.459643e-02
6.317463e-03
1.535152e-02
1.568667e-03
5.242178e-03
5.289243e-03
-2.026736e-02
8.155356e-03
3.622129e-03
4.876954e-03
3.590585e-03
-1.551889e-02
-1.163152e-02
-2.478546e-02
-2.350596e-02
-3.342579e-02
5.318861e-03
-3.559764e-02
-1.426233e-02
-1.582391e-02
-4.102911e-02
6.568242e-02
6.479402e-02
