8.045199e-03
1.389363e-02
1.670498e-02
2.718481e-02
8.772466e-03
1.639877e-02
1.472519e-02
8.408625e-03
5.999959e-03
1.757364e-02
-2.095466e-03
8.894296e-03
3.880208e-03
1.149851e-02
-1.778852e-03
-1.415296e-03
-3.398642e-03
2.726043e-02
5.981956e-03
-1.125626e-02
-7.028110e-03
-1.206351e-02
2.340440e-03
9.306898e-03
-1.303390e-02
-7.746529e-03
-3.818778e-03
1.571039e-02
-9.401536e-04
4.878937e-03
-7.374713e-03
-1.487267e-02
8.274849e-03
-1.202186e-02
2.834068e-03
-1.955531e-03
-1.175619e-02
8.162223e-03
2.701735e-03
-4.812224e-02
-1.458627e-02
-3.028563e-02
-8.732400e-03
-2.336284e-02
-1.018938e-02
-1.571416e-02
-2.323066e-02
-2.711922e-02
-4.702807e-03
-2.012600e-02
1.096088e-01
1.056213e-01
