1.822705e-03
1.383534e-02
1.699907e-02
1.636842e-02
1.564564e-02
1.024872e-02
1.196562e-02
1.291576e-02
1.595299e-02
2.924653e-02
2.065018e-03
-6.739772e-03
-2.662354e-03
-4.033257e-03
-1.126937e-02
4.921404e-03
5.618175e-03
4.193635e-03
2.157121e-03
-1.211593e-03
1.233194e-03
-8.448190e-04
4.058137e-04
-1.870750e-03
-8.111867e-03
-7.481497e-03
1.373561e-04
2.298279e-03
1.968821e-03
7.255709e-04
-6.636167e-03
6.416176e-03
4.109892e-04
-5.552281e-03
1.266733e-02
2.864779e-03
9.779316e-03
-1.460837e-02
-1.771041e-02
4.998510e-03
-3.203812e-02
-1.099237e-02
-1.046661e-02
-2.357022e-02
-2.185817e-02
-2.152667e-02
-2.472069e-02
-1.671192e-02
-5.923746e-02
-3.469078e-02
9.540819e-02
1.007050e-01
