2.016444e-02
1.600073e-02
4.287760e-03
1.843069e-02
-8.639353e-03
7.907618e-03
2.009569e-02
1.890289e-02
1.731384e-02
1.621792e-02
-2.376699e-02
-6.385947e-03
-2.821016e-04
7.788466e-03
-1.284328e-03
-1.127559e-02
-1.222361e-02
2.695770e-03
-1.024463e-02
1.086828e-03
-5.374319e-03
-3.424923e-03
-1.303611e-02
-9.625107e-03
-5.940324e-03
-1.791852e-02
-1.058746e-04
2.715275e-03
3.791241e-03
2.314326e-03
-4.256198e-03
-9.063551e-03
2.941873e-03
8.369193e-03
-4.778709e-03
-1.026896e-02
2.196536e-03
-1.495745e-02
-4.114635e-03
-6.310442e-03
-2.023612e-02
-1.956555e-02
-2.803618e-02
-2.350488e-02
-8.443172e-03
-1.928528e-02
-1.090686e-02
-3.948166e-03
-3.378348e-02
-1.389175e-02
9.244465e-02
6.530806e-02
