2.120697e-02
1.494097e-02
4.721074e-03
1.603504e-02
-1.014184e-02
9.658650e-03
1.947493e-02
1.776587e-02
1.699471e-02
1.444634e-02
-2.056794e-02
-6.441103e-03
-9.142275e-04
7.618440e-03
-2.763909e-06
-9.320057e-03
-1.228449e-02
7.769038e-04
-9.077181e-03
-2.648772e-04
-4.318155e-03
-4.123073e-03
-1.150590e-02
-8.420630e-03
-5.037896e-03
-1.497015e-02
1.684589e-03
1.291063e-03
-4.503038e-04
3.582147e-03
-3.729138e-03
-9.564041e-03
-1.464647e-03
7.723604e-03
-5.046709e-03
-9.376331e-03
3.184430e-03
-1.363599e-02
-4.817391e-03
-8.199238e-03
-2.197098e-02
-1.983758e-02
-2.692075e-02
-2.263921e-02
-7.635687e-03
-1.954898e-02
-7.960338e-03
-4.338964e-03
-3.683105e-02
-1.607072e-02
8.867698e-02
6.496501e-02
