1.617306e-02
1.584803e-02
7.199403e-03
2.765652e-02
8.588264e-03
1.609315e-02
1.263411e-02
1.113390e-02
2.064103e-02
1.932426e-02
-1.051512e-03
1.167886e-03
-2.648780e-03
1.448883e-02
-2.133004e-03
-1.078575e-02
9.530491e-03
-1.416790e-02
-1.631871e-02
-6.895667e-03
-4.215809e-03
-9.908761e-03
-1.645847e-03
-1.408827e-02
-3.000156e-03
-1.281496e-02
-3.658440e-03
-2.836701e-03
4.916808e-03
-1.447474e-02
7.381517e-03
1.204148e-02
-4.298690e-03
1.392801e-03
6.044588e-03
-1.436309e-02
8.293595e-03
4.480526e-03
8.231408e-03
2.064541e-03
-1.443340e-02
-1.248298e-02
-2.321047e-02
-1.767990e-02
-3.298231e-02
-1.852502e-03
-3.588525e-02
-1.818175e-02
-2.037312e-02
-3.634267e-02
7.951115e-02
7.088372e-02
