1.780174e-02
1.466509e-02
2.555825e-02
3.639123e-02
9.064815e-03
2.155633e-02
7.590943e-03
2.214146e-02
1.203281e-02
9.639024e-03
-9.552340e-03
2.376059e-02
4.546195e-03
-6.834472e-04
-2.839968e-03
-8.770585e-03
1.531023e-04
-2.888773e-02
-1.548728e-02
-4.764532e-03
6.889915e-03
-2.566530e-02
5.298904e-03
-1.565160e-03
-2.976873e-05
-1.623448e-03
-4.584968e-03
-5.568834e-03
6.386898e-03
3.794961e-04
1.273198e-02
1.294916e-02
-3.063682e-03
7.215664e-03
-1.442605e-02
-1.468791e-02
-3.275129e-03
-1.952395e-03
5.839064e-03
-1.189198e-03
-1.801435e-02
-1.044089e-02
-5.606337e-03
-1.324268e-02
-1.159185e-02
-2.769412e-02
-2.680348e-02
-2.293451e-04
-2.543892e-02
-1.660110e-02
5.743379e-02
5.947101e-02
