1.355411e-02
1.966330e-02
1.137053e-02
1.306860e-02
1.322758e-02
2.021203e-02
3.029197e-02
2.095705e-02
1.565952e-02
1.953258e-02
-1.629398e-02
-4.669207e-04
-1.660790e-03
-4.127822e-03
7.243687e-03
6.968629e-04
-1.165225e-02
-2.516619e-03
8.898246e-03
-1.492390e-02
-1.439924e-02
-5.894159e-03
-1.837434e-02
-2.261462e-03
-6.423762e-03
-2.160683e-02
-3.840630e-03
-8.240364e-03
3.673927e-03
2.381636e-03
-5.475418e-02
1.007306e-02
7.328232e-03
-1.441773e-02
-1.335804e-03
9.099596e-03
7.607188e-05
-6.298521e-03
5.352736e-03
-1.899518e-02
-2.242428e-02
-3.167537e-02
-2.832174e-02
-3.045281e-02
-1.069438e-02
-3.688350e-02
-6.564424e-03
-2.138429e-02
-2.317438e-02
2.965381e-03
8.203247e-02
9.838319e-02
