1.523956e-02
2.025190e-02
2.390941e-02
1.394725e-02
-2.117909e-02
2.591688e-02
1.849416e-02
1.501564e-02
2.161578e-02
1.524417e-02
2.943475e-03
4.331623e-03
2.782357e-03
1.214538e-03
-2.122204e-02
6.072143e-03
-2.652599e-03
2.299963e-03
-1.779010e-02
3.365482e-03
-1.958399e-04
-1.435543e-02
1.907865e-03
9.256110e-03
9.443014e-04
-4.543270e-03
2.793987e-03
1.066144e-02
-5.148430e-03
1.760284e-03
-3.332846e-03
-1.134223e-02
5.977938e-03
-2.893640e-03
-1.116918e-02
6.569376e-04
-1.956363e-02
-7.844358e-03
1.673798e-02
-3.382298e-03
-1.546709e-02
-5.988413e-03
-1.673622e-02
-1.246871e-02
-2.257527e-02
-2.473771e-02
-3.065843e-02
-2.381595e-02
5.121756e-04
-1.422674e-02
6.714662e-02
6.641612e-02
