1.417607e-02
1.703245e-02
-1.341603e-02
6.096021e-02
1.227959e-02
1.346082e-02
1.496419e-02
2.909683e-02
1.218105e-02
2.330802e-02
-7.567478e-03
6.519621e-03
3.711582e-03
6.295438e-03
-7.047272e-03
-7.744621e-04
7.590984e-03
-1.258919e-02
-2.090093e-03
1.113781e-03
-9.126184e-04
-1.136756e-02
5.577705e-03
4.814037e-03
6.490764e-03
2.278868e-03
-6.430839e-03
6.160824e-03
-5.049532e-02
-6.923294e-04
-5.366935e-03
2.713356e-03
-7.189386e-03
2.543251e-03
-4.181471e-03
-7.795838e-03
-1.841930e-02
-1.421016e-02
-7.897667e-03
-2.987425e-03
-1.220487e-02
-1.561364e-02
-1.574540e-02
-7.759557e-03
-4.962691e-02
-2.660543e-02
-1.298970e-02
-6.200337e-03
-1.064359e-02
-2.194177e-02
5.407053e-02
6.207972e-02
