1.678925e-02
1.549116e-02
2.754236e-02
3.391980e-02
7.586550e-03
2.063781e-02
5.313914e-03
2.079107e-02
1.132349e-02
4.115876e-03
-9.678753e-03
3.027873e-02
8.150868e-03
-3.981653e-03
-3.292452e-03
-7.721305e-03
1.843457e-03
-4.112265e-02
-1.519485e-02
-4.480759e-03
1.055153e-02
-2.934454e-02
5.346122e-03
-8.344321e-04
1.654240e-03
-1.300513e-02
-5.682931e-03
1.168713e-04
2.797209e-03
-7.295957e-04
1.323007e-02
6.628871e-03
-6.047047e-03
6.665345e-03
-1.978673e-02
-1.683341e-02
-9.094711e-03
-4.780162e-03
3.663755e-03
-4.069253e-03
-1.811853e-02
-8.948414e-03
-6.814251e-03
-1.136447e-02
-8.890004e-03
-3.331743e-02
-8.560379e-03
7.127976e-03
-5.463706e-02
-2.163422e-02
5.966402e-02
5.810005e-02
