-5.152176e-03
1.562363e-02
1.849836e-02
2.017314e-02
1.706451e-02
8.177162e-03
1.176904e-02
1.703219e-02
1.628358e-02
2.416247e-02
-7.968708e-03
-6.669297e-04
7.283091e-03
-4.147787e-03
-1.053542e-02
1.111914e-03
4.289551e-03
8.288082e-03
-8.866090e-04
1.129771e-03
-1.294668e-02
-1.107396e-04
1.789247e-03
-4.876753e-03
-6.463082e-03
-1.144655e-02
-7.039635e-03
1.325070e-03
6.648940e-03
1.449563e-03
-5.002777e-03
1.062947e-02
-4.637875e-03
-6.570298e-03
1.213053e-02
2.426154e-03
8.716152e-03
-1.654596e-02
-1.459409e-02
5.191843e-03
-2.745936e-02
-1.736847e-02
-1.055306e-02
-2.742176e-02
-4.794650e-03
-1.005103e-02
-2.471450e-02
-1.885876e-02
-5.418207e-02
-2.948748e-02
8.874386e-02
1.088674e-01
