6.909369e-03
1.400475e-02
1.721460e-02
2.579055e-02
9.544657e-03
1.640506e-02
1.118503e-02
8.459862e-03
5.864368e-03
1.786459e-02
-2.338098e-03
6.526998e-03
2.716714e-03
9.004930e-03
-3.067139e-03
-1.466956e-03
-6.832843e-03
2.778113e-02
5.872742e-03
-1.478455e-02
-1.496508e-03
-1.253629e-02
3.715602e-03
1.232501e-02
-1.359826e-02
-4.949098e-03
-3.560213e-03
1.568420e-02
-3.365357e-03
7.889267e-03
-8.103928e-03
-1.417666e-02
8.006004e-03
-1.470835e-02
2.786821e-03
3.843218e-03
-2.042776e-02
9.113102e-03
3.031579e-03
-5.904568e-02
-1.600653e-02
-3.228503e-02
-1.184226e-02
-2.084562e-02
-1.206281e-02
-1.532862e-02
-2.724707e-02
-2.343327e-02
-3.122807e-03
-1.771244e-02
7.968851e-02
8.673133e-02
