1.404070e-02
1.408103e-02
2.116351e-02
1.269102e-02
1.247287e-02
2.797738e-02
1.429545e-02
1.534864e-02
2.034828e-02
8.548587e-03
-1.665873e-02
6.304831e-03
-5.568011e-03
-3.915569e-02
8.704530e-04
2.098253e-03
-4.174216e-03
8.681704e-03
7.125219e-03
-5.793878e-04
2.185027e-03
7.774190e-03
-1.528779e-02
-3.771777e-03
-1.981235e-02
-1.422101e-02
-2.437694e-03
-2.383188e-03
-8.101556e-03
4.093686e-03
-1.867259e-02
9.593312e-03
5.618624e-03
-6.346341e-03
-1.460435e-03
-2.872144e-03
3.344353e-03
6.321257e-03
6.749232e-03
-1.829612e-02
-3.917762e-02
-3.199591e-02
-2.168586e-02
-1.623105e-02
-8.106398e-03
-3.522026e-02
-6.565734e-03
-1.436593e-02
-2.134811e-02
-7.668050e-03
5.677032e-02
6.145770e-02
