2.541744e-02
1.833570e-02
1.960057e-02
1.221926e-02
1.151232e-02
1.477136e-02
1.764487e-02
2.641597e-02
1.292963e-02
9.505359e-03
5.805694e-04
-3.504691e-03
1.146335e-02
5.265522e-03
-3.772841e-03
6.084323e-03
-7.419951e-03
-6.997502e-03
1.025309e-02
3.080978e-03
-1.192099e-02
-7.921410e-04
5.197282e-03
-3.627210e-03
7.820403e-03
8.756705e-03
2.369506e-03
6.300125e-03
-6.093871e-03
-3.035699e-03
1.192217e-03
-1.931602e-02
3.268874e-03
-1.971349e-02
4.729315e-03
5.712163e-03
7.842106e-03
-1.287513e-02
-1.209710e-02
9.025746e-03
-1.551782e-02
-1.744596e-02
-1.932707e-02
-1.283693e-02
-3.634331e-02
-4.047969e-02
-3.256604e-02
-1.911681e-02
-2.169634e-02
-1.694515e-02
8.687645e-02
7.559891e-02
