1.295200e-02
2.083992e-02
2.550844e-02
1.981216e-02
-2.620882e-02
2.510725e-02
1.588191e-02
1.649398e-02
1.197419e-02
1.506347e-02
1.845428e-03
1.088788e-02
-2.522649e-03
7.278840e-04
-2.394381e-02
-3.759488e-03
-4.313552e-03
-3.401637e-03
-1.351020e-02
8.009435e-04
5.957344e-04
-1.621719e-02
4.813586e-03
8.346515e-03
1.201866e-03
1.450758e-04
3.821088e-03
9.501829e-03
2.566879e-03
1.114497e-03
-7.104039e-03
-6.014677e-03
1.240436e-02
-6.442804e-03
-2.044448e-02
4.262308e-03
-1.502422e-02
-1.584725e-02
1.122007e-02
-9.985147e-03
-1.187539e-02
-8.595285e-03
-1.878155e-02
-1.221122e-02
-1.749175e-02
-2.006262e-02
-2.746915e-02
-1.699314e-02
-2.093074e-03
-1.126832e-02
8.031908e-02
6.796427e-02
