1.181727e-02
1.271728e-02
2.465849e-02
1.477478e-02
1.064549e-02
2.153219e-02
1.576501e-02
1.126836e-02
1.852514e-02
7.670512e-03
-9.687899e-03
1.802245e-02
-1.027423e-03
-1.926755e-02
3.353850e-04
3.699549e-03
-3.433648e-03
8.552334e-03
-3.818489e-04
-2.807780e-04
2.101214e-03
4.723610e-03
3.111312e-03
-1.255543e-03
-2.000006e-02
-6.697014e-03
4.426416e-04
4.942242e-03
2.053778e-04
7.281983e-03
-9.830196e-03
9.145963e-03
5.952446e-03
-2.024162e-03
-6.905918e-03
-3.890601e-04
3.549012e-03
2.967098e-03
6.038088e-03
-5.158493e-03
-1.789636e-02
-3.942441e-02
-2.834882e-02
-1.416028e-02
-1.021818e-02
-2.502635e-02
-1.027514e-02
-9.843470e-03
-1.681959e-02
-9.236103e-03
8.521488e-02
6.173763e-02
