1.055523e-02
1.585062e-02
2.318076e-02
2.305330e-02
1.118046e-02
2.427614e-02
1.787508e-02
2.021245e-02
1.783842e-02
6.512988e-03
-6.825179e-03
6.835959e-03
-2.019104e-03
-1.329717e-02
8.244122e-04
4.642618e-03
2.553808e-03
8.467592e-03
2.729097e-03
1.755975e-03
4.693374e-03
7.871626e-03
6.540596e-03
-1.768702e-03
-2.678729e-02
-3.611501e-03
4.291504e-04
2.815797e-03
-6.301892e-03
9.063647e-03
-1.308218e-02
1.002104e-02
7.654199e-03
-5.620523e-03
-3.021209e-03
-4.755082e-03
3.941187e-03
4.871551e-03
8.731899e-03
2.698939e-03
-2.484103e-02
-4.704180e-02
-1.981060e-02
-1.424736e-02
-1.474593e-02
-2.483048e-02
-1.871841e-02
-1.488698e-02
-1.788092e-02
-1.376488e-02
7.438988e-02
6.280288e-02
