1.374418e-02
2.146532e-02
2.692530e-02
2.011091e-02
-2.846501e-02
2.622339e-02
1.612889e-02
1.549767e-02
1.499637e-02
1.609933e-02
2.387657e-03
1.091197e-02
-6.555325e-04
5.286338e-04
-2.174429e-02
3.265261e-03
-2.913171e-03
-1.972291e-03
-1.594035e-02
4.020959e-03
3.688810e-04
-1.976436e-02
4.851728e-03
8.183288e-03
7.498716e-04
-2.876571e-04
2.905329e-03
1.051638e-02
4.097327e-04
2.706139e-03
-7.170653e-03
-7.271382e-03
1.069222e-02
-4.401501e-03
-2.571743e-02
4.297770e-03
-1.696519e-02
-1.517962e-02
1.329594e-02
-8.478263e-03
-1.257746e-02
-8.731491e-03
-1.936423e-02
-1.388996e-02
-1.923265e-02
-2.093329e-02
-3.431174e-02
-1.810018e-02
-2.750380e-03
-1.369889e-02
8.385211e-02
6.830918e-02
