1.676047e-02
1.704777e-02
8.745455e-03
3.004684e-02
1.004593e-02
1.838310e-02
1.225576e-02
1.388447e-02
1.698598e-02
2.108058e-02
-1.429569e-03
2.737251e-03
-4.252590e-03
1.518471e-02
-2.141596e-03
-1.276263e-02
9.471829e-03
-1.651140e-02
-1.260899e-02
-8.100116e-03
-4.741390e-03
-1.129617e-02
-1.147081e-03
-1.240822e-02
-2.668410e-03
-8.104097e-03
-5.979166e-03
-8.581075e-03
2.990930e-03
-1.567009e-02
7.648699e-03
1.244727e-02
-9.432375e-03
1.986882e-03
5.337526e-03
-1.444466e-02
1.206927e-02
5.484791e-03
7.709248e-03
4.450296e-04
-1.458462e-02
-9.039935e-03
-2.562916e-02
-1.203670e-02
-4.345040e-02
-5.234855e-03
-3.356696e-02
-1.633815e-02
-1.742398e-02
-2.962264e-02
6.734898e-02
6.413742e-02
