1.588258e-02
1.217938e-02
3.366268e-03
1.098259e-02
2.028012e-02
2.632210e-02
1.946197e-02
2.173753e-02
1.581052e-02
1.767725e-02
-1.414451e-02
4.377516e-03
3.447084e-03
-7.568928e-04
8.254917e-03
8.163204e-03
-1.410357e-02
-2.926402e-03
5.405627e-03
-1.937561e-02
-5.386371e-03
-5.084065e-03
-8.385643e-03
1.089111e-02
3.104910e-03
-1.484709e-02
-7.705904e-03
-4.528328e-03
6.583678e-03
1.052155e-03
-4.938297e-02
4.563452e-03
3.346909e-03
-7.733577e-03
-5.017061e-03
9.939026e-03
4.824217e-03
-5.398653e-03
3.286293e-03
-1.326781e-02
-1.834168e-02
-1.085200e-02
-3.477320e-02
-2.248900e-02
-1.060734e-02
-2.182494e-02
-9.492264e-03
-1.756177e-02
-1.059361e-02
-5.091536e-04
1.094678e-01
9.100948e-02
