2.034380e-02
1.373231e-02
6.467741e-03
1.351515e-02
-1.051393e-02
1.013952e-02
1.935991e-02
1.734068e-02
1.744261e-02
1.592057e-02
-2.144343e-02
-8.503819e-03
5.717994e-03
8.220572e-03
1.302323e-03
-1.015479e-02
-1.004537e-02
9.862523e-04
-4.741832e-03
-1.621913e-03
-3.434145e-03
-4.315463e-03
-9.123768e-03
-5.820840e-03
-5.641598e-03
-1.533722e-02
5.196123e-03
1.738701e-03
1.803914e-05
3.679259e-03
-3.984240e-03
-9.728053e-03
-4.589112e-03
7.383036e-03
-6.941232e-03
-6.104211e-03
1.491082e-03
-1.340988e-02
-7.915139e-03
-2.651003e-03
-1.972548e-02
-2.202794e-02
-2.976553e-02
-1.604402e-02
-9.885318e-03
-1.401355e-02
-9.363482e-03
-5.240405e-03
-3.192615e-02
-1.913997e-02
8.844083e-02
6.542963e-02
