2.250451e-03
1.333685e-02
4.720827e-03
8.488515e-03
1.833364e-02
2.601758e-02
2.500382e-02
2.183275e-02
1.184903e-02
1.136631e-02
-2.688121e-02
-1.961436e-04
-1.170761e-03
-4.608559e-03
5.903856e-03
5.247300e-03
-1.013786e-02
2.691427e-03
1.274942e-02
-2.623613e-02
-2.060188e-02
-3.248776e-03
-3.279630e-03
5.646015e-03
1.661963e-03
-4.953228e-03
-2.407868e-02
-1.051328e-02
1.178834e-03
2.658488e-03
-7.843232e-02
9.798908e-03
1.836455e-03
-5.871626e-03
1.431931e-04
-1.990522e-03
3.071723e-03
-8.158726e-03
1.045252e-02
-1.285214e-02
-3.410157e-02
-4.542499e-02
-2.965950e-02
-1.897790e-02
-2.193684e-02
-8.130051e-03
-7.029284e-03
-2.234001e-02
4.298414e-04
-1.491523e-03
5.152602e-02
5.137621e-02
