1.633417e-02
1.561535e-02
8.661046e-03
2.723691e-02
7.024759e-03
1.761559e-02
1.055919e-02
1.229328e-02
1.792031e-02
2.116851e-02
-9.476279e-04
1.829699e-03
2.930487e-03
1.183491e-02
-1.877427e-03
-1.298244e-02
8.976809e-03
-1.471843e-02
-2.032826e-02
-9.558742e-03
-8.414081e-03
-1.033257e-02
-1.985158e-03
-1.428891e-02
-5.676191e-03
-1.206488e-02
-2.076626e-03
-3.002735e-03
2.806190e-03
-1.537187e-02
6.191698e-03
1.200067e-02
-6.309441e-03
2.453248e-03
4.056819e-03
-1.419184e-02
1.149774e-02
4.465188e-03
6.342151e-03
3.226619e-03
-1.312065e-02
-1.188269e-02
-2.492134e-02
-1.150041e-02
-4.051788e-02
-9.424988e-05
-3.233540e-02
-2.104382e-02
-1.831943e-02
-3.436913e-02
8.049852e-02
7.417245e-02
