1.061038e-02
1.631394e-02
2.384573e-02
2.358501e-02
1.097633e-02
2.459436e-02
1.910844e-02
1.835308e-02
1.904389e-02
8.315915e-03
-6.702822e-03
1.199749e-02
-1.729948e-03
-1.419574e-02
-1.118894e-03
4.481723e-03
2.911118e-03
1.082788e-02
3.022435e-03
6.225814e-04
4.366171e-03
8.329219e-03
9.674571e-03
-7.895892e-04
-2.455980e-02
-7.302475e-03
1.559777e-03
5.696647e-03
-2.296628e-03
9.365276e-03
-1.064908e-02
1.222506e-02
6.998067e-03
-3.552168e-03
-2.433183e-03
-2.900464e-03
3.411291e-03
4.119126e-03
7.395142e-03
-2.326646e-03
-1.858382e-02
-3.691668e-02
-2.234924e-02
-1.339931e-02
-1.106530e-02
-2.447854e-02
-2.037392e-02
-1.578071e-02
-1.709499e-02
-1.032719e-02
8.138025e-02
6.378859e-02
