2.209893e-02
1.390885e-02
3.210352e-03
2.243402e-02
-7.558202e-03
1.245672e-02
2.122874e-02
2.064210e-02
2.448659e-02
1.208792e-02
-1.955090e-02
-4.439344e-04
-9.757937e-03
6.099401e-03
-1.414217e-03
-1.030094e-02
-1.846780e-02
-2.217122e-03
-1.626853e-02
3.128256e-04
-5.091090e-03
-1.170782e-03
-4.342383e-03
-1.408202e-02
-5.088985e-03
-1.277629e-02
1.791393e-02
3.068647e-03
-6.499488e-03
5.937025e-03
-2.299606e-03
-1.079156e-02
-2.341464e-03
1.058570e-02
-1.619378e-02
-4.149041e-03
2.674360e-03
-1.425230e-02
-9.473625e-03
-1.188260e-02
-3.200400e-02
-1.432011e-02
-2.986992e-02
-1.534014e-02
-9.320590e-03
-3.189933e-02
-8.213368e-03
-8.338898e-04
-6.120594e-02
-1.644164e-02
8.475600e-02
6.089706e-02
