1.509983e-02
2.101633e-02
1.530406e-02
1.990952e-02
-3.059578e-02
2.436127e-02
1.442892e-02
1.510051e-02
1.714598e-02
1.942683e-02
6.456950e-03
8.152433e-03
-8.773500e-03
1.581764e-03
-5.718358e-02
7.226600e-03
1.966150e-03
3.811465e-03
-2.887795e-02
1.332850e-03
-1.728853e-03
-2.274942e-02
8.933731e-04
8.140831e-03
7.467507e-04
-3.906571e-03
7.780544e-04
3.850752e-03
1.407037e-03
5.130949e-03
-6.865929e-03
-4.479131e-03
4.119971e-03
-1.541624e-03
-1.428236e-02
6.822659e-03
-2.092545e-02
-1.438230e-02
1.671378e-02
-1.902462e-02
-1.678589e-02
-6.778200e-03
-5.825701e-03
-1.423482e-02
-8.831361e-03
-1.702877e-02
-3.608959e-02
-1.716253e-02
-1.208598e-03
-2.054944e-02
5.305623e-02
5.707861e-02
