1.321640e-02
1.897572e-02
2.899504e-02
2.163229e-02
-3.534694e-02
2.661035e-02
1.892387e-02
1.630772e-02
9.909899e-03
1.784331e-02
1.825507e-03
9.767303e-03
-3.980899e-03
-2.027646e-03
-2.921366e-02
-1.202630e-02
-1.422452e-03
-1.391055e-03
-1.637665e-02
-3.493016e-03
-2.593610e-04
-1.487443e-02
6.446983e-03
8.060811e-03
9.542612e-04
-2.690936e-04
6.369728e-03
1.146667e-02
2.673475e-04
-8.011300e-04
-6.645836e-03
-6.556240e-03
1.487328e-02
-1.093714e-02
-9.112849e-03
3.507442e-03
-2.343991e-02
-2.281326e-02
1.228874e-02
-1.026048e-02
-1.129776e-02
-1.040647e-02
-2.315817e-02
-1.506803e-02
-2.019894e-02
-1.645310e-02
-2.279983e-02
-2.511260e-02
-5.333851e-03
-1.497327e-02
7.534376e-02
5.940324e-02
