2.326717e-02
1.564071e-02
1.774948e-02
1.155637e-02
1.053018e-02
1.235546e-02
1.423460e-02
2.248298e-02
1.111503e-02
7.009625e-03
-8.833619e-04
-7.113732e-03
1.110853e-02
7.922702e-03
-2.556515e-03
4.664209e-03
-8.905222e-03
-6.866215e-03
1.072915e-02
-1.839206e-03
-1.232948e-02
-3.885854e-03
4.125152e-03
-3.449804e-03
3.387594e-03
8.971214e-03
1.467748e-03
-2.914632e-03
-8.574835e-03
-1.222751e-03
1.634657e-03
-1.699469e-02
2.787433e-03
-1.585009e-02
3.874740e-04
3.801267e-03
4.021894e-03
-1.290198e-02
-1.818956e-02
6.229668e-03
-1.552217e-02
-2.262697e-02
-2.096779e-02
-8.221774e-03
-4.405974e-02
-5.198881e-02
-1.328230e-02
-1.585624e-02
-2.030687e-02
-1.979682e-02
4.289823e-02
4.820524e-02
