-3.697686e-03
1.225679e-02
1.819432e-02
1.433962e-02
1.529580e-02
9.331123e-03
1.095643e-02
1.734704e-02
1.406376e-02
2.218626e-02
-1.472895e-03
-1.115146e-02
-6.006897e-03
-1.539934e-03
-2.278978e-02
4.830065e-03
3.330112e-03
4.662421e-03
2.907504e-03
2.784481e-04
-9.440070e-03
-3.334708e-03
-4.072125e-04
-4.193511e-03
-1.220172e-02
-5.134790e-03
-9.122070e-04
4.065918e-03
-4.016930e-04
1.713860e-04
-2.589282e-03
3.668329e-03
-5.202198e-03
-3.853530e-03
1.828102e-02
4.105839e-03
1.311467e-02
-1.569752e-02
-2.033090e-02
5.421824e-03
-3.916217e-02
-1.969383e-02
-1.514638e-02
-2.696494e-02
-3.160599e-02
-2.573817e-02
-2.704203e-02
-1.011291e-02
-1.164494e-01
-3.944579e-02
5.135789e-02
8.717364e-02
