1.657818e-02
2.194100e-02
2.574459e-02
3.818032e-02
9.545710e-03
2.091877e-02
1.011757e-02
2.243817e-02
1.193599e-02
7.326554e-03
-5.246655e-03
2.543071e-02
4.793673e-03
-1.501545e-03
4.717443e-04
-1.129806e-02
3.394836e-03
-3.041327e-02
-1.461754e-02
-4.580054e-04
5.125889e-03
-2.953056e-02
2.642028e-03
-5.601688e-03
8.434383e-05
-1.362724e-03
-1.066407e-03
-6.812447e-03
5.424236e-03
-1.047620e-03
1.173764e-02
1.042095e-02
-1.737389e-03
5.969551e-03
-1.509731e-02
-1.412791e-02
-5.148115e-03
1.893302e-03
1.067353e-03
-1.701533e-03
-2.274429e-02
-1.002452e-02
-9.279034e-03
-1.087250e-02
-8.131642e-03
-1.997242e-02
-3.259444e-02
3.773905e-04
-2.948541e-02
-1.641829e-02
6.568098e-02
6.105989e-02
