2.449018e-02
2.010393e-02
-2.746501e-03
2.376594e-02
-1.456759e-02
1.381856e-02
2.100304e-02
2.117607e-02
1.661261e-02
1.785589e-02
-2.703557e-02
-1.025258e-02
-4.169840e-03
1.111277e-02
-1.520842e-03
-1.585062e-02
-2.016911e-02
2.993207e-03
7.058843e-04
3.503737e-03
-5.618137e-03
-2.915438e-03
-1.487657e-02
-1.083833e-02
-4.407965e-03
-1.014273e-02
3.875652e-03
2.992966e-03
-4.836298e-03
5.437600e-03
-5.447168e-03
-1.178663e-02
-2.819572e-03
3.553841e-03
-6.687204e-03
-1.278967e-02
3.134049e-03
-1.318804e-02
-5.549883e-03
-2.281805e-02
-2.904095e-02
-2.174801e-02
-2.764648e-02
-2.074225e-02
-6.591398e-03
-2.908320e-02
-7.497644e-03
-3.463527e-03
-1.262118e-02
-1.874054e-02
9.375079e-02
6.768896e-02
