7.341320e-03
1.474011e-02
1.618920e-02
2.823725e-02
8.448600e-03
1.619143e-02
1.372032e-02
8.164623e-03
6.314143e-03
1.695492e-02
-3.106209e-03
8.946085e-03
3.097610e-03
1.090876e-02
-2.261396e-03
-1.973228e-03
-6.782931e-03
2.669035e-02
6.468329e-03
-1.297356e-02
-5.568257e-03
-1.528749e-02
3.067082e-03
9.054949e-03
-1.442330e-02
-6.559151e-03
-4.771616e-03
1.572763e-02
-2.505283e-03
5.689764e-03
-6.701938e-03
-1.596747e-02
9.101429e-03
-1.388326e-02
2.904275e-03
-2.049066e-03
-1.573945e-02
9.074051e-03
2.449622e-03
-4.576890e-02
-1.458104e-02
-2.939973e-02
-9.819557e-03
-2.439373e-02
-9.899525e-03
-1.638358e-02
-2.538838e-02
-2.708328e-02
-4.262079e-03
-1.771283e-02
1.021455e-01
9.943004e-02
