1.241978e-04
1.491377e-02
1.478886e-02
1.661518e-02
1.648418e-02
8.861408e-03
1.398647e-02
1.429559e-02
1.458019e-02
2.761081e-02
1.830711e-03
-6.120369e-03
-1.290976e-03
-4.281898e-03
-1.287845e-02
6.192149e-03
3.940945e-03
5.609828e-03
6.996186e-04
1.767853e-04
-4.895040e-04
-7.982838e-04
1.451443e-03
-2.155714e-03
-7.813887e-03
-8.712983e-03
-5.040295e-04
1.583205e-03
2.847211e-03
1.980064e-04
-6.316485e-03
6.312283e-03
8.103001e-04
-5.348579e-03
1.252722e-02
2.705151e-03
9.619336e-03
-1.493550e-02
-1.886974e-02
3.874725e-03
-2.702265e-02
-1.304288e-02
-1.034097e-02
-2.535389e-02
-2.344379e-02
-2.263147e-02
-2.366415e-02
-1.658831e-02
-4.828642e-02
-3.000698e-02
8.124142e-02
1.002188e-01
