2.714972e-02
1.963558e-02
2.583219e-02
4.461713e-03
1.094360e-02
1.564188e-02
2.119483e-02
2.773631e-02
9.554899e-03
9.883025e-03
6.967656e-03
-9.444603e-03
1.138821e-02
7.440771e-03
-4.238764e-03
4.664846e-03
-7.431095e-03
-8.889489e-03
1.170273e-02
3.615026e-03
-2.422838e-02
-1.298252e-02
1.177864e-02
-5.933408e-03
1.315617e-03
1.179109e-02
2.885423e-03
-3.626855e-03
-1.238566e-02
-2.920201e-03
2.678244e-04
-2.611525e-02
-8.187648e-04
-1.501018e-02
-4.941877e-03
7.255339e-03
7.311095e-03
-2.083133e-02
-2.563746e-03
5.894076e-03
-1.662783e-02
-1.747949e-02
-5.739888e-02
-1.817599e-02
-2.000000e-01
-9.821743e-02
-4.196402e-02
-1.837309e-02
-6.179529e-03
-1.559288e-02
1.000403e-01
7.353060e-02
