2.027202e-02
1.408070e-02
-5.620177e-03
2.669597e-02
-1.241555e-02
8.084065e-03
2.161308e-02
1.501108e-02
1.639301e-02
1.295373e-02
-2.016503e-02
-1.275688e-02
-4.763266e-03
7.726270e-03
-2.969569e-03
-3.163156e-04
-1.097806e-02
8.597228e-04
-1.801176e-02
6.997079e-04
-8.347946e-03
-5.994486e-03
-1.526194e-02
-1.210716e-02
-5.678934e-03
-8.935333e-03
1.648733e-03
4.992319e-04
2.997489e-03
2.353029e-03
-6.408039e-03
-8.621980e-03
2.465117e-03
8.405432e-03
-6.601655e-03
-9.014825e-03
5.367984e-03
-8.669180e-03
-4.458853e-03
-6.899514e-03
-2.223210e-02
-2.046979e-02
-2.137482e-02
-2.349201e-02
-8.003746e-03
-2.866054e-02
-1.240918e-02
-3.034444e-03
-2.575083e-02
-1.958388e-02
6.664299e-02
3.467055e-02
