6.220702e-03
1.810105e-02
1.611130e-02
2.556807e-02
7.945877e-03
1.616719e-02
1.518409e-02
1.220956e-02
5.074357e-03
1.726009e-02
-4.244910e-03
1.171101e-02
5.604839e-03
1.025622e-02
-3.123502e-04
-1.997683e-03
-2.977184e-03
2.687474e-02
5.082316e-03
-8.361098e-03
-4.952886e-03
-1.313051e-02
5.235939e-03
9.107422e-03
-9.062884e-03
-1.290473e-02
-1.707303e-03
1.442018e-02
2.368102e-03
5.567734e-03
-9.432288e-03
-1.882159e-02
1.067427e-02
-1.404135e-02
2.534170e-03
-3.302352e-03
-1.351426e-02
6.730303e-03
2.428256e-03
-4.208572e-02
-1.445002e-02
-2.649752e-02
-7.675574e-03
-2.301261e-02
-1.054929e-02
-1.401976e-02
-2.615742e-02
-1.688186e-02
-4.283438e-03
-2.283622e-02
1.073481e-01
1.108550e-01
