2.568497e-02
1.813580e-02
1.921512e-02
1.684192e-02
1.347144e-02
1.633119e-02
1.855323e-02
2.827151e-02
1.271540e-02
1.133079e-02
-1.241547e-04
-1.008394e-02
1.308750e-02
-7.357931e-03
-2.616792e-03
5.247721e-03
-7.029819e-03
-7.241395e-03
1.142184e-02
4.947126e-05
-6.741440e-03
-1.485014e-03
5.820782e-03
-3.500235e-03
8.875346e-03
8.138301e-03
-3.785618e-04
2.275472e-03
-5.553985e-03
-4.089118e-03
-5.082272e-03
-1.114884e-02
6.288961e-03
-2.187287e-02
8.865883e-03
5.097745e-03
6.596238e-03
-9.116311e-03
-8.106313e-03
9.044576e-03
-1.620448e-02
-2.236647e-02
-2.248266e-02
-1.610318e-02
-5.229424e-02
-3.520874e-02
-3.048494e-02
-9.789184e-03
-1.640139e-02
-1.739353e-02
8.326572e-02
7.051202e-02
