1.691827e-02
1.105860e-02
7.828319e-03
8.879958e-03
2.410945e-02
3.113521e-02
2.081334e-02
2.061564e-02
1.283697e-02
1.509715e-02
-1.709982e-02
5.297485e-03
5.114390e-03
-9.391320e-04
4.271510e-03
8.049908e-03
-1.375384e-02
1.947480e-03
4.786087e-03
-2.058547e-02
-7.406236e-03
-3.252950e-03
1.449752e-03
1.113704e-03
1.576572e-03
-1.116912e-02
-3.153601e-03
-7.617906e-03
5.296140e-03
3.024895e-03
-5.175576e-02
2.928303e-03
1.871800e-03
-5.369557e-03
-2.217020e-03
1.328637e-02
2.463126e-03
-4.361523e-03
3.633360e-03
-1.852053e-02
-2.151597e-02
-2.060066e-02
-3.662146e-02
-3.494274e-02
-9.385672e-03
-2.892567e-02
-7.976181e-03
-1.946210e-02
-1.153746e-02
3.773546e-03
1.060792e-01
8.966060e-02
