1.696258e-02
1.026307e-02
8.460174e-03
1.658375e-02
2.440628e-02
3.076186e-02
2.413295e-02
2.503484e-02
1.225031e-02
1.809979e-02
-2.124825e-02
7.348945e-03
-8.923305e-04
-1.683114e-04
7.364888e-03
1.372920e-02
-3.658996e-02
6.092230e-03
7.340620e-03
-1.163833e-02
-3.015533e-03
-3.846249e-03
3.734826e-05
9.753139e-03
2.110021e-04
-2.713233e-02
6.920174e-03
-6.235392e-03
6.405507e-04
1.125668e-02
-2.989984e-02
5.247166e-03
1.208677e-02
-1.237656e-02
-1.180957e-02
2.374529e-03
8.719178e-04
-1.017368e-02
3.031539e-03
-1.985178e-02
-2.731558e-02
-1.040768e-02
-1.784890e-02
-4.225762e-02
-1.519275e-02
-2.974624e-02
-1.249699e-02
-1.270123e-02
-2.665164e-02
-7.089033e-03
9.876456e-02
9.839259e-02
