1.144620e-02
1.499679e-02
2.468098e-02
1.655411e-02
1.147414e-02
2.264866e-02
1.668288e-02
1.215719e-02
1.920649e-02
9.407573e-03
-8.137662e-03
1.787471e-02
-2.420727e-03
-1.660953e-02
2.058610e-03
3.816539e-03
9.871084e-05
7.364530e-03
1.383784e-03
5.895005e-04
2.759361e-03
5.716909e-03
6.256701e-03
-9.838819e-04
-2.078642e-02
-6.887490e-03
6.179542e-04
6.656667e-03
-1.690533e-03
7.038727e-03
-1.258469e-02
8.851088e-03
5.596713e-03
-2.455214e-03
-4.807704e-03
-2.794111e-03
4.039368e-03
2.632275e-03
7.655677e-03
-6.602723e-03
-1.679881e-02
-3.943045e-02
-2.614689e-02
-1.493725e-02
-1.066688e-02
-2.023672e-02
-1.379401e-02
-1.328181e-02
-1.826794e-02
-9.095378e-03
8.856648e-02
6.161016e-02
