1.958332e-02
1.910682e-02
1.180309e-02
2.406417e-02
1.088916e-02
2.162609e-02
1.883818e-02
1.616411e-02
2.267568e-02
1.773535e-02
6.014779e-04
3.150924e-03
3.317999e-04
2.525918e-02
-8.107785e-03
-1.660447e-02
6.228954e-03
-6.861720e-03
-7.465740e-03
-1.766688e-02
1.377287e-02
-1.012254e-02
-3.410326e-03
-1.705525e-02
5.144395e-03
-1.289867e-02
-6.529678e-03
-5.016231e-04
-1.946750e-03
-1.333456e-02
6.343635e-03
-3.477146e-04
-2.080723e-02
2.926978e-04
2.899619e-03
-2.051986e-02
9.729886e-03
1.343651e-02
4.304929e-03
1.958726e-03
-2.019997e-02
-1.089047e-02
-1.010435e-02
-1.740170e-02
-2.558829e-02
-5.552334e-03
-4.168523e-02
-4.507018e-03
-3.177726e-02
-2.890224e-02
9.032890e-02
6.594014e-02
