1.209959e-02
1.797059e-02
-1.030402e-02
5.833397e-02
1.251733e-02
1.370409e-02
1.541539e-02
2.753171e-02
1.482261e-02
2.304308e-02
-6.530596e-03
1.856782e-02
2.701702e-03
7.132946e-03
-6.827246e-03
-1.431161e-03
7.700211e-03
-1.150839e-02
-5.131075e-03
2.193525e-04
-1.579262e-03
-1.089951e-02
6.097169e-03
5.902055e-04
8.334193e-03
4.227365e-03
-5.117976e-03
3.001916e-03
-4.209445e-02
-3.616600e-04
-3.547073e-03
2.828351e-03
-3.467972e-03
2.172953e-04
-4.608486e-03
-4.996511e-03
-2.546712e-02
-1.228323e-02
-6.718610e-03
-3.514594e-03
-1.572362e-02
-1.575981e-02
-1.463497e-02
-9.700755e-03
-4.702739e-02
-2.829666e-02
-1.345778e-02
-4.942970e-03
-9.282035e-03
-1.990163e-02
5.408227e-02
5.813854e-02
