2.004869e-03
1.460291e-02
1.892865e-02
1.654533e-02
1.901479e-02
6.371301e-03
1.468100e-02
1.561333e-02
1.700640e-02
2.854835e-02
5.194773e-03
-2.502520e-03
1.625493e-02
-3.478517e-03
-7.232808e-03
7.202926e-03
2.222194e-03
8.472345e-03
1.539362e-03
-4.112264e-04
-2.666240e-03
-2.711013e-03
1.430578e-03
-6.114449e-03
-6.465626e-03
-4.815189e-03
-8.969997e-05
5.154233e-03
4.901624e-03
8.954843e-04
-1.166482e-02
5.676273e-03
3.159348e-03
-1.762913e-03
1.193999e-02
2.383415e-03
9.782847e-03
-1.632640e-02
-2.017830e-02
4.682732e-03
-2.635701e-02
-1.750322e-02
-1.105909e-02
-1.859368e-02
-3.425096e-02
-2.311938e-02
-3.274319e-02
-1.280682e-02
-4.937858e-02
-2.531152e-02
6.645307e-02
8.008098e-02
