1.266111e-02
1.381778e-02
2.917791e-02
2.154900e-02
2.657689e-03
2.205555e-02
7.823791e-03
6.638453e-03
8.501358e-03
2.987619e-02
-2.821808e-02
4.223966e-04
-9.504476e-03
3.372725e-03
5.943325e-04
-1.600355e-02
2.922310e-03
3.863788e-03
3.178759e-03
-7.066593e-03
-1.202627e-02
-6.649177e-03
4.669941e-04
-6.690234e-03
-1.122761e-02
-2.929489e-03
-1.664176e-02
1.213522e-02
3.830699e-03
6.088192e-03
3.627606e-04
-1.463581e-02
-7.796319e-03
4.302555e-03
-1.129666e-02
9.361895e-03
4.035511e-03
-7.647656e-03
4.989057e-03
7.088592e-03
-2.566084e-02
-2.288369e-02
-1.673475e-02
-1.695857e-02
-2.026043e-02
-3.283538e-02
2.163155e-03
-6.995229e-03
-1.396640e-02
-1.215729e-02
7.830372e-02
8.699221e-02
