2.060286e-02
1.628880e-02
2.152324e-02
1.684320e-02
2.132356e-02
1.901752e-02
2.240295e-02
1.623190e-02
3.631842e-02
2.430771e-02
-3.321370e-03
4.537702e-03
-3.618062e-03
3.828338e-02
5.420765e-03
-9.347205e-03
-3.207629e-03
-1.135798e-02
-6.399187e-03
-5.785905e-03
-3.294409e-03
3.304408e-03
-9.589610e-03
-4.752578e-03
7.159844e-03
5.312074e-03
7.051703e-03
-6.489485e-03
1.620212e-03
2.835839e-03
3.520340e-03
5.548584e-04
-1.968342e-02
7.434657e-03
-2.268477e-03
3.592519e-03
2.337016e-03
4.021548e-03
-2.413492e-03
-4.242798e-02
-4.625844e-02
-5.829595e-03
-1.201729e-02
-1.712982e-02
-1.174653e-02
-2.472673e-02
-2.724942e-02
-8.712966e-03
-1.326664e-02
-4.750755e-03
8.193395e-02
3.360302e-02
