1.213612e-02
1.058309e-02
3.679848e-02
2.461159e-02
2.086715e-02
2.514849e-02
-6.066913e-03
1.551200e-02
1.176218e-02
1.824453e-02
2.487041e-03
1.742337e-02
-5.611757e-03
-1.330208e-02
2.837802e-03
5.601936e-03
-4.510940e-03
2.084111e-03
-1.438219e-02
-1.096255e-02
-2.373222e-02
-1.371266e-02
-1.500395e-02
-1.345353e-02
3.182130e-03
3.323660e-03
5.978408e-03
-2.333276e-02
-8.006980e-03
-7.491745e-03
-7.866939e-03
2.878200e-03
-1.196781e-03
1.148507e-02
5.078367e-03
-1.480715e-03
2.242773e-03
-7.529010e-03
6.644780e-03
1.880921e-03
-2.576357e-02
-2.905623e-02
-2.048529e-02
-3.688208e-02
-3.254255e-02
-5.225328e-02
-6.090976e-02
-5.508378e-02
-8.774407e-02
-1.664436e-02
5.015937e-03
6.151698e-02
