2.797061e-02
1.415846e-02
1.794761e-02
4.291780e-02
1.767943e-02
2.816615e-02
2.085128e-02
1.676778e-02
1.435279e-02
9.776012e-03
-1.331051e-02
7.067104e-03
1.184996e-02
1.204218e-03
-5.328796e-03
-8.419759e-04
-2.747735e-02
-2.108767e-02
1.030377e-02
-8.084843e-03
-5.467356e-03
7.414528e-03
7.219713e-03
-8.425825e-03
-3.819250e-03
1.634577e-02
-1.203587e-02
-2.284335e-03
1.131500e-02
-1.406137e-03
-8.581315e-03
8.636304e-05
-1.270857e-03
-1.830328e-02
-6.305316e-03
1.470291e-03
7.184607e-03
4.848167e-03
4.936197e-03
8.038808e-03
-2.467667e-02
-2.432488e-02
-3.980747e-02
-1.001049e-02
-2.541007e-02
-2.023052e-04
-4.058200e-02
-1.975610e-02
-3.403068e-02
-8.794727e-03
1.113211e-01
7.566881e-02
