1.783647e-02
1.653137e-02
2.292732e-02
1.827207e-02
1.944566e-02
1.816970e-02
2.229899e-02
1.716098e-02
3.575266e-02
2.082257e-02
-3.596273e-03
3.223620e-03
-3.853813e-03
2.424688e-02
5.510597e-03
-7.878065e-03
-1.315722e-03
-1.297014e-02
-8.129445e-03
-7.401637e-03
-3.817473e-04
3.110031e-03
-8.291411e-03
-5.755772e-03
5.806120e-03
4.137253e-03
7.001112e-03
-8.141092e-03
-6.942096e-05
7.303794e-03
7.701978e-03
-9.049962e-04
-1.864373e-02
7.982369e-03
-2.504662e-03
2.153382e-03
2.828764e-03
1.081929e-03
-8.826125e-04
-3.483850e-02
-4.069513e-02
-5.557676e-03
-1.161230e-02
-1.627278e-02
-1.266221e-02
-3.121155e-02
-2.380690e-02
-8.334896e-03
-1.093986e-02
-2.932907e-03
7.900361e-02
4.468616e-02
