1.375247e-02
3.193261e-02
2.127270e-02
2.044749e-02
1.711383e-02
1.803202e-02
1.431806e-02
8.568311e-03
1.988709e-02
6.877970e-03
-1.242569e-02
1.056747e-03
1.286690e-02
4.535704e-04
-3.231195e-04
-6.350213e-03
-2.191487e-03
-2.014586e-02
-1.442634e-02
-5.483738e-03
1.195750e-02
-4.405455e-04
1.636863e-03
-5.802048e-03
-1.310196e-02
-7.717265e-03
-2.881893e-02
2.782267e-03
1.262312e-02
1.379027e-03
-7.077566e-03
-5.913778e-03
9.276903e-04
6.824124e-03
5.474105e-03
-3.628864e-02
1.242105e-02
1.292306e-03
6.897770e-03
4.015485e-03
-9.577450e-03
-1.734874e-02
-1.587292e-02
-1.431457e-02
-1.288250e-02
-2.723267e-04
-4.859934e-02
-2.167050e-02
-1.292313e-02
-1.822565e-02
5.833850e-02
7.255332e-02
