2.361860e-02
8.510594e-02
1.466849e-02
1.696489e-02
1.315151e-02
3.629211e-03
1.799640e-02
1.225097e-02
2.143985e-02
2.092103e-02
-1.716290e-02
4.342736e-03
-3.469130e-03
-1.919275e-03
9.761326e-03
-9.798037e-03
-1.642747e-02
-2.517047e-03
-8.930408e-03
-4.416224e-03
-4.564820e-03
5.181551e-03
-4.745785e-04
-1.315069e-03
-3.287336e-02
-1.506861e-03
1.035212e-02
7.822044e-03
-9.106073e-03
1.352327e-02
5.468325e-04
-2.167295e-03
6.156029e-03
-5.643590e-03
-4.178863e-03
-9.496334e-03
-3.771079e-04
5.172100e-03
1.284733e-04
-5.387656e-03
-2.136777e-04
-2.827680e-02
-4.878281e-03
-3.135658e-03
-1.876377e-02
-1.329623e-02
-1.370317e-02
-2.030493e-02
-3.512085e-02
-1.129934e-02
2.021027e-02
8.240409e-02
