5.644200e-03
1.788399e-02
2.878309e-02
2.699005e-02
2.207095e-02
1.812874e-02
2.461031e-02
8.066890e-03
1.346731e-02
1.641712e-02
5.778448e-03
1.164592e-04
-4.549636e-03
-9.801608e-03
1.387573e-03
-3.226114e-02
-6.633263e-03
-1.423551e-02
-7.989445e-03
-1.166076e-02
-2.606120e-03
-9.237335e-03
9.638958e-04
5.739586e-03
-9.370491e-04
-1.257399e-02
-4.866710e-03
-6.789914e-03
1.936955e-03
-5.295559e-03
3.910088e-03
-1.585100e-03
-5.665431e-03
1.497369e-03
1.874411e-03
6.806726e-03
1.296923e-02
-3.643266e-02
-1.414090e-02
1.822954e-03
-6.987350e-03
-1.030499e-02
-1.147268e-02
-1.888522e-02
-1.347019e-02
-3.338441e-02
-4.466167e-02
-2.259875e-02
-6.443987e-03
-1.653241e-02
7.933996e-02
9.712209e-02
