2.041168e-02
7.812663e-02
1.229187e-02
1.594994e-02
1.021415e-02
4.046401e-03
1.804355e-02
1.114841e-02
2.310343e-02
1.787871e-02
-2.271139e-02
4.233957e-03
6.887919e-03
-3.525251e-03
5.841121e-03
-3.715421e-03
-8.543450e-03
-3.434040e-03
-1.847587e-03
-2.051050e-03
2.898256e-04
4.433859e-03
2.800537e-03
-2.277965e-03
-2.898267e-02
-1.286161e-03
7.705849e-03
4.182978e-03
-2.993005e-03
1.209748e-02
1.618156e-03
-6.445187e-03
5.596970e-03
-5.484618e-03
-5.941483e-03
-1.242827e-02
8.926088e-04
3.070018e-03
-6.874509e-03
-5.601621e-03
-1.260815e-02
-4.165880e-02
1.290896e-03
-7.098674e-03
-1.567134e-02
-1.244752e-02
-1.888762e-02
-1.141573e-02
-3.172879e-02
-1.033223e-02
8.693665e-03
7.509459e-02
