2.736511e-02
1.070058e-02
1.851097e-02
4.182488e-02
1.573216e-02
3.081874e-02
1.805145e-02
1.543144e-02
1.351471e-02
1.123169e-02
-1.254372e-02
6.821687e-03
6.355385e-03
2.684429e-03
-9.146160e-03
2.441811e-04
-2.209197e-02
-3.354107e-02
1.013635e-02
-8.030940e-03
-1.068328e-02
6.173044e-03
4.390353e-03
-9.688785e-03
-3.104915e-03
1.296721e-02
-1.024745e-02
-2.466450e-03
1.025534e-02
1.280664e-03
-8.540447e-03
1.254259e-03
-4.290401e-03
-1.773802e-02
-4.611863e-03
6.682300e-04
5.790959e-03
2.965145e-03
2.946549e-03
5.936046e-03
-1.816040e-02
-2.443696e-02
-3.560677e-02
-1.295514e-02
-2.774647e-02
-3.108866e-03
-4.026838e-02
-1.849499e-02
-2.827201e-02
-7.845650e-03
1.095204e-01
6.780322e-02
