1.038920e-02
1.748063e-02
2.056919e-02
1.631076e-02
2.041033e-02
1.847611e-02
2.407501e-02
7.081983e-03
1.810880e-02
1.950259e-02
9.974982e-03
1.137194e-03
9.501554e-04
-3.484120e-03
1.916428e-03
-3.578251e-02
-3.360792e-03
-5.299286e-03
-8.826984e-04
-7.308780e-03
1.688129e-03
-5.386877e-03
-3.343807e-03
6.368250e-03
-1.297902e-03
-1.677577e-02
-7.895599e-03
-3.694317e-03
1.038720e-02
2.539899e-03
-4.789500e-03
-5.529063e-03
-4.792136e-03
-1.627771e-03
-2.503540e-03
4.471054e-03
1.259263e-02
-1.286013e-02
-9.693949e-03
1.945526e-03
-2.290655e-02
-4.917807e-03
-1.159870e-02
-1.961085e-02
-1.465674e-02
-2.811589e-02
-2.142776e-02
-3.157874e-02
-5.259242e-03
-1.571255e-02
7.783984e-02
7.712005e-02
