2.279079e-02
6.776766e-02
1.363196e-02
1.319129e-02
1.224889e-02
4.342425e-03
1.828290e-02
1.055548e-02
1.886562e-02
1.202570e-02
-1.903829e-02
5.395372e-03
1.511431e-03
-5.312447e-03
5.468208e-03
-1.091445e-02
-1.397462e-02
-2.438105e-03
-5.081171e-03
-4.519547e-03
-1.765206e-03
2.729364e-03
6.161876e-04
-1.390969e-03
-3.509309e-02
-1.491294e-03
9.104230e-03
4.468980e-03
-4.259652e-03
1.235590e-02
3.757460e-05
-4.137547e-03
4.303042e-03
-3.552464e-03
6.493744e-04
-8.994817e-03
2.611930e-03
6.619574e-03
-2.903313e-03
-2.359907e-03
-4.491575e-03
-2.959026e-02
-6.700276e-04
-9.356415e-03
-1.974514e-02
-1.058249e-02
-1.084219e-02
-1.862534e-02
-3.147699e-02
-1.005216e-02
3.074524e-02
8.502691e-02
