1.822965e-02
1.801142e-02
1.025116e-02
2.066260e-02
2.383513e-02
1.667230e-02
9.565899e-03
1.067708e-02
5.714543e-03
1.877165e-02
9.956791e-04
4.820232e-03
9.781243e-04
9.594218e-03
3.446087e-04
-1.462999e-02
5.067251e-04
4.476575e-03
-7.696786e-03
1.864528e-03
-9.087921e-03
-2.001923e-03
1.563795e-03
-2.698693e-03
-2.885635e-03
8.982169e-03
1.264277e-03
4.640318e-03
-1.638127e-02
-5.609899e-03
7.708888e-03
7.709820e-03
-1.579752e-02
-2.630381e-03
5.077274e-03
3.170472e-03
-2.618582e-03
-3.379256e-03
-1.636504e-03
-4.728281e-03
-1.223857e-02
-4.162232e-03
-1.552961e-02
-1.025429e-02
-1.979649e-02
-1.798902e-02
-4.295212e-03
-1.624274e-02
-1.236854e-02
-1.864841e-02
7.429093e-02
7.983549e-02
