2.584119e-02
1.015490e-01
1.289426e-02
1.401217e-02
1.511268e-02
6.537424e-03
1.716853e-02
9.406913e-03
1.770484e-02
1.390768e-02
-1.302902e-02
3.923316e-03
7.372432e-03
-5.923791e-03
6.330366e-03
-1.124087e-02
-1.393761e-02
-4.008024e-03
-8.179553e-03
-4.787710e-03
-5.478282e-03
1.306213e-03
3.190436e-03
2.786050e-04
-5.639238e-02
-1.966876e-03
1.021449e-02
6.356186e-03
-6.094855e-03
9.511213e-03
4.893109e-04
-1.907624e-03
2.609306e-03
-6.609023e-03
-1.429211e-03
-8.574807e-03
2.527119e-03
5.015858e-03
-1.524706e-04
-3.534585e-03
-2.829591e-03
-1.943789e-02
-1.223801e-03
-1.040140e-02
-1.989641e-02
-1.085215e-02
-1.033837e-02
-2.850323e-02
-5.793515e-02
-1.141603e-02
3.748951e-03
8.178088e-02
