3.495565e-03
2.507254e-02
1.973687e-02
1.053114e-02
2.191889e-02
1.235735e-02
2.125270e-02
2.488110e-03
7.334421e-03
1.876164e-02
-1.819992e-02
9.210474e-03
-3.956434e-03
6.194788e-03
2.116620e-03
-6.816932e-03
5.078608e-03
2.177993e-03
4.728833e-03
-2.192926e-02
6.823149e-03
-5.057811e-03
3.086702e-03
-1.043693e-02
-2.850748e-04
-7.536089e-03
-3.291010e-03
-9.514940e-03
-3.026144e-03
6.893244e-03
-1.593319e-02
-2.654872e-03
-2.219623e-02
-7.473682e-04
8.460608e-03
-5.876516e-03
-1.316300e-03
8.816171e-04
1.125612e-02
-1.579657e-02
-1.646658e-02
-7.854679e-03
-2.443447e-02
-2.267031e-02
-1.429306e-02
-4.462411e-03
-1.538295e-02
-1.009871e-02
-9.812626e-03
-8.921430e-03
5.504976e-02
7.919699e-02
