1.600240e-02
1.912097e-02
1.779426e-02
1.419946e-02
1.482000e-02
7.082260e-03
1.282771e-02
1.931893e-02
1.036576e-02
1.071335e-02
5.438341e-04
-1.211110e-02
4.876345e-02
-1.112451e-02
7.285328e-03
-5.739803e-03
-4.178195e-03
-5.004612e-03
5.120350e-03
-5.040761e-03
-1.151248e-03
-1.551166e-03
4.942860e-03
-6.664390e-03
8.321897e-04
-4.194552e-03
3.114683e-03
1.142201e-03
-3.985505e-03
-3.673417e-04
-8.863064e-03
-3.099703e-03
-7.863534e-03
4.590934e-03
1.530561e-03
1.982330e-02
-7.999717e-04
-1.281058e-02
-2.787238e-03
-8.605364e-03
-1.303588e-02
-1.070356e-02
-5.515599e-02
-2.302745e-02
-3.109673e-02
-5.481262e-03
-2.181042e-02
-2.029489e-02
-2.992137e-02
4.176388e-03
8.616920e-02
3.084114e-02
