1.476213e-02
1.231727e-02
1.846397e-02
1.418219e-02
1.596618e-02
9.054278e-03
1.346458e-02
1.990363e-02
1.030185e-02
1.160014e-02
-1.455253e-03
-9.322075e-03
5.667304e-02
-1.127763e-02
7.463444e-03
-3.319483e-03
-4.620726e-03
-9.716878e-04
1.105644e-02
-6.851116e-03
3.401581e-04
1.253720e-03
5.345392e-03
-9.544956e-03
3.759294e-03
-4.487438e-03
-4.452508e-03
-2.236723e-04
-5.838653e-03
5.131400e-03
-7.543410e-03
-3.235641e-03
-8.467240e-03
-1.581560e-03
1.799689e-03
1.505610e-02
1.340027e-04
-1.467324e-02
-4.296164e-03
-1.134528e-02
-1.184708e-02
-1.087040e-02
-7.352077e-02
-2.541314e-02
-2.773915e-02
-1.641479e-03
-2.808213e-02
-1.622966e-02
-2.332000e-02
5.338203e-03
1.081353e-01
3.260378e-02
