1.124699e-02
1.897007e-02
2.138869e-02
1.961766e-02
2.107836e-02
1.888458e-02
2.587557e-02
1.012725e-02
1.721463e-02
1.953489e-02
9.374213e-03
1.650837e-03
5.704282e-04
-6.629331e-03
1.483914e-03
-3.662995e-02
-1.958729e-03
-7.445672e-03
-2.073993e-03
-5.641923e-03
1.026388e-03
-6.851269e-03
-3.739612e-03
5.215710e-03
1.410634e-04
-1.651679e-02
-9.240538e-03
-3.363821e-03
8.938991e-03
2.947446e-04
-2.870286e-03
-6.664497e-03
-5.818179e-03
-5.787775e-04
-1.111086e-03
4.298224e-03
1.320699e-02
-1.374736e-02
-4.622612e-03
7.453517e-04
-1.821063e-02
-3.673129e-03
-9.377527e-03
-2.002411e-02
-1.362519e-02
-3.207919e-02
-2.154436e-02
-2.282162e-02
-3.626079e-03
-1.628139e-02
7.821552e-02
8.425194e-02
