8.892884e-03
7.080739e-02
1.956304e-02
1.833655e-02
1.659999e-02
-8.336124e-04
1.525002e-02
1.983674e-02
1.813438e-02
1.419996e-02
-2.000000e-01
1.063671e-02
-2.992048e-02
-3.408462e-02
1.371608e-02
-2.157025e-02
-2.654950e-02
-3.379446e-03
-3.167484e-03
-1.641104e-02
-6.378607e-03
-9.906265e-04
-8.626373e-03
8.759204e-03
-2.583988e-02
4.922600e-03
2.015489e-02
9.315445e-05
-3.388914e-02
1.726438e-02
-1.455298e-02
-1.494029e-03
1.440563e-02
-3.599553e-03
-5.512790e-03
-2.000000e-01
-1.881718e-03
-1.138705e-02
6.039643e-03
-3.997700e-03
-2.476175e-03
-4.658337e-02
-4.214328e-03
1.346000e-03
-4.977666e-02
-1.128157e-02
-1.271038e-02
-2.461533e-02
-2.763929e-02
-2.618801e-02
-2.319261e-02
7.099490e-02
