1.659078e-02
1.853110e-02
2.234061e-02
1.477038e-02
1.420533e-02
1.220652e-02
5.124422e-03
2.017223e-02
8.100408e-03
1.086841e-02
-5.015930e-03
-3.337733e-03
-1.047643e-03
-8.482207e-03
1.076218e-02
-7.193867e-03
-5.912672e-03
-7.067493e-03
9.233581e-03
-6.310608e-03
-1.304419e-03
2.060942e-03
3.054715e-03
-1.237398e-02
-2.075333e-03
-4.003216e-03
-1.763567e-03
1.815476e-04
-7.315597e-03
3.302407e-03
-5.095794e-03
-8.416726e-03
-3.755562e-03
1.988097e-03
6.329705e-03
2.147997e-02
3.925279e-04
-1.096433e-02
-5.317705e-03
-1.102180e-02
-1.391701e-02
-9.675699e-03
-3.814566e-02
-2.554010e-02
-3.496726e-02
-8.676820e-03
-3.238105e-02
-1.537511e-02
-2.221518e-02
-8.550042e-04
9.074618e-02
6.637009e-02
