1.456625e-02
1.216736e-02
2.229473e-02
1.541274e-02
1.991362e-02
1.964272e-02
2.230468e-02
1.212479e-02
2.759038e-02
2.413242e-02
-4.322498e-03
-8.002114e-04
-5.078433e-03
1.440914e-02
7.667395e-03
-1.564431e-02
-2.341240e-03
-6.999177e-03
-1.299163e-02
-4.328599e-03
2.112548e-03
3.915877e-03
-4.582919e-03
-7.700206e-03
5.334354e-03
-3.766973e-03
5.349009e-03
-1.338277e-02
9.637541e-04
9.091205e-03
9.681612e-03
-1.856690e-04
-1.642121e-02
2.568472e-03
-9.332438e-04
-1.429933e-05
5.222002e-03
1.412512e-04
3.473504e-03
-3.585671e-02
-3.328336e-02
-8.858003e-04
-1.501440e-02
-9.714870e-03
-1.478564e-02
-1.667515e-02
-2.451392e-02
-9.448794e-03
-5.920197e-03
-2.156705e-03
3.281895e-02
1.279898e-02
