7.045307e-03
2.556383e-02
2.262207e-02
1.383230e-02
2.153468e-02
1.073906e-02
1.952593e-02
-9.623284e-05
8.800403e-03
1.789407e-02
-2.029410e-02
6.153701e-03
1.316266e-04
7.031116e-03
4.235020e-04
-7.411829e-03
6.432271e-03
3.987558e-03
3.181271e-03
-1.854170e-02
7.139965e-03
-2.981157e-03
-2.016228e-03
-8.946108e-03
1.005553e-03
-3.892204e-03
-5.416894e-03
-8.697290e-03
-1.601718e-04
7.587139e-03
-1.870677e-02
-3.425608e-03
-1.864346e-02
1.502637e-03
9.865770e-03
-5.527364e-03
-3.123732e-03
1.331794e-03
1.313739e-02
-1.287735e-02
-1.939859e-02
-1.263225e-02
-2.219256e-02
-2.350573e-02
-1.366923e-02
4.394826e-04
-1.610224e-02
-9.855431e-03
-1.170888e-02
-9.426407e-03
5.391641e-02
8.067934e-02
