1.918957e-02
1.721736e-02
2.152965e-02
1.905580e-02
2.196373e-02
1.815765e-02
2.259149e-02
1.741608e-02
3.901712e-02
2.503629e-02
-6.138857e-03
2.178204e-03
-3.778032e-03
3.312414e-02
4.777581e-03
-1.085941e-02
-5.451839e-04
-1.461625e-02
-6.734903e-03
-7.003778e-03
-1.585892e-03
3.440652e-03
-8.640124e-03
2.743826e-03
5.488035e-03
4.775402e-03
5.263942e-03
-6.291206e-03
3.638851e-03
7.901417e-03
6.454908e-03
-1.687169e-03
-2.156241e-02
4.806195e-03
-7.644123e-03
1.222235e-03
6.717995e-03
1.209158e-03
-5.847906e-04
-3.257990e-02
-3.899561e-02
-4.669361e-03
-8.011207e-03
-1.817646e-02
-1.410248e-02
-3.060150e-02
-2.512146e-02
-7.945027e-03
-1.207217e-02
-7.707673e-03
8.363552e-02
3.191596e-02
