6.491053e-03
1.814225e-02
2.304161e-02
1.851980e-02
2.081411e-02
1.862577e-02
2.395825e-02
7.951676e-03
1.623955e-02
1.684890e-02
6.600137e-03
3.298108e-03
2.664961e-03
-5.287056e-03
4.371971e-03
-3.336392e-02
-3.965521e-03
-9.686369e-03
-5.955515e-03
-6.728708e-03
1.834366e-03
-7.879247e-03
4.618083e-04
6.435507e-03
-1.268711e-03
-1.696283e-02
-8.908797e-03
-3.377968e-03
4.257258e-03
-2.642381e-03
-1.506828e-03
-5.766213e-03
-5.758033e-03
4.393226e-04
1.102247e-03
6.620438e-03
1.321443e-02
-1.597501e-02
-4.824697e-03
-5.302145e-04
-1.392196e-02
-6.044897e-03
-1.226858e-02
-1.823461e-02
-1.143702e-02
-3.191431e-02
-2.153918e-02
-1.989246e-02
-9.438988e-03
-1.319508e-02
8.124026e-02
8.137803e-02
