1.213612e-02
1.180393e-02
1.691947e-02
1.312962e-02
1.669324e-02
7.488808e-03
1.210694e-02
1.783052e-02
9.883255e-03
1.096059e-02
-2.873138e-03
-6.606828e-03
5.031933e-02
-1.399613e-02
6.634096e-03
-2.639388e-03
-4.292443e-03
-3.005239e-03
1.011902e-02
-6.530452e-03
1.000658e-03
9.909953e-04
5.413228e-03
-1.038554e-02
4.006414e-03
-4.443414e-03
-4.841927e-03
3.720880e-04
-7.315730e-03
5.733470e-03
-6.753943e-03
-2.877313e-03
-7.081614e-03
5.615808e-04
2.000638e-03
1.526152e-02
7.110303e-04
-1.514348e-02
-3.966182e-03
-9.335630e-03
-1.457166e-02
-9.686029e-03
-1.046182e-01
-3.022538e-02
-3.589968e-02
-2.490736e-03
-3.936563e-02
-1.743375e-02
-2.172688e-02
5.361546e-03
9.544750e-02
3.423938e-02
