1.293731e-02
3.370719e-02
2.040567e-02
2.633474e-02
2.044737e-02
1.612802e-02
7.488535e-03
1.152117e-02
1.923765e-02
7.153922e-03
-7.138466e-03
6.252130e-03
3.792956e-03
-4.470919e-04
-4.797254e-03
-1.376986e-02
9.636450e-04
-3.187250e-02
-1.634131e-02
-5.062057e-03
1.381541e-02
-2.110372e-04
1.585269e-03
-1.005397e-02
-6.569826e-03
-2.380988e-02
-1.964952e-02
-7.197045e-04
1.483155e-03
8.320200e-03
-1.178863e-02
-1.448025e-03
-4.556663e-03
7.525737e-03
-1.327564e-03
-2.061512e-02
1.303656e-02
-3.464373e-03
1.994038e-03
8.138673e-03
-7.777949e-03
-4.958148e-02
-1.296693e-02
-1.456600e-02
-1.382805e-02
1.690163e-03
-1.962136e-02
-2.109555e-02
-1.666585e-02
-2.256971e-02
3.228084e-02
4.553865e-02
