7.331368e-03
2.717990e-02
2.078270e-02
1.562797e-02
1.740272e-02
1.413851e-02
1.196436e-02
1.153139e-02
2.047714e-02
1.978759e-04
-9.214586e-03
-3.146837e-03
1.776153e-02
-1.166414e-03
-5.112607e-03
-7.457294e-03
-7.300292e-03
-3.874824e-02
-2.372111e-02
-4.077782e-03
6.210377e-03
1.363797e-03
3.744879e-03
-6.491598e-03
-1.527955e-02
-5.455920e-03
-1.452085e-02
-2.679468e-03
1.075275e-03
4.943222e-03
-1.200578e-02
-5.314219e-03
-6.428825e-05
2.014975e-03
2.002622e-03
-4.798718e-02
9.538859e-03
-2.053654e-03
1.702853e-03
3.864156e-03
-7.350087e-03
-3.334958e-02
-1.844366e-02
-1.716264e-02
-1.183457e-02
1.435254e-05
-4.973768e-02
-2.062491e-02
-2.066259e-02
-2.164430e-02
1.871623e-02
3.093368e-02
