9.692690e-03
2.884411e-02
2.065652e-02
5.744041e-03
2.174864e-02
1.215346e-02
2.174059e-02
2.147439e-03
8.961285e-03
1.896352e-02
-1.657320e-02
8.253394e-03
6.624421e-03
7.767439e-03
2.077007e-03
-9.994765e-03
8.171086e-03
2.034979e-03
3.250968e-03
-2.406627e-02
6.482125e-03
-7.462380e-03
-3.628279e-03
1.921189e-03
1.789113e-03
-4.282777e-03
-4.840630e-03
-1.049998e-02
-7.071005e-03
6.753217e-03
-1.293452e-02
-4.895996e-03
-2.026876e-02
-2.570872e-04
1.005547e-02
-5.934687e-03
-2.043949e-03
1.444281e-04
1.132424e-02
-1.450415e-02
-2.260971e-02
-3.694762e-03
-2.106726e-02
-2.294507e-02
-1.433800e-02
-6.115535e-03
-1.944064e-02
-4.726872e-03
-9.539159e-03
-1.111645e-02
5.947051e-02
7.777565e-02
