1.801176e-02
1.833284e-02
1.605375e-02
1.504360e-02
1.463813e-02
6.888607e-03
1.317231e-02
1.914054e-02
1.090449e-02
1.095203e-02
9.611521e-04
-1.207523e-02
5.847674e-02
-1.299699e-02
7.771092e-03
-4.185398e-03
-3.530391e-03
-4.288033e-03
5.005165e-03
-4.024204e-03
-4.181069e-04
-2.216948e-03
7.057152e-03
-6.611517e-03
1.506593e-03
-2.947588e-03
2.045495e-03
1.440195e-03
-3.525107e-03
9.937432e-04
-1.205849e-02
-3.636430e-03
-9.929940e-03
6.468171e-03
6.813204e-04
2.185630e-02
8.210439e-04
-1.312333e-02
-1.890071e-03
-1.009998e-02
-1.165349e-02
-1.202404e-02
-6.101010e-02
-2.783813e-02
-3.518517e-02
-3.757782e-03
-1.749617e-02
-2.437037e-02
-2.805444e-02
4.931785e-03
7.975139e-02
2.047674e-02
