1.637963e-02
4.062380e-03
2.195620e-02
1.511590e-02
2.416448e-02
3.392315e-03
2.304756e-02
1.897480e-02
1.955232e-02
2.554930e-02
-1.101407e-02
-2.000000e-01
4.176345e-02
-1.456296e-02
5.308230e-03
-2.129822e-02
-1.319464e-02
-4.148293e-03
1.880774e-02
-8.006169e-03
-2.035213e-03
-7.194977e-03
7.869310e-03
-1.465366e-02
-1.780929e-03
-2.640393e-03
3.097244e-04
-2.979390e-03
-4.143440e-02
-5.678392e-03
-6.560096e-03
-2.000638e-02
-2.508602e-02
-4.505661e-03
-5.978313e-03
1.292711e-02
-1.003414e-03
-5.495129e-02
-9.529778e-03
-4.015822e-02
1.198012e-03
-3.150284e-02
-2.000000e-01
-3.116076e-02
-2.000000e-01
-9.304749e-03
-2.152035e-02
-3.449990e-02
-2.000000e-01
1.560216e-02
3.655721e-02
6.763452e-03
