2.136925e-02
6.547234e-02
1.427383e-02
1.637165e-02
1.309476e-02
5.700269e-03
1.714757e-02
1.007249e-02
1.865239e-02
1.104335e-02
-1.791575e-02
3.713350e-03
-1.962739e-04
-4.429121e-03
5.870926e-03
-7.900302e-03
-1.106081e-02
-1.533626e-03
-6.263168e-03
-3.190494e-03
-2.791490e-03
4.774327e-03
8.487282e-04
-9.929935e-05
-3.280240e-02
-1.731675e-03
8.712708e-03
3.672158e-03
-4.914679e-03
1.227739e-02
8.950924e-04
-1.551081e-03
4.351902e-03
-5.504770e-03
1.690673e-03
-1.152791e-02
1.862400e-03
6.222297e-03
-7.569161e-04
-1.290659e-03
-5.046389e-03
-3.019800e-02
-2.655395e-03
-8.822522e-03
-1.882946e-02
-1.070368e-02
-1.375554e-02
-1.850624e-02
-2.852765e-02
-9.811926e-03
3.753681e-02
8.135910e-02
