1.250121e-02
2.799716e-02
2.435065e-02
2.215133e-02
1.701773e-02
1.401356e-02
1.415355e-02
8.577629e-03
2.275687e-02
2.055690e-03
-8.090023e-03
-3.897320e-03
3.856471e-03
4.339137e-03
-5.809894e-03
-5.989632e-03
6.035474e-04
-3.181426e-02
-1.330509e-02
-5.890178e-03
9.183813e-03
-1.123540e-03
-2.775116e-03
-7.237499e-03
-1.026635e-02
-7.147947e-03
-2.120785e-02
-2.816410e-04
8.564749e-03
3.097536e-03
-3.926931e-03
-8.618528e-03
2.605208e-03
3.127865e-03
-8.792534e-04
-2.350744e-02
1.039570e-02
-1.475865e-03
6.823888e-03
1.949183e-03
-1.372210e-02
-2.563100e-02
-1.591802e-02
-1.348773e-02
-9.119599e-03
-2.829463e-03
-3.928242e-02
-2.027581e-02
-2.281205e-02
-1.967816e-02
6.692402e-02
7.596758e-02
