1.307071e-02
1.317727e-02
4.439684e-02
2.268371e-02
2.241638e-02
1.884805e-02
-1.157427e-02
5.747921e-03
9.378394e-03
2.324329e-02
4.768145e-03
1.336344e-02
4.636066e-03
-4.199757e-03
5.318466e-03
1.010384e-02
-1.689743e-02
6.759816e-03
-1.424206e-02
1.457541e-03
-1.208430e-02
-1.158134e-02
-1.144783e-02
-1.467922e-02
2.666153e-03
7.965936e-03
1.469942e-03
-1.925175e-02
-9.773289e-03
-3.617495e-03
-1.482603e-03
4.738951e-03
-3.073674e-03
8.809269e-03
-2.501953e-03
1.552506e-03
-1.502426e-03
2.289874e-04
4.402551e-03
9.220981e-04
-4.967976e-02
-3.178011e-02
-6.797513e-03
-2.636859e-02
-3.200776e-02
-3.822638e-02
-1.096177e-02
-3.751842e-02
-1.502250e-02
-1.791064e-02
6.174320e-02
8.646763e-02
