1.397735e-02
1.145089e-02
3.179291e-02
2.160481e-02
2.041366e-02
1.982726e-02
-1.078402e-02
5.670973e-03
1.156752e-02
2.074862e-02
1.966042e-03
1.933947e-02
4.240230e-03
-1.392027e-03
4.399359e-03
1.072635e-02
-1.574100e-02
9.059087e-03
-1.545304e-02
-5.901328e-04
-2.230111e-02
-1.251411e-02
-6.486707e-03
-1.373658e-02
1.047968e-04
5.099590e-03
1.055680e-03
-1.260241e-02
-1.333357e-02
5.690876e-04
-1.777800e-03
7.264476e-03
-4.822232e-03
9.387626e-03
-2.437601e-03
1.589243e-03
-2.588788e-03
-3.323704e-04
2.908599e-03
1.453427e-03
-3.965638e-02
-4.605512e-02
-3.717817e-03
-2.339920e-02
-2.163799e-02
-1.435861e-02
-1.534576e-02
-3.406365e-02
-1.519116e-02
-1.700336e-02
4.337341e-02
6.607680e-02
