2.177682e-02
1.657752e-02
1.993346e-02
1.316430e-02
2.453166e-02
2.090601e-02
1.692122e-02
2.157085e-02
3.512685e-02
2.544232e-02
-7.421970e-04
8.125231e-03
1.281203e-04
4.938936e-02
5.993599e-03
-5.011949e-03
-1.244931e-03
-1.652670e-02
-7.401247e-03
-1.391016e-02
-4.421309e-03
4.177335e-03
-8.271844e-03
-7.825501e-03
9.344380e-03
1.559742e-02
5.287793e-03
-9.614406e-03
4.663257e-03
1.310665e-02
8.418478e-03
-4.130436e-04
-2.577619e-02
6.836707e-04
-5.724642e-04
6.548499e-03
-1.600367e-04
5.999636e-03
-5.339137e-03
-6.047981e-02
-4.305901e-02
-6.620250e-03
-7.132064e-03
-1.438420e-02
-8.855710e-03
-5.850380e-02
-3.632674e-02
-1.207531e-02
-1.802342e-02
4.975740e-03
7.836609e-02
3.521960e-02
