1.129203e-02
2.899580e-02
2.172380e-02
2.012536e-02
1.594424e-02
1.416358e-02
1.368494e-02
9.558039e-03
1.996666e-02
5.461372e-03
-9.764902e-03
1.278893e-04
8.193749e-03
1.742712e-03
-5.671121e-03
-4.985708e-03
-3.471438e-04
-3.185245e-02
-1.218146e-02
-4.513002e-03
7.707420e-03
1.591418e-03
-1.889657e-03
-6.996620e-03
-8.272668e-03
-6.231994e-03
-1.800935e-02
-5.225434e-04
6.787758e-03
2.994001e-03
-5.297099e-03
-4.413110e-03
1.947714e-03
2.300086e-03
3.291582e-03
-2.410459e-02
1.145856e-02
-1.380632e-03
6.530622e-03
1.518397e-03
-8.507361e-03
-2.545036e-02
-1.524448e-02
-1.683069e-02
-9.921083e-03
-1.988776e-03
-3.843327e-02
-1.853128e-02
-2.445823e-02
-2.066302e-02
4.996707e-02
6.249854e-02
