5.582754e-03
1.834186e-02
2.234923e-02
1.835166e-02
2.077092e-02
1.930382e-02
2.306081e-02
1.009360e-02
1.781407e-02
1.664557e-02
5.699310e-03
8.266983e-07
3.053285e-03
-5.794194e-03
3.148206e-03
-3.489666e-02
-3.587860e-03
-8.956398e-03
-6.206869e-03
-6.641227e-03
1.822173e-03
-7.095043e-03
3.401087e-03
7.331999e-03
-2.475526e-03
-1.901798e-02
-8.538117e-03
-3.919468e-03
3.424008e-03
-1.693823e-03
-1.471521e-03
-4.769952e-03
-7.586715e-03
-1.005399e-04
-8.108414e-04
7.346229e-03
1.272426e-02
-1.542976e-02
-2.911728e-03
1.499691e-03
-1.175704e-02
-6.442989e-03
-1.438119e-02
-1.715675e-02
-9.658532e-03
-2.930378e-02
-2.452406e-02
-1.871349e-02
-9.891050e-03
-1.276109e-02
8.027226e-02
8.150249e-02
