7.989154e-03
1.210398e-02
1.677979e-02
1.223551e-02
2.520741e-02
2.702170e-02
2.659104e-02
5.879835e-03
1.773548e-02
1.710709e-02
6.050743e-03
-1.685750e-02
-8.851887e-03
-9.603421e-03
4.782544e-03
-2.000000e-01
-5.662122e-03
2.772614e-03
-9.427722e-03
-2.182524e-03
-9.338049e-04
4.108614e-04
-1.511663e-02
1.224752e-02
-1.920598e-03
-2.812520e-02
-4.968953e-03
-2.244142e-02
3.079097e-03
-4.291553e-02
6.876982e-03
-1.150655e-02
-5.457069e-03
-9.155252e-03
1.709595e-02
1.361321e-02
7.299709e-03
-5.305187e-02
-2.904319e-02
-1.213190e-02
-2.517642e-02
-1.105353e-02
-2.095300e-02
-3.024692e-02
-2.000000e-01
-2.000000e-01
2.197178e-03
-5.303135e-02
-2.271408e-02
-2.228163e-02
3.140732e-02
6.647916e-02
