1.988141e-02
1.675797e-02
2.594763e-02
1.860915e-02
1.997564e-02
1.629948e-02
2.182167e-02
1.756808e-02
3.530585e-02
2.130658e-02
-9.838912e-04
5.113054e-03
-3.582022e-03
2.383530e-02
3.612473e-03
-1.219391e-02
-3.071759e-04
-1.467515e-02
-7.157343e-03
-7.306438e-03
-3.629808e-03
3.482115e-03
-1.069554e-02
-8.475496e-03
5.281379e-03
4.630922e-03
7.492235e-03
-9.465321e-03
-6.197232e-04
1.522003e-02
8.320047e-03
-9.823827e-04
-1.849750e-02
7.576864e-03
-2.191857e-03
2.822484e-03
4.639828e-03
4.524149e-03
-7.153744e-05
-4.122798e-02
-4.046707e-02
-4.894941e-03
-1.046852e-02
-1.607838e-02
-1.307130e-02
-3.096809e-02
-2.266223e-02
-6.907163e-03
-1.310116e-02
-8.975584e-03
8.021227e-02
4.568472e-02
