1.752794e-02
1.132258e-02
1.947873e-02
1.776323e-02
1.355540e-02
1.051709e-02
1.342920e-02
1.641495e-02
2.110397e-02
2.858083e-03
1.609527e-03
5.898144e-03
1.214720e-02
-2.456824e-03
-1.330780e-03
-2.225177e-02
-8.981004e-03
-2.295902e-03
-1.770984e-02
-4.715307e-03
-7.697348e-03
-5.895399e-03
4.527892e-03
-2.100778e-02
8.890861e-03
-1.875310e-02
-7.216926e-03
-2.338202e-02
1.775603e-03
2.598391e-03
-7.209895e-03
-3.939938e-03
-6.755318e-03
-2.298723e-02
-1.046079e-02
1.225294e-02
-1.168199e-02
3.433744e-04
-6.955261e-03
6.137614e-03
-1.005708e-02
-2.391386e-02
-3.191219e-02
-2.939795e-02
-2.972886e-02
-3.354481e-02
-1.178437e-02
-1.215293e-02
-1.839773e-02
-2.881606e-02
8.965961e-02
5.869301e-02
