2.160495e-02
1.473477e-02
1.495069e-02
1.959099e-02
2.244982e-02
1.830562e-02
1.164505e-02
9.991679e-03
1.833367e-03
2.111287e-02
1.141702e-03
1.004649e-03
-1.963500e-03
5.385318e-03
2.470583e-03
-1.121457e-02
2.377448e-03
3.422530e-03
-8.960651e-03
5.687521e-03
-7.726927e-03
-1.775292e-03
5.388062e-03
-1.996913e-03
-1.405213e-03
1.004158e-02
-2.342452e-04
4.453525e-03
-1.438729e-02
-6.912972e-03
5.374764e-03
9.589718e-03
-2.452433e-02
2.865404e-03
5.420760e-03
5.223939e-03
1.784761e-03
-1.624636e-03
2.323766e-03
-4.183682e-03
-1.816752e-02
-1.375882e-03
-2.609051e-02
-1.036175e-02
-2.330332e-02
-1.754808e-02
-9.569747e-03
-1.461071e-02
-1.212043e-02
-1.631869e-02
7.257999e-02
9.794248e-02
