1.401242e-02
4.286429e-03
5.028009e-02
2.659156e-02
1.548162e-02
2.118253e-02
-1.176755e-02
1.075381e-02
3.144254e-04
2.048932e-02
8.589113e-03
4.051811e-03
-4.828666e-03
-1.310980e-02
2.711114e-03
5.688631e-03
-1.447743e-02
5.961681e-03
-1.408705e-02
1.200050e-03
-1.398715e-03
-1.202823e-02
-1.370384e-02
-1.877308e-02
5.558077e-04
1.109157e-02
9.003254e-03
-7.631044e-03
-1.639846e-03
-3.399671e-03
-1.599260e-03
1.505709e-02
-3.647065e-04
1.028023e-02
2.804329e-03
2.147133e-03
-1.064372e-03
-4.601247e-03
-1.787454e-03
-3.087604e-03
-5.973972e-02
-5.286956e-02
-5.037453e-03
-6.268399e-02
-2.519138e-02
-5.590793e-02
-1.917503e-02
-4.459408e-02
-1.626200e-02
-2.638000e-02
2.551389e-03
4.380154e-02
