1.765250e-02
8.002162e-03
2.025370e-02
2.221605e-02
2.021656e-02
1.411772e-04
1.427842e-02
1.821866e-02
1.071127e-02
2.372533e-02
-1.031898e-02
-3.605194e-02
5.504366e-02
-1.852944e-02
9.843826e-03
-1.976001e-02
-1.085304e-04
-1.290010e-02
2.579179e-02
-1.031052e-02
3.100566e-03
-1.340974e-03
1.170083e-02
-2.595070e-02
-2.538388e-03
9.794202e-04
7.476710e-03
7.340035e-04
-7.331206e-03
1.090134e-03
-7.103041e-03
-4.329302e-03
-5.478826e-03
-9.412371e-03
-1.938551e-03
2.840400e-02
1.010428e-03
-1.886379e-02
-8.294594e-03
-7.005746e-03
1.449714e-03
-2.113507e-02
-6.154770e-02
-6.855227e-03
-6.441360e-02
-1.382235e-02
-2.107518e-02
-5.345111e-02
-2.732399e-02
7.555318e-03
7.086962e-02
1.864366e-02
