1.466462e-02
8.152022e-03
1.974342e-02
1.099177e-02
8.265601e-03
1.485806e-02
3.395024e-03
2.482963e-02
1.155872e-02
4.188421e-03
-1.745838e-03
-1.181067e-03
-1.010868e-02
-2.112036e-02
6.391601e-03
-1.376731e-02
-1.301735e-02
-5.687651e-03
6.261382e-03
-6.314832e-03
-2.374316e-04
1.909105e-03
1.686934e-03
-2.827266e-02
-7.092328e-03
-9.582427e-03
-1.088981e-03
-2.132215e-03
-3.205400e-02
1.235583e-03
-1.234871e-03
-9.740910e-03
-1.254780e-03
-1.034594e-02
7.030170e-03
2.593347e-02
1.137845e-03
-3.591069e-03
-2.132880e-02
-7.598550e-03
-4.474406e-03
-4.406002e-03
-7.290927e-02
-2.714360e-02
-2.000000e-01
-4.726738e-03
-4.074492e-02
-1.623366e-02
-6.995736e-02
2.995014e-03
4.956577e-02
5.789960e-02
