1.796349e-02
1.105184e-02
1.892128e-02
2.011674e-02
1.019334e-02
8.807115e-03
1.108067e-02
2.177863e-02
2.140825e-02
-6.720381e-04
-2.683985e-03
4.467474e-03
5.555869e-03
-3.063590e-03
-5.339455e-03
-2.440990e-02
-1.284077e-02
1.709268e-05
-4.558367e-02
-3.649838e-03
-1.073667e-02
-1.218484e-03
5.215114e-03
-1.243910e-02
1.146282e-02
-1.887668e-02
-1.244079e-02
-3.833271e-02
2.833736e-03
-3.208077e-03
-8.924550e-03
-4.732477e-03
-3.137777e-03
-2.053839e-02
-7.801472e-03
1.183532e-02
-1.058219e-02
-8.451263e-03
-8.941617e-03
3.853714e-03
-5.782934e-03
-2.170018e-02
-2.820614e-02
-4.376338e-02
-2.751128e-02
-3.935553e-02
-1.747497e-02
-2.365717e-03
-2.438475e-02
-2.917049e-02
3.774087e-02
3.746135e-02
