1.369458e-02
1.275231e-02
4.047778e-02
2.232618e-02
2.158973e-02
1.873999e-02
-1.091405e-02
5.047846e-03
1.006295e-02
2.213030e-02
5.448488e-03
1.513690e-02
4.239217e-03
-4.205234e-03
5.412803e-03
1.022372e-02
-1.714942e-02
6.843783e-03
-1.358999e-02
-9.253790e-04
-9.489221e-03
-1.126293e-02
-1.062640e-02
-1.513226e-02
2.254346e-03
7.629444e-03
2.157719e-03
-1.889149e-02
-9.649786e-03
-1.998047e-03
-1.752795e-03
6.543119e-03
-1.878446e-03
9.512339e-03
-2.020541e-03
2.145979e-03
-2.033499e-03
-1.507464e-03
3.829827e-03
1.045616e-03
-4.951132e-02
-3.223190e-02
-5.021912e-03
-2.635936e-02
-3.264523e-02
-3.937333e-02
-1.096537e-02
-3.666286e-02
-1.695090e-02
-1.650607e-02
6.664790e-02
8.614575e-02
