2.116837e-02
1.481804e-02
1.190306e-02
2.036835e-02
2.496846e-02
1.696757e-02
1.108772e-02
1.000010e-02
5.039021e-03
2.147313e-02
3.331155e-03
3.720782e-03
-2.200776e-03
9.998353e-03
-1.576329e-03
-2.086102e-02
-4.100511e-03
4.606573e-03
-8.967758e-03
2.025945e-03
-1.059873e-02
-1.924107e-03
4.120309e-03
-5.596554e-03
-2.749792e-03
9.090861e-03
1.006062e-03
5.191357e-03
-1.932493e-02
-5.551544e-03
5.951893e-03
1.115042e-02
-2.031696e-02
-2.320736e-03
6.618207e-03
6.774439e-03
1.566604e-03
-1.867711e-03
2.093045e-04
-3.225668e-03
-1.120545e-02
7.539005e-04
-1.769462e-02
-1.083821e-02
-2.367113e-02
-1.707245e-02
-6.199566e-03
-1.709990e-02
-1.651051e-02
-2.111551e-02
7.830573e-02
8.147916e-02
