1.687622e-02
2.754165e-03
-4.384402e-04
3.944000e-03
1.148581e-02
9.003406e-03
2.611095e-02
2.087095e-02
1.362753e-02
1.939455e-02
1.983461e-03
4.064294e-03
-4.419010e-05
6.175730e-03
-1.027650e-02
-1.413412e-02
-1.980737e-03
-1.454695e-02
-2.050176e-03
-1.634060e-02
7.704208e-03
-7.341428e-03
-6.755021e-03
1.487007e-03
-5.232608e-03
-1.914762e-02
-2.389156e-02
-4.048496e-03
-2.935682e-03
2.038956e-03
-2.866714e-03
-6.725561e-03
-6.718412e-03
-2.878334e-03
1.878860e-03
4.224868e-03
-2.786346e-03
-5.380593e-03
-1.793208e-03
1.765880e-03
-1.635687e-02
-2.017895e-02
-1.934876e-02
-2.623637e-02
-1.897934e-02
-3.981471e-03
-1.622405e-02
-2.995688e-02
-1.513218e-02
-1.012082e-02
8.939752e-02
8.557826e-02
