2.288965e-02
2.715901e-03
2.614421e-03
6.880551e-04
9.022997e-03
7.470194e-03
1.741209e-02
2.203382e-02
9.189051e-03
2.046974e-02
6.234773e-03
2.017362e-03
2.113062e-03
3.939303e-03
-6.239044e-03
-2.653967e-02
-2.376353e-04
-1.427772e-02
-2.485123e-03
-1.909183e-02
1.488305e-02
-1.016458e-02
-1.566579e-02
2.589602e-03
-5.109517e-03
-1.054139e-02
-3.428929e-02
-7.092901e-03
-7.369508e-03
4.086364e-03
5.568886e-04
-8.977180e-03
-1.757761e-02
-5.076798e-03
2.356450e-03
3.599751e-03
-1.156028e-03
-6.183327e-03
-3.109058e-03
-3.041786e-03
-1.341771e-02
-2.132277e-02
-1.699855e-02
-3.682969e-02
-1.890943e-02
-2.304938e-03
-1.385143e-02
-4.132495e-02
-1.334803e-02
-1.229018e-02
4.934833e-02
5.287764e-02
