1.452470e-02
1.091669e-02
1.774532e-02
1.355956e-02
1.613979e-02
7.315041e-03
1.406963e-02
1.947773e-02
1.220358e-02
1.117872e-02
-1.302933e-03
-9.174645e-03
5.233960e-02
-1.316518e-02
7.239712e-03
-2.832359e-03
-3.447013e-03
-2.165974e-03
8.932332e-03
-7.007411e-03
2.555574e-04
5.689480e-04
4.684045e-03
-8.764369e-03
3.589059e-03
-3.140966e-03
-2.260218e-03
-3.650329e-04
-6.517201e-03
4.697915e-03
-6.115676e-03
-4.731050e-03
-6.250544e-03
6.896448e-04
1.712574e-03
1.474576e-02
5.789094e-04
-1.403756e-02
-2.434296e-03
-1.100783e-02
-1.248717e-02
-1.210245e-02
-5.603658e-02
-2.342968e-02
-2.949483e-02
-1.923083e-03
-2.249518e-02
-1.823355e-02
-2.592978e-02
5.493262e-03
1.053518e-01
3.020026e-02
