1.204051e-02
1.399306e-02
4.146242e-02
2.240572e-02
2.373907e-02
2.243663e-02
-1.100585e-02
9.781585e-03
1.205151e-02
2.383563e-02
7.164534e-03
1.601827e-02
3.362401e-03
-4.691802e-03
4.679706e-03
1.173752e-02
-1.622455e-02
4.792865e-03
-9.898550e-03
-4.164583e-03
-1.296015e-02
-1.311552e-02
-1.179912e-02
-1.572047e-02
2.683907e-03
7.376263e-03
1.672927e-03
-2.228973e-02
-8.126254e-03
-4.303754e-03
-4.806677e-03
4.245149e-03
-1.993399e-03
1.000641e-02
2.145332e-03
1.162995e-03
-1.646090e-03
-5.657759e-03
8.318343e-03
2.147427e-03
-3.112038e-02
-2.732543e-02
-6.823572e-03
-3.524546e-02
-3.828467e-02
-4.464649e-02
-1.945917e-02
-4.972111e-02
-2.302556e-02
-1.036812e-02
4.980751e-02
9.216736e-02
