1.297250e-02
2.768277e-02
2.295311e-02
2.120799e-02
1.655661e-02
1.567289e-02
1.432928e-02
1.124527e-02
2.060537e-02
2.094160e-03
-9.456412e-03
-6.886633e-04
9.899749e-03
3.196394e-03
-5.381147e-03
-5.075026e-03
-5.914840e-04
-2.459651e-02
-1.283636e-02
-4.701718e-03
6.456366e-03
1.570309e-03
-2.108356e-03
-7.209753e-03
-7.619316e-03
-6.491910e-03
-1.787851e-02
2.110098e-04
6.586375e-03
3.589433e-03
-5.821366e-03
-3.905409e-03
2.501147e-03
5.123998e-04
4.337996e-03
-2.588346e-02
1.211848e-02
-1.234464e-03
5.932557e-03
1.186366e-03
-8.962429e-03
-2.597758e-02
-1.684682e-02
-1.477050e-02
-1.055638e-02
-3.510254e-03
-3.791839e-02
-1.882388e-02
-2.155015e-02
-1.807583e-02
6.174783e-02
7.308875e-02
