1.087695e-02
3.446587e-02
2.680840e-02
2.172227e-02
1.840324e-02
1.061515e-02
1.666628e-02
7.626225e-03
2.503651e-02
9.165732e-03
-8.192397e-03
2.142103e-03
2.078576e-02
3.142465e-03
-2.608076e-03
-9.126499e-03
4.913327e-04
-3.742991e-02
-3.758311e-03
-4.664263e-03
1.325761e-02
4.540737e-03
3.263620e-03
-4.616362e-03
-5.179539e-03
-6.726090e-04
-2.734403e-02
1.937400e-03
6.795122e-03
2.012850e-03
-2.747234e-04
-5.971073e-03
1.792244e-03
5.606797e-03
-5.298818e-03
-4.839513e-02
1.568979e-02
1.073423e-03
9.652391e-03
1.020495e-03
6.331440e-04
-2.070336e-02
-2.756412e-02
-1.306722e-02
-1.614110e-02
8.324856e-04
-3.944126e-02
-1.951340e-02
-2.650144e-02
-2.189974e-02
5.433251e-02
7.468322e-02
