1.565455e-02
3.029867e-02
2.080291e-02
1.862116e-02
1.646576e-02
2.278013e-02
1.573842e-02
5.205064e-03
2.075064e-02
4.927300e-03
-1.080343e-02
-3.947821e-03
-1.756171e-03
6.169334e-03
3.317226e-04
-7.478964e-03
-1.400758e-02
-2.017506e-02
-3.578914e-02
-2.531265e-03
1.384531e-02
2.244243e-03
6.389943e-04
-8.592914e-03
-3.117858e-02
-1.699443e-02
-3.281143e-02
4.202771e-03
1.348846e-02
-1.225638e-05
-4.331504e-03
-8.287686e-03
1.120442e-03
7.648286e-03
7.958041e-03
-3.571904e-02
1.251728e-02
-4.631623e-04
8.915013e-03
4.881172e-03
-1.312789e-02
-1.200250e-02
-1.202162e-02
-2.432096e-02
-1.311184e-02
-2.239592e-03
-8.380634e-02
-2.310117e-02
-7.440958e-03
-2.217377e-02
7.559699e-02
7.445943e-02
