2.399596e-02
2.364207e-02
1.303509e-02
1.886178e-02
3.281654e-02
2.494667e-02
5.982589e-03
2.429511e-02
5.936313e-03
1.362665e-02
1.200359e-03
3.023931e-03
1.466964e-02
7.184513e-05
-6.978361e-03
-3.028786e-03
-4.565373e-03
9.504427e-03
1.748501e-03
-4.172662e-03
-1.014526e-02
-1.475630e-02
-5.574593e-03
-9.547624e-03
-1.882643e-02
1.829719e-02
-1.244405e-02
8.065257e-03
-5.719639e-02
-2.322578e-03
6.469560e-03
1.770480e-02
-1.534497e-03
-1.180199e-02
-4.889754e-03
2.005795e-02
7.730553e-03
-2.000000e-01
2.511767e-03
-1.509753e-02
-5.006814e-02
-5.669575e-02
-2.000000e-01
-3.842082e-02
-4.813741e-02
-1.414164e-02
1.832609e-04
-2.694291e-02
-1.434875e-02
-2.615072e-02
3.987381e-02
4.508792e-02
