3.475111e-02
4.839049e-03
-7.781020e-04
-3.097057e-03
1.553529e-02
9.120702e-03
3.799169e-02
1.580898e-02
1.193016e-02
2.743333e-02
5.613044e-03
8.788551e-03
8.696365e-03
7.099166e-03
-3.045622e-02
-6.237964e-03
-7.563181e-03
-5.099124e-02
2.485586e-03
-2.511480e-02
9.596041e-03
-1.663836e-02
4.146360e-03
-1.986945e-03
4.096675e-03
-2.841773e-02
4.066952e-03
-2.513989e-03
4.926908e-03
1.738352e-02
6.593776e-03
-9.863099e-03
-7.441223e-03
-9.485239e-03
8.400602e-03
8.544566e-03
2.212322e-03
-7.561499e-03
4.480201e-05
5.584901e-03
-1.383631e-02
-1.504830e-02
-1.073414e-02
-3.082248e-02
-2.067607e-02
-2.119414e-03
-1.504150e-02
-2.000000e-01
-1.979087e-02
-1.054234e-02
1.071981e-01
1.143094e-01
