1.515038e-02
1.449892e-02
2.205688e-02
1.958970e-02
2.101480e-02
1.932689e-02
2.150912e-02
1.789984e-02
1.837275e-02
2.251413e-02
-1.809602e-03
4.354249e-03
-2.526739e-03
2.996327e-02
1.520474e-03
-1.149120e-02
-8.927999e-04
-1.355761e-02
-8.571711e-03
-7.010449e-03
3.998364e-04
3.194154e-03
-9.577789e-03
-7.330822e-03
6.181427e-03
2.850277e-03
7.318547e-03
-8.654931e-03
5.062339e-04
8.284619e-03
7.183660e-03
8.987107e-04
-2.288645e-02
8.488687e-03
4.510163e-04
3.334691e-03
-1.080320e-04
2.315838e-03
-1.427945e-03
-3.182612e-02
-7.209867e-02
-4.836982e-03
-1.830285e-02
-1.866598e-02
-1.592943e-02
-4.228090e-02
-2.081328e-02
-8.823050e-03
-1.235110e-02
-4.888267e-03
6.556605e-02
5.177190e-02
