9.157957e-03
3.465614e-02
2.662444e-02
1.528533e-02
2.417055e-02
1.332077e-02
2.485142e-02
-2.775506e-03
1.379383e-02
2.264475e-02
-2.225839e-02
5.051003e-03
-4.024803e-03
8.963210e-03
4.136764e-04
-3.469809e-03
4.220840e-03
2.621831e-03
-7.705153e-04
-4.426555e-02
8.282598e-03
-6.041235e-03
-1.626062e-03
-3.117669e-03
-8.980462e-04
5.815403e-04
-4.003292e-03
-8.108103e-03
-5.642138e-03
1.100753e-02
2.255008e-03
-5.305010e-03
-1.858709e-02
4.891222e-04
9.573583e-03
-3.597477e-03
-6.297196e-03
-2.380035e-03
1.202391e-02
-1.277406e-02
-4.188630e-02
-7.069775e-03
-1.579730e-02
-1.817478e-02
-1.502981e-02
-2.899040e-03
-6.820407e-03
-1.274576e-02
-8.604235e-03
-1.023193e-02
6.883579e-02
8.351449e-02
