1.378493e-02
5.085967e-03
4.520085e-02
2.296771e-02
1.704632e-02
2.121198e-02
-3.814240e-04
4.952128e-03
3.163765e-03
2.692512e-02
2.825254e-03
1.510479e-02
5.034597e-03
-3.548519e-03
2.278343e-03
9.688987e-03
-1.098321e-02
1.142722e-02
-8.338395e-03
7.751110e-03
1.972380e-03
-1.283964e-02
-9.804243e-03
-2.061048e-02
2.150987e-03
8.088048e-03
1.263573e-03
-4.212822e-02
-7.795744e-03
-4.333808e-03
1.575747e-03
9.263524e-03
1.348089e-03
7.779686e-03
-3.774629e-03
2.871521e-03
-5.319401e-03
-1.611600e-02
-1.919072e-03
1.089477e-04
-1.977031e-02
-5.544355e-02
-1.557328e-04
-3.660009e-02
-2.648170e-02
-5.614718e-02
-2.546817e-02
-3.666806e-02
-1.528682e-02
-1.281354e-02
1.212803e-03
3.745024e-02
