1.272205e-02
1.629276e-02
1.574175e-02
1.408177e-02
1.880297e-02
6.750212e-03
1.460997e-02
1.861596e-02
6.522135e-03
1.082803e-02
-3.829425e-03
-1.186960e-02
3.963515e-02
-1.405486e-02
7.001718e-03
-4.348714e-03
-3.656673e-03
-5.315142e-03
7.654403e-03
-7.336567e-03
-6.066619e-04
-7.468978e-04
3.104654e-03
-1.036069e-02
3.203015e-03
-4.147505e-03
-5.875947e-03
5.643442e-03
-6.460871e-03
4.443336e-03
-6.096819e-03
-8.451423e-03
-1.971661e-02
3.828546e-03
1.653015e-03
2.101436e-02
3.303326e-04
-1.677564e-02
2.304392e-03
-1.607787e-02
-1.114928e-02
-1.158917e-02
-3.667335e-02
-2.847452e-02
-4.363549e-02
-4.418791e-03
-3.392025e-02
-2.484625e-02
-1.872276e-02
5.645463e-03
8.737731e-02
2.461397e-02
