2.015535e-02
1.399511e-02
2.063082e-02
1.729394e-02
1.176418e-02
6.939300e-03
1.228975e-02
1.102450e-02
2.451305e-02
-3.050517e-03
-1.302727e-03
3.911913e-03
1.297132e-02
1.514218e-03
-4.445111e-03
-1.893592e-02
-1.134468e-02
-2.667290e-03
-7.404692e-03
-4.762174e-03
-8.550600e-03
-9.757998e-03
5.059675e-03
-9.115322e-03
8.294236e-03
-1.403180e-02
-4.779933e-03
-4.784442e-02
-2.972933e-03
9.555067e-04
-9.823770e-03
-6.120968e-03
-7.560958e-03
-1.967704e-02
-9.510368e-03
1.266937e-02
-5.063506e-03
4.173802e-03
-8.474400e-03
-1.674355e-04
-1.189560e-02
-1.725867e-02
-2.448521e-02
-8.022542e-02
-3.439900e-02
-6.230248e-02
-1.677332e-02
-2.546320e-02
-1.996292e-02
-5.338987e-02
5.403356e-02
4.509571e-02
