1.230477e-02
2.904960e-02
2.258523e-02
2.167919e-02
1.645826e-02
1.517392e-02
1.383454e-02
9.919882e-03
2.057449e-02
4.929904e-03
-9.442047e-03
1.626841e-04
7.280713e-03
2.660325e-03
-5.633556e-03
-5.597201e-03
4.724223e-04
-2.456622e-02
-1.187851e-02
-4.165068e-03
7.909157e-03
1.481430e-03
-8.618119e-04
-6.117820e-03
-8.756861e-03
-5.985624e-03
-1.863927e-02
-7.226790e-04
7.029347e-03
3.104018e-03
-4.440164e-03
-4.347583e-03
1.652203e-03
2.036747e-03
1.974017e-03
-2.393712e-02
1.209954e-02
-1.247308e-03
6.747227e-03
1.463971e-03
-8.721139e-03
-2.576626e-02
-1.578339e-02
-1.652941e-02
-9.643381e-03
-2.267791e-03
-3.889882e-02
-1.912684e-02
-2.183265e-02
-1.856827e-02
5.839176e-02
7.194788e-02
