2.694885e-02
1.634965e-02
1.733906e-02
2.796766e-02
1.859339e-02
2.548018e-02
2.238281e-02
1.532139e-02
1.420554e-02
9.858171e-03
-1.999957e-02
6.979714e-03
9.559687e-03
-4.473269e-03
-7.388935e-03
6.406205e-04
-1.801322e-02
-2.995362e-02
9.532554e-03
-5.535837e-03
-7.457860e-03
9.252087e-03
5.998457e-03
-5.540408e-03
-9.183525e-04
1.412054e-02
-9.440858e-03
-2.960107e-03
1.075513e-02
-4.589021e-03
-1.026985e-02
-8.756089e-04
-2.011354e-03
-1.624430e-02
-4.885378e-03
1.306286e-03
3.077766e-03
1.443172e-03
2.353154e-03
9.112171e-03
-2.238730e-02
-2.370259e-02
-2.589201e-02
-2.550132e-02
-1.805960e-02
-2.740865e-03
-3.137108e-02
-1.868073e-02
-3.167628e-02
-7.266415e-03
9.150951e-02
6.448842e-02
