1.313731e-02
1.656114e-02
1.815419e-02
1.629496e-02
2.003319e-02
3.572908e-03
1.265938e-02
1.937622e-02
1.315720e-02
1.023817e-02
-7.570677e-03
-1.415117e-02
4.770707e-02
-7.872626e-03
7.973959e-03
-9.545654e-03
-5.958333e-03
-2.830477e-03
1.762612e-02
-1.021146e-02
2.880351e-03
1.250785e-03
6.248983e-03
-1.188950e-02
7.964750e-04
-3.936527e-03
-1.907467e-03
-1.006446e-03
-4.554678e-03
4.170812e-03
-7.276374e-03
-4.123786e-03
8.758552e-04
-6.776772e-03
2.890841e-03
1.567359e-02
-1.556286e-03
-1.600180e-02
-6.367872e-03
-1.237192e-02
-1.216306e-02
-1.332740e-02
-5.709551e-02
-1.937441e-02
-3.448220e-02
-7.238591e-03
-1.785839e-02
-3.223071e-02
-3.368099e-02
1.066166e-02
9.645060e-02
4.255216e-02
