1.093619e-02
1.374885e-02
3.014388e-02
1.780949e-02
2.166551e-02
1.711650e-02
-1.351342e-02
1.983915e-02
-7.658792e-04
2.356668e-02
1.618331e-03
2.889316e-03
6.436315e-04
-8.438899e-04
9.046143e-03
8.242257e-03
-1.556278e-02
-2.033670e-03
-3.313407e-03
-1.874667e-02
5.021248e-03
-9.598988e-03
-1.438308e-02
-2.819701e-02
-5.302985e-04
9.242106e-03
5.911675e-03
-1.748397e-03
-1.069890e-02
5.385179e-03
5.122777e-03
6.637224e-03
2.548752e-03
5.487882e-03
5.278358e-03
5.053232e-05
-4.177814e-03
-1.843504e-02
9.172075e-03
1.880576e-04
-3.242473e-02
-2.213225e-02
-9.912919e-03
-2.720701e-02
-4.268809e-02
-5.121158e-02
-1.504323e-02
-2.000000e-01
-1.333407e-02
-3.195499e-02
1.690960e-02
4.998024e-02
