9.911328e-03
1.866222e-02
2.393340e-02
2.042117e-02
2.131337e-02
1.972980e-02
2.462647e-02
7.862438e-03
1.781294e-02
1.799392e-02
9.367450e-03
2.172236e-03
5.931053e-04
-6.443025e-03
2.169575e-03
-3.428703e-02
-3.633281e-03
-8.775112e-03
-2.554725e-03
-6.081768e-03
2.857604e-03
-8.746957e-03
-2.506134e-03
5.191176e-03
7.334213e-05
-1.737533e-02
-9.475300e-03
-3.776775e-03
8.504325e-03
3.210531e-04
-1.311295e-03
-6.207190e-03
-5.892257e-03
-3.805803e-04
-2.129618e-03
4.248792e-03
1.417607e-02
-1.617077e-02
-5.188374e-03
-1.304075e-03
-1.562839e-02
-3.990243e-03
-1.047343e-02
-1.951938e-02
-1.411080e-02
-2.863769e-02
-2.157891e-02
-2.024498e-02
-8.383455e-03
-1.380280e-02
7.713274e-02
8.225491e-02
