2.147444e-02
4.892228e-02
1.065316e-02
1.557674e-02
9.733620e-03
3.432686e-03
1.753653e-02
9.422901e-03
1.783342e-02
1.273756e-02
-3.540564e-02
3.593920e-03
4.452404e-03
-8.843935e-03
8.141202e-03
-5.911859e-03
-1.236019e-02
-3.749762e-03
-1.069229e-02
-3.199823e-03
-4.332325e-03
7.052130e-03
-2.282864e-03
2.797637e-03
-3.261492e-02
2.509021e-04
9.258387e-03
4.900262e-03
-3.876772e-03
1.054821e-02
2.013181e-03
-4.192372e-03
1.499883e-03
-8.052999e-03
1.355006e-03
-1.084535e-02
2.557813e-03
4.728145e-03
-1.377738e-03
6.935968e-04
2.480605e-04
-2.112032e-02
7.911215e-04
-1.228081e-02
-1.651478e-02
-1.305725e-02
-2.222194e-02
-2.057647e-02
-4.045819e-02
-1.423064e-02
9.253901e-03
5.482599e-02
