5.153287e-03
1.902849e-02
2.512383e-02
2.092419e-02
2.563242e-02
2.033127e-02
2.707174e-02
9.892937e-03
1.561662e-02
1.966669e-02
2.680689e-03
2.430293e-03
-1.719118e-03
-8.949939e-03
5.555147e-03
-4.020842e-02
-1.828975e-03
-1.288257e-02
-3.357257e-03
-8.482372e-03
-3.520697e-04
-9.379800e-03
-5.394166e-03
7.305699e-03
-2.737786e-03
-1.790462e-02
-3.882050e-03
4.350461e-04
-8.668676e-04
-3.683606e-03
2.866764e-03
-5.764429e-03
-4.607001e-03
1.535631e-03
4.901348e-03
1.005579e-02
1.481884e-02
-1.188687e-02
-5.264739e-03
3.754424e-03
-1.666578e-02
-1.675054e-03
-1.168023e-02
-2.919660e-02
-9.919069e-03
-2.631168e-02
-1.993554e-02
-1.862663e-02
-5.134006e-03
-1.566055e-02
9.931396e-02
9.174966e-02
