1.279113e-02
2.833399e-02
2.276123e-02
2.171655e-02
1.629404e-02
1.553785e-02
1.424730e-02
9.798129e-03
2.091709e-02
2.877970e-03
-9.610647e-03
-3.497107e-05
1.000847e-02
2.048608e-03
-6.016212e-03
-5.467007e-03
-8.773462e-04
-3.054307e-02
-1.215429e-02
-4.904390e-03
7.588486e-03
2.536161e-03
-1.751115e-03
-5.795162e-03
-7.766995e-03
-6.400009e-03
-1.936826e-02
-6.409962e-04
7.430212e-03
3.233266e-03
-3.865474e-03
-4.604235e-03
2.444843e-03
1.688495e-03
2.069573e-03
-2.383572e-02
1.168347e-02
-1.229730e-03
5.989205e-03
1.807688e-03
-9.439831e-03
-2.402579e-02
-1.552234e-02
-1.588394e-02
-9.235008e-03
-2.173939e-03
-3.901220e-02
-2.009118e-02
-2.150088e-02
-1.893391e-02
5.811921e-02
7.207916e-02
