2.341251e-02
1.165770e-02
1.772274e-02
2.240782e-02
1.395668e-02
9.281515e-03
1.057375e-02
2.030226e-02
2.351756e-02
4.765666e-03
1.388620e-03
3.224869e-03
2.002643e-02
1.567897e-03
2.873891e-03
-2.828115e-02
-1.187445e-02
-4.630999e-03
-2.200011e-02
-5.712892e-03
-9.462252e-03
-8.186107e-03
1.146586e-02
-2.660561e-02
7.022731e-03
-1.694483e-02
4.185685e-04
-5.912096e-02
-1.898695e-03
2.283156e-03
-9.610119e-03
-3.087141e-03
-8.008162e-03
-1.035021e-02
-2.495145e-02
1.272693e-02
-4.463917e-03
-3.904701e-03
-1.107275e-02
1.002884e-02
-1.121365e-02
-3.096068e-02
-1.872268e-02
-2.952239e-02
-4.822750e-02
-3.935004e-02
-1.754430e-02
-9.732631e-03
-3.292132e-02
-2.467849e-02
9.453243e-02
4.315097e-02
