1.825172e-02
1.560689e-02
2.217189e-02
1.837127e-02
2.012046e-02
1.584267e-02
2.143916e-02
1.777751e-02
3.272796e-02
2.331691e-02
-2.978097e-03
5.347514e-03
-3.588682e-03
3.598720e-02
4.772444e-03
-9.961070e-03
-2.532166e-03
-1.297616e-02
-5.332327e-03
-6.991704e-03
-2.117806e-03
3.161428e-03
-7.469825e-03
-5.265957e-03
6.849625e-03
4.799893e-03
7.240184e-03
-6.885140e-03
1.345332e-03
2.721193e-03
2.541635e-03
7.909760e-04
-1.921865e-02
7.952892e-03
-3.233277e-03
5.901064e-04
3.133513e-03
3.664847e-03
-2.209860e-03
-3.893761e-02
-3.870724e-02
-7.003680e-03
-1.209148e-02
-1.790046e-02
-1.365450e-02
-2.947484e-02
-2.417000e-02
-8.114137e-03
-1.244060e-02
-7.307081e-03
8.003451e-02
3.140494e-02
