1.708655e-02
2.086411e-02
8.831073e-03
2.092327e-02
2.603530e-02
1.804431e-02
8.798460e-03
1.061138e-02
7.603617e-03
1.711902e-02
7.735936e-04
4.845251e-03
3.581777e-03
8.396611e-03
-1.253822e-03
-1.432458e-02
6.160627e-03
4.115369e-03
-8.708955e-03
1.764591e-03
-9.397141e-03
-3.395551e-05
-1.607153e-03
-1.033297e-03
-4.219401e-03
1.160497e-02
-7.601336e-04
3.916498e-03
-1.819423e-02
-5.046654e-03
9.247226e-03
8.314519e-03
-1.415397e-02
-4.050061e-03
4.916202e-03
2.190955e-03
-2.291821e-03
-1.979011e-03
-3.815875e-03
-4.181879e-03
-9.429606e-03
-5.593621e-03
-1.490884e-02
-7.607459e-03
-1.068390e-02
-1.727516e-02
-4.027055e-03
-1.681813e-02
-7.058875e-03
-1.959447e-02
7.241515e-02
8.380451e-02
