1.593687e-02
9.053913e-03
4.449381e-02
2.174224e-02
1.932593e-02
2.036885e-02
-2.879824e-03
6.187626e-03
7.900834e-03
2.779538e-02
9.529205e-03
1.293812e-02
2.601986e-03
-5.975235e-03
3.782600e-03
1.359670e-02
-1.393831e-02
9.331042e-03
-6.617970e-03
8.035994e-04
-1.399363e-02
-1.022276e-02
-1.062188e-02
-1.812864e-02
3.203048e-03
7.747903e-03
-1.694265e-03
-2.257460e-02
-5.407784e-03
-5.784836e-03
-3.013644e-03
8.804468e-03
9.893094e-04
7.475412e-03
-6.449155e-03
1.141501e-05
-1.691754e-03
-6.723380e-03
4.137129e-05
1.502139e-03
-3.047510e-02
-4.712280e-02
-2.551678e-03
-3.312355e-02
-1.473642e-02
-2.948167e-02
-9.545066e-03
-4.522216e-02
-1.776528e-02
-1.296043e-02
3.670567e-02
8.249256e-02
