1.695914e-03
1.850239e-02
2.168203e-02
1.755797e-02
1.886100e-02
2.027387e-02
2.103743e-02
1.101245e-02
1.737916e-02
1.413111e-02
3.422295e-03
-2.796289e-03
4.291512e-03
-7.781704e-03
3.569444e-03
-5.288533e-02
1.874602e-03
-6.256884e-03
-2.462861e-03
-8.489059e-03
-4.364932e-04
-6.091637e-03
1.182139e-03
7.050677e-03
3.122551e-03
-2.080337e-02
-7.694144e-03
-5.827860e-03
2.413128e-03
2.753075e-03
-5.461007e-03
-3.699645e-03
-1.067617e-02
4.192996e-03
-5.801234e-03
6.501360e-03
1.127941e-02
-1.591786e-02
-1.676027e-02
1.096588e-03
-1.286488e-02
-7.109313e-03
-1.817375e-02
-2.155486e-02
-1.434955e-02
-5.935736e-02
-2.422034e-02
-1.784568e-02
-1.269377e-02
-9.444560e-03
3.771436e-02
5.658686e-02
