6.430826e-02
1.304530e-02
3.068033e-02
5.442339e-02
1.912662e-02
2.539509e-02
1.023817e-02
1.747395e-02
2.765500e-03
-1.444308e-02
-6.886831e-03
2.219797e-03
6.743257e-03
-1.666835e-02
-7.545219e-03
-2.915662e-03
-2.721879e-02
1.087546e-03
1.041959e-02
-1.554099e-02
-1.299953e-02
-1.599977e-03
9.687015e-04
-1.087171e-02
1.586602e-04
1.844891e-02
-2.694158e-03
-2.969478e-03
4.594609e-03
-1.033624e-02
-3.583297e-03
-6.852740e-04
-1.026275e-02
-1.915551e-02
-1.217850e-02
7.871591e-03
9.649955e-03
-9.460723e-03
1.068529e-02
1.436104e-02
-3.591514e-04
-3.082929e-02
-7.314681e-02
-3.873502e-02
-4.582824e-02
-1.214136e-02
-7.383098e-02
-2.527690e-02
-8.086411e-02
-1.497672e-02
1.239270e-01
5.833905e-02
