1.080491e-02
1.453101e-02
3.873203e-02
2.087133e-02
2.392307e-02
1.757387e-02
-1.129168e-02
9.719339e-03
7.847127e-03
2.556525e-02
1.739175e-04
6.466725e-03
1.383628e-03
-4.112201e-04
7.525987e-03
1.015187e-02
-1.768021e-02
4.748087e-03
-1.653920e-02
-3.664582e-03
-4.071072e-03
-1.031771e-02
-1.467392e-02
-1.524902e-02
3.023384e-03
2.113402e-03
4.358025e-03
-1.489455e-02
-1.386366e-02
-3.909606e-03
-1.339809e-03
6.328036e-03
-3.384896e-03
1.015425e-02
-1.360980e-03
2.886036e-03
-4.386887e-03
-6.239685e-03
9.853456e-03
1.139485e-04
-4.950937e-02
-2.976397e-02
-3.246147e-03
-2.337590e-02
-3.164141e-02
-4.908922e-02
-6.817559e-03
-4.569189e-02
-9.874757e-03
-1.894637e-02
6.604779e-02
8.857025e-02
