2.035533e-02
-3.679556e-04
-1.440963e-03
1.554477e-03
1.142072e-02
8.464032e-03
2.672191e-02
1.911025e-02
1.107683e-02
2.171265e-02
5.077401e-03
7.224610e-04
1.936379e-04
7.233477e-03
-1.120361e-02
-1.209926e-02
1.461328e-03
-8.657154e-03
-1.766905e-03
-8.916497e-03
9.722454e-03
-1.315026e-02
-1.159683e-02
-2.361103e-03
-1.024485e-02
-1.875171e-02
-2.305584e-02
-6.026550e-03
-1.589623e-03
2.727676e-03
3.649962e-03
-6.825936e-03
-1.356753e-02
-3.691594e-03
1.535201e-03
3.379815e-04
-2.061967e-03
-6.195716e-03
-2.636033e-04
-2.806595e-03
-1.348270e-02
-1.931770e-02
-1.986785e-02
-3.068741e-02
-2.776897e-02
-6.125508e-03
-1.413603e-02
-2.950805e-02
-1.688763e-02
-8.838371e-03
8.709092e-02
8.213958e-02
