5.921512e-03
1.822779e-02
2.703549e-02
2.140299e-02
2.396214e-02
1.918264e-02
2.754979e-02
8.556841e-03
1.609742e-02
1.822340e-02
8.581124e-03
4.406301e-03
1.262810e-03
-8.008099e-03
3.835699e-03
-2.628763e-02
-3.696831e-03
-1.420286e-02
-9.172649e-03
-7.412915e-03
-1.313674e-04
-9.044753e-03
-5.464395e-03
6.052601e-03
-2.928775e-03
-2.099365e-02
-7.005312e-03
-4.982968e-03
7.134601e-03
-3.064392e-03
-1.599153e-03
-6.378943e-03
-9.215448e-03
3.705959e-03
-2.919839e-03
6.673751e-03
1.384510e-02
-1.489221e-02
-6.984759e-04
-7.351897e-04
-1.836758e-02
-3.867247e-03
-8.495221e-03
-1.514171e-02
-1.884914e-02
-3.879185e-02
-2.617631e-02
-1.916074e-02
-7.686980e-03
-1.509037e-02
9.778147e-02
8.744187e-02
