5.377039e-03
2.883036e-02
2.094750e-02
1.092070e-02
2.000184e-02
1.634414e-02
1.973045e-02
-4.828906e-04
6.785819e-03
1.819127e-02
-1.928110e-02
1.973195e-02
-9.548373e-03
8.976656e-03
6.264679e-03
-6.779409e-03
5.005775e-03
4.174935e-03
4.492677e-03
-2.859846e-02
1.236171e-02
-1.017361e-02
2.930477e-03
-1.077524e-02
-1.528677e-03
-6.080507e-03
-5.431527e-03
-7.380764e-03
-3.224620e-03
9.480446e-03
-5.456188e-03
-2.664047e-03
-2.828335e-02
-1.214130e-03
9.413416e-03
-4.373627e-03
1.877198e-03
2.016922e-03
1.164377e-02
-1.594549e-02
-1.998630e-02
-8.858731e-03
-4.259352e-02
-2.249918e-02
-1.033244e-02
-3.297529e-03
-2.572264e-02
-9.933048e-03
-5.263069e-03
-7.855505e-03
3.794622e-02
6.797406e-02
