1.897184e-02
2.595039e-02
9.497113e-03
2.288712e-02
3.242255e-02
1.382741e-02
1.444286e-02
1.022043e-02
5.640190e-04
1.319625e-02
-3.388208e-03
5.839292e-03
9.951313e-03
8.409570e-03
-2.592094e-03
-3.385499e-02
7.636729e-03
6.918189e-03
4.313706e-04
4.128725e-03
-1.538141e-02
-6.399277e-03
-1.268353e-02
-1.155107e-02
-4.314342e-03
1.711489e-02
-2.835186e-03
6.429378e-03
-2.192265e-02
-5.510906e-03
-5.012196e-03
1.517740e-02
-1.276271e-02
-2.106801e-03
3.153044e-03
1.113973e-03
-2.376903e-03
-1.202413e-02
-4.324837e-03
-1.263965e-02
-2.246899e-02
-1.249869e-02
-1.477649e-02
-1.473338e-02
-1.498393e-02
-2.272130e-02
-1.862938e-03
-2.288541e-02
-5.393507e-03
-1.331446e-02
9.326332e-02
5.817228e-02
