2.253859e-02
6.591543e-02
1.247280e-02
1.789100e-02
1.504221e-02
7.630301e-03
1.787663e-02
8.381817e-03
1.697598e-02
9.114656e-03
-2.175121e-02
3.564707e-03
4.681468e-03
-4.323187e-03
1.377212e-02
-1.106596e-03
-1.351460e-02
-2.038315e-03
-5.620119e-03
-5.890372e-03
-2.230153e-03
8.433077e-03
3.288850e-03
-9.343479e-04
-4.257157e-02
-7.019472e-05
1.159024e-02
1.922759e-03
-5.259064e-03
9.590606e-03
2.522687e-03
-4.517852e-03
3.471777e-03
-7.182871e-03
5.980571e-03
-1.096949e-02
1.505011e-03
9.136899e-03
-1.947379e-03
-1.665101e-04
-6.073549e-03
-2.982397e-02
-3.946119e-03
-3.773773e-03
-1.812950e-02
-1.142380e-02
-1.724589e-02
-2.510236e-02
-2.546582e-02
-1.147735e-02
4.444819e-02
6.980053e-02
