1.223940e-02
3.381026e-02
2.257412e-02
2.247154e-02
1.568621e-02
1.598199e-02
1.312496e-02
1.020235e-02
1.997835e-02
1.102211e-02
-8.401320e-03
-5.772305e-04
1.678996e-02
4.067401e-03
-8.783517e-03
-8.159198e-03
-4.878241e-04
-3.244958e-02
-8.113672e-03
-3.095916e-03
7.328468e-03
-2.377370e-03
1.013755e-03
-6.425411e-03
-1.027908e-02
-3.582283e-03
-2.111578e-02
2.790359e-04
3.914944e-03
4.747831e-03
-1.613744e-03
-5.022226e-03
5.375869e-04
2.456343e-03
-1.695964e-03
-1.984292e-02
1.133491e-02
-1.645664e-03
7.771569e-03
5.288227e-03
-1.125250e-02
-1.535922e-02
-2.772551e-02
-1.913588e-02
-8.303164e-03
-3.661875e-03
-3.705596e-02
-1.471768e-02
-1.949524e-02
-2.324184e-02
4.453515e-02
7.684508e-02
