1.726739e-02
1.215975e-02
1.674922e-02
1.736246e-02
1.446975e-02
1.109132e-02
1.325366e-02
1.673726e-02
2.097066e-02
2.219629e-03
4.136646e-03
2.559420e-03
1.348823e-02
-3.064415e-03
3.729752e-05
-2.047022e-02
-8.425618e-03
-3.485387e-03
-2.432489e-02
-7.220355e-03
-8.189798e-03
-6.866107e-03
2.277250e-03
-2.361184e-02
1.024658e-02
-2.005189e-02
-9.874667e-03
-2.768438e-02
3.404021e-03
1.246041e-03
-9.202472e-03
-4.111649e-03
-5.431528e-03
-2.071798e-02
-7.622741e-03
1.068003e-02
-1.049135e-02
-8.920500e-04
-9.437028e-03
5.808975e-03
-1.312592e-02
-2.563135e-02
-2.856014e-02
-2.794607e-02
-3.259441e-02
-3.655390e-02
-1.487999e-02
-1.052005e-02
-1.801082e-02
-3.128477e-02
9.951327e-02
5.987111e-02
