1.660842e-02
3.261310e-03
1.704277e-03
3.940140e-03
1.022752e-02
9.248836e-03
1.816243e-02
2.247784e-02
1.276980e-02
1.400618e-02
1.244356e-02
1.337193e-03
-6.027457e-04
3.878169e-03
-1.650591e-03
-1.655180e-02
-1.269431e-05
-9.325954e-03
-2.688564e-03
-5.808259e-03
1.612767e-02
-7.517999e-03
-6.516451e-03
-2.055544e-04
-4.859344e-03
-1.864641e-02
-2.230773e-02
-5.715679e-03
-8.207867e-03
-4.617848e-04
-7.117636e-04
-8.572013e-03
-1.217566e-02
-3.402266e-03
7.074208e-03
7.804907e-03
-5.508249e-03
-6.662148e-03
-1.549308e-03
-1.542413e-03
-1.968446e-02
-2.221333e-02
-1.862785e-02
-2.758040e-02
-1.553731e-02
-7.637400e-03
-1.724704e-02
-5.451284e-02
-1.021307e-02
-5.791528e-03
9.390483e-02
9.928473e-02
