2.158043e-02
9.054530e-02
1.248968e-02
1.824922e-02
9.821836e-03
2.171937e-03
1.949786e-02
1.076295e-02
1.674638e-02
1.142912e-02
-1.780884e-02
2.256544e-03
-3.549599e-03
-6.836074e-03
9.418061e-03
-1.048503e-02
-1.575691e-02
-4.090934e-03
-9.580774e-03
-2.324449e-03
-5.699471e-03
5.875707e-03
-1.186378e-03
-7.153306e-04
-2.201824e-02
-3.895973e-03
6.288865e-03
7.733011e-03
-9.164040e-03
1.213127e-02
-3.072570e-03
-4.412540e-03
1.862945e-03
-9.220344e-03
2.887975e-03
-2.081185e-02
4.039183e-03
5.341659e-03
8.968066e-04
-5.341505e-04
-6.321761e-03
-5.378218e-02
-1.922024e-03
-1.906813e-02
-1.468068e-02
-1.025493e-02
-2.085768e-02
-1.786140e-02
-3.362395e-02
-1.155337e-02
-1.175238e-02
5.186211e-02
