1.284946e-02
2.507932e-02
2.337477e-02
2.004776e-02
1.563272e-02
1.233476e-02
1.475126e-02
6.995489e-03
2.279971e-02
5.354527e-06
-7.582490e-03
-1.393442e-03
7.105104e-03
3.289131e-03
-6.860765e-03
-8.027514e-03
-1.651106e-04
-3.990150e-02
-1.604685e-02
-4.866892e-03
7.180129e-03
-3.681236e-04
-3.687203e-03
-8.024327e-03
-1.610783e-02
-5.278012e-03
-1.726698e-02
-1.292265e-03
6.897636e-03
3.747554e-03
-4.664769e-03
-7.783081e-03
3.248553e-03
3.606470e-03
-2.656716e-04
-2.561785e-02
9.421541e-03
-2.097002e-03
7.089387e-03
4.213287e-03
-1.594576e-02
-1.675025e-02
-1.166591e-02
-1.829512e-02
-1.128012e-02
-3.546658e-03
-2.055555e-02
-2.063834e-02
-1.446523e-02
-2.308268e-02
5.806041e-02
7.901818e-02
