1.690976e-02
2.362251e-03
1.525022e-03
3.532782e-03
1.188134e-02
8.904964e-03
2.476648e-02
2.134185e-02
1.322147e-02
1.976730e-02
1.866662e-03
2.200167e-03
-4.342311e-04
5.757806e-03
-1.023367e-02
-1.455880e-02
-1.991192e-03
-1.454186e-02
-2.374557e-03
-1.612112e-02
8.152486e-03
-7.647008e-03
-7.168427e-03
1.872635e-03
-5.033344e-03
-2.017069e-02
-2.394193e-02
-4.196131e-03
-3.522551e-03
1.874090e-03
-2.933336e-03
-6.808966e-03
-7.257900e-03
-3.018844e-03
1.938589e-03
4.221155e-03
-2.963200e-03
-5.447925e-03
-2.127697e-03
1.466013e-03
-1.588792e-02
-2.064427e-02
-1.933288e-02
-2.668814e-02
-1.910322e-02
-3.678988e-03
-1.654242e-02
-3.078325e-02
-1.430972e-02
-1.032272e-02
8.648989e-02
8.383688e-02
