1.242316e-02
2.919103e-02
2.278208e-02
2.169862e-02
1.657423e-02
1.498063e-02
1.403560e-02
9.951176e-03
2.069719e-02
5.112158e-03
-9.326958e-03
2.682352e-05
9.339394e-03
2.682072e-03
-5.572249e-03
-5.475073e-03
3.036614e-04
-2.575810e-02
-1.183240e-02
-4.383759e-03
7.953216e-03
1.420885e-03
-1.118215e-03
-6.264450e-03
-8.216911e-03
-5.930624e-03
-1.885266e-02
-6.412804e-04
7.220313e-03
3.015806e-03
-4.104581e-03
-4.629889e-03
1.658254e-03
2.049433e-03
1.583851e-03
-2.328652e-02
1.210868e-02
-1.267380e-03
6.723749e-03
1.160404e-03
-8.474493e-03
-2.535007e-02
-1.525065e-02
-1.644946e-02
-9.427774e-03
-2.389173e-03
-3.838978e-02
-1.910007e-02
-2.145391e-02
-1.865549e-02
5.760532e-02
7.141374e-02
