2.242614e-02
2.699881e-02
2.318383e-02
1.470785e-02
1.886459e-02
1.699788e-02
1.670025e-02
1.558595e-02
3.588925e-02
2.396681e-02
-5.077898e-03
2.459919e-03
-1.332737e-03
3.109298e-02
9.532597e-03
-8.200524e-03
-2.111117e-04
-2.098404e-02
-6.815275e-03
-5.391504e-03
3.016369e-03
1.164360e-03
-6.329781e-03
-1.480212e-03
4.079003e-03
9.470774e-03
3.421834e-03
-8.052723e-03
5.310807e-03
-1.979011e-03
5.619337e-03
-3.189877e-03
-1.798625e-02
1.149031e-03
-8.228816e-03
1.422125e-03
9.729924e-03
-3.629642e-03
2.627774e-03
-3.443146e-02
-4.964826e-02
-6.374515e-03
-1.524775e-02
-1.892037e-02
-9.857341e-03
-1.493689e-02
-2.257903e-02
-5.406461e-03
-1.728615e-02
-7.950922e-03
8.530335e-02
4.888505e-02
