1.905119e-02
1.815735e-02
1.142937e-02
2.036565e-02
2.437756e-02
1.698914e-02
7.938014e-03
9.874292e-03
3.299758e-03
1.939889e-02
1.501237e-03
5.720422e-03
3.760772e-04
9.908620e-03
4.164839e-03
-1.730291e-02
5.709402e-04
3.219237e-03
-7.230997e-03
2.349327e-03
-1.016715e-02
-3.960733e-03
5.430408e-04
-4.463530e-04
-4.132032e-03
8.024566e-03
1.839792e-03
3.934957e-03
-1.611115e-02
-4.458931e-03
7.800063e-03
7.541955e-03
-1.654025e-02
-2.785099e-03
5.562610e-03
4.446636e-03
-4.737072e-03
6.851357e-04
5.278065e-04
-4.498417e-03
-1.171801e-02
-7.227449e-03
-1.608102e-02
-1.031420e-02
-1.671493e-02
-1.642726e-02
-4.152612e-03
-1.610670e-02
-1.208673e-02
-1.952982e-02
8.476391e-02
8.443675e-02
