2.112882e-02
3.545127e-04
-1.064370e-02
5.553650e-03
1.326193e-02
8.047429e-03
3.676654e-02
2.202126e-02
1.233305e-02
1.930484e-02
1.809540e-03
8.030746e-03
-2.563073e-04
4.904404e-03
-1.174810e-02
-1.151321e-02
-1.743925e-03
-1.212587e-02
-5.413269e-03
-1.561135e-02
8.342907e-03
-7.938202e-03
-2.790620e-03
8.585804e-03
-4.497596e-03
-2.078884e-02
-2.591516e-02
-1.133817e-02
-1.830669e-03
3.081089e-03
1.776079e-03
-6.354796e-03
-8.756648e-03
-2.983852e-03
3.197301e-03
2.914855e-03
-2.980594e-03
-4.598197e-03
-2.043504e-03
5.843815e-04
-1.616931e-02
-1.792978e-02
-2.408761e-02
-2.903303e-02
-1.570312e-02
-3.799766e-03
-2.189374e-02
-3.096951e-02
-1.874680e-02
-5.202024e-03
9.213706e-02
8.303501e-02
