2.184880e-02
1.702604e-02
2.634056e-02
1.910774e-02
1.716459e-02
1.524415e-02
2.159729e-02
1.677691e-02
3.821480e-02
1.929944e-02
-2.315537e-03
6.811105e-03
-4.133334e-03
3.484542e-02
3.911861e-03
-1.146297e-02
-4.909821e-04
-1.397322e-02
-8.332539e-03
-7.926485e-03
-6.536533e-03
3.289626e-03
-8.833961e-03
-7.666230e-03
4.691621e-03
5.164347e-03
7.394860e-03
-8.361368e-03
-2.195404e-03
1.466499e-02
7.408878e-03
-4.173389e-05
-2.464622e-02
7.940239e-03
-2.526578e-03
1.810208e-03
2.439069e-03
5.915460e-03
-9.005295e-04
-5.071365e-02
-3.940016e-02
-5.510880e-03
-1.049091e-02
-1.540444e-02
-1.235890e-02
-3.239214e-02
-2.446681e-02
-6.382562e-03
-1.409566e-02
-6.579640e-03
8.225356e-02
2.825049e-02
