2.728509e-02
8.711942e-02
1.214413e-02
1.609814e-02
1.585540e-02
-8.992365e-05
1.986364e-02
7.888929e-03
1.717667e-02
1.634658e-02
-1.071517e-02
5.564734e-04
7.395112e-03
-1.120201e-02
-2.610150e-04
-2.111385e-02
-9.944690e-03
-9.040314e-03
-4.902443e-03
-1.532200e-03
-1.065739e-02
2.195404e-03
1.654466e-02
-5.959453e-03
-4.537307e-02
-2.959768e-03
1.317909e-02
1.287128e-02
-1.255619e-02
9.825226e-03
-2.937843e-03
-4.339149e-03
4.342779e-03
-8.362271e-03
-9.215387e-03
-9.396381e-03
-8.640633e-04
-4.677072e-04
-5.898660e-03
-7.049308e-03
-7.394756e-03
-1.798235e-02
4.485298e-03
-1.899840e-02
-1.486230e-02
-1.379413e-02
-2.216723e-02
-5.326416e-02
-7.420006e-02
-1.099855e-02
-1.054725e-02
6.646311e-02
