9.726813e-03
1.586543e-02
2.345362e-02
1.778165e-02
2.230924e-02
1.497749e-02
2.523775e-02
9.489788e-03
1.686415e-02
2.083827e-02
1.195124e-02
-3.649428e-03
-4.027284e-04
-5.515590e-03
-7.072103e-05
-2.677143e-02
-2.281469e-03
-7.486452e-03
1.266491e-03
-6.923277e-03
1.839911e-03
-5.648401e-03
-3.129936e-03
4.670180e-03
1.603355e-03
-2.840833e-02
-1.479799e-02
-7.566017e-03
1.372157e-02
-2.063376e-04
-7.719420e-04
-7.969852e-03
-6.719405e-03
1.468286e-03
-4.921101e-03
1.220639e-03
1.076255e-02
-1.297694e-02
-4.539917e-03
3.751355e-04
-1.901751e-02
-5.375880e-03
-1.345140e-02
-1.691658e-02
-1.272909e-02
-2.709091e-02
-2.259596e-02
-2.567359e-02
-9.813148e-03
-1.706613e-02
7.641289e-02
8.877180e-02
