1.821961e-02
1.046069e-02
1.550651e-02
2.040764e-02
6.917970e-03
1.052877e-02
1.412687e-02
1.227925e-02
2.122627e-02
3.321178e-03
1.225892e-03
2.995082e-03
1.282771e-02
-5.121644e-03
4.010146e-03
-1.451305e-02
-1.184645e-02
-4.774112e-03
-2.370206e-02
-9.677086e-03
-6.155221e-03
-4.263891e-03
3.685324e-05
-4.210980e-02
1.060344e-02
-2.366516e-02
-9.391241e-03
-3.674793e-02
3.101595e-03
-8.765399e-04
-1.077762e-02
-7.271555e-03
-2.201985e-03
-2.206834e-02
-3.389121e-03
9.864633e-03
-1.467446e-02
-2.738883e-03
-6.911260e-03
2.874917e-03
-9.518174e-03
-2.289939e-02
-2.891424e-02
-4.023663e-02
-4.517558e-02
-3.513405e-02
-1.608958e-02
-6.797942e-03
-2.387991e-02
-2.857828e-02
7.489893e-02
6.013046e-02
