8.937544e-03
3.327156e-02
2.444796e-02
6.930232e-03
2.261944e-02
1.371005e-02
2.160897e-02
6.921152e-03
8.355892e-03
2.006524e-02
-1.499921e-02
1.632834e-02
8.146574e-03
9.746478e-03
3.886475e-03
-8.544531e-03
9.251011e-03
2.879788e-03
3.159030e-03
-2.711375e-02
7.076704e-03
-5.691269e-03
-5.418778e-03
4.349622e-03
1.515641e-03
-3.943090e-03
-6.344174e-03
-1.308892e-02
-8.389373e-03
4.077477e-03
-2.781502e-02
-6.565256e-03
-2.139036e-02
1.303568e-03
1.178953e-02
-5.969233e-03
-2.912454e-03
2.252136e-03
1.022601e-02
-2.161938e-02
-2.896032e-02
-4.675368e-03
-1.764902e-02
-3.016895e-02
-1.258511e-02
-8.086046e-03
-1.765318e-02
-3.959501e-03
-1.299452e-02
-1.072587e-02
5.133150e-02
6.692900e-02
