1.294696e-02
2.902475e-02
2.239354e-02
2.178964e-02
1.758598e-02
1.476216e-02
1.455489e-02
1.080035e-02
1.997429e-02
7.627039e-03
-9.379573e-03
1.568392e-03
9.838734e-03
2.211764e-03
-6.413477e-03
-7.268282e-03
-1.148685e-03
-2.503806e-02
-1.244478e-02
-2.922200e-03
8.902467e-03
6.573664e-04
-1.263953e-03
-6.683482e-03
-8.280141e-03
-7.051353e-03
-1.771498e-02
-6.863722e-04
6.306024e-03
3.685870e-03
-5.273688e-03
-4.379469e-03
2.415420e-04
4.439931e-03
6.134249e-03
-2.130838e-02
1.268518e-02
-1.331447e-03
7.481457e-03
1.189882e-03
-5.854258e-03
-2.254105e-02
-1.261908e-02
-1.897349e-02
-8.661998e-03
-2.316457e-03
-4.045389e-02
-1.911779e-02
-1.618893e-02
-1.964022e-02
5.943826e-02
7.254846e-02
