6.905550e-03
2.797169e-02
2.360768e-02
1.481669e-02
2.069943e-02
1.049358e-02
1.989758e-02
-1.208278e-03
1.002447e-02
1.872240e-02
-2.332090e-02
1.072907e-02
-1.446722e-05
7.613282e-03
-6.676899e-04
-8.008502e-03
5.877695e-03
4.497360e-03
2.346467e-03
-1.397828e-02
7.422477e-03
-3.711278e-03
-2.586983e-03
-9.424487e-03
5.260031e-04
-3.742709e-03
-5.116155e-03
-8.147186e-03
-1.313096e-03
6.892690e-03
-1.955561e-02
-3.857073e-03
-2.006346e-02
1.392896e-03
9.825979e-03
-3.488785e-03
-2.604609e-03
1.787296e-03
1.281889e-02
-1.199946e-02
-2.021995e-02
-1.322834e-02
-2.577603e-02
-2.398154e-02
-1.278092e-02
9.377140e-04
-1.631167e-02
-1.096178e-02
-8.675110e-03
-1.024401e-02
4.955291e-02
7.682010e-02
