1.231867e-02
5.112586e-03
3.874926e-02
2.876264e-02
2.168773e-02
2.933128e-02
-3.097207e-02
1.412046e-02
1.347033e-03
2.580950e-02
4.580410e-03
2.420563e-02
2.937271e-03
1.147823e-02
6.016705e-03
4.789769e-03
-2.787945e-02
4.455905e-03
-1.880954e-02
-3.107013e-04
7.427923e-03
-9.111971e-03
-8.270985e-03
-5.250231e-03
2.706335e-03
1.418649e-02
-2.783755e-04
-2.000000e-01
-1.196001e-02
-1.909415e-02
-2.784454e-02
1.856393e-02
3.565132e-03
1.031543e-02
-2.502000e-02
3.735737e-03
-5.921785e-03
-2.933004e-03
1.073986e-02
5.720626e-04
-5.026570e-02
-1.149014e-02
-3.238621e-04
-4.084412e-02
-6.154279e-03
-2.000000e-01
-3.542369e-02
-2.000000e-01
-1.094271e-02
-1.594207e-02
1.316831e-02
3.947762e-02
