1.323821e-02
2.925078e-02
2.144492e-02
2.243156e-02
1.627524e-02
1.608603e-02
1.209862e-02
1.002310e-02
2.015417e-02
6.616130e-03
-8.667713e-03
3.576604e-03
9.756762e-03
4.899272e-04
-7.286971e-03
-7.675919e-03
-1.201298e-03
-2.141592e-02
-1.259996e-02
-2.324892e-03
9.396875e-03
1.483985e-03
-2.910063e-03
-7.206498e-03
-8.616364e-03
-9.427309e-03
-1.854280e-02
-3.770593e-04
3.849692e-03
2.898423e-03
-5.051221e-03
-4.475009e-03
5.435860e-04
4.030707e-03
6.179631e-03
-1.909583e-02
1.113919e-02
-2.417282e-03
7.790437e-03
2.557950e-03
-9.536379e-03
-2.288064e-02
-1.364358e-02
-1.401576e-02
-6.950799e-03
-2.069320e-03
-3.762339e-02
-1.688416e-02
-2.049109e-02
-2.220031e-02
5.689058e-02
7.368290e-02
