9.066642e-03
4.377983e-02
2.622924e-02
1.112114e-02
2.062886e-02
1.182725e-02
2.425611e-02
1.254238e-03
6.513082e-03
2.577462e-02
-1.752413e-02
4.604031e-02
1.616392e-02
8.360830e-03
-3.287142e-03
-1.160912e-02
6.254478e-03
-2.552497e-03
-7.111437e-04
-4.218326e-02
5.116697e-03
-1.515726e-02
-1.257153e-02
5.240657e-03
-2.015252e-03
-1.550649e-03
-1.116754e-02
-1.496109e-02
-7.011889e-03
7.646966e-03
-6.597485e-03
-1.032155e-02
-5.573098e-02
-3.582741e-03
5.436998e-03
-7.063608e-03
-5.857453e-03
-2.197095e-03
5.422032e-03
-2.299240e-02
-7.867638e-02
-4.751424e-03
-1.372504e-02
-2.000000e-01
-2.102744e-02
9.005395e-05
-1.515236e-02
2.274729e-03
-8.677350e-03
-1.554866e-02
2.323258e-02
1.979031e-02
