6.064617e-03
1.882768e-02
2.400705e-02
1.926483e-02
2.189489e-02
1.926727e-02
2.420372e-02
8.711693e-03
1.646350e-02
1.753743e-02
7.737785e-03
3.858309e-03
2.792387e-03
-7.245803e-03
4.599328e-03
-2.490253e-02
-3.636552e-03
-1.102289e-02
-9.676283e-03
-7.080331e-03
1.617134e-03
-7.796228e-03
-4.942133e-03
6.822004e-03
-2.554681e-03
-1.987766e-02
-9.630400e-03
-5.578981e-03
4.592845e-03
-2.715484e-03
-5.568952e-04
-5.731612e-03
-6.540751e-03
4.379891e-03
-2.422901e-03
6.640893e-03
1.407081e-02
-1.466756e-02
-2.223213e-03
-2.781673e-04
-1.722813e-02
-4.711540e-03
-8.991037e-03
-1.788719e-02
-1.765120e-02
-3.382786e-02
-2.127423e-02
-2.017997e-02
-1.026220e-02
-1.327727e-02
8.735752e-02
8.662919e-02
