1.908245e-02
1.914642e-02
7.441415e-03
2.229878e-02
2.526296e-02
2.009059e-02
1.042303e-02
1.516577e-02
1.839192e-03
1.143059e-02
-3.849593e-03
-1.218427e-02
4.188797e-03
8.096278e-03
5.067147e-03
-1.973857e-02
-3.406905e-04
3.811763e-03
-1.113463e-02
-1.545573e-03
-7.389635e-03
-5.629775e-03
3.351528e-04
-1.497762e-03
-5.355115e-03
1.624987e-02
-7.276375e-03
6.064389e-03
-1.992804e-02
-2.118023e-04
1.265066e-02
6.923179e-03
-1.438581e-02
-1.007246e-02
3.841115e-03
4.659967e-03
-2.693145e-03
-1.769129e-03
2.867352e-03
-4.603383e-03
-1.509381e-02
-4.054581e-03
-1.328860e-02
-4.538727e-03
-1.580348e-02
-1.559045e-02
6.506533e-04
-1.762433e-02
-1.284728e-02
-1.792697e-02
2.659671e-02
5.409800e-02
