1.851807e-02
9.655967e-03
1.510966e-02
1.375675e-02
1.680282e-02
1.318207e-02
2.155953e-02
1.744562e-02
2.397432e-02
2.180293e-02
-4.848622e-03
5.637491e-03
1.141417e-03
1.809547e-02
1.118953e-04
-4.848023e-03
-6.907151e-04
-8.381433e-03
-5.883540e-03
-8.150615e-03
-2.887866e-03
3.413745e-03
-9.669497e-03
-1.029586e-02
3.175903e-03
5.197917e-03
7.294285e-03
-8.280887e-03
8.102974e-04
4.904849e-03
3.050216e-03
7.039879e-04
-1.714210e-02
8.091071e-03
-6.110840e-03
4.388034e-03
8.142934e-04
-2.784303e-04
-1.551536e-03
-2.572431e-02
-3.421638e-02
-5.751264e-03
-2.009691e-03
-1.524935e-02
-1.168035e-02
-3.288287e-02
-2.735902e-02
-1.675263e-02
-9.609725e-03
-9.959054e-03
3.945675e-02
1.394184e-02
