1.768580e-02
2.105901e-02
9.110153e-03
2.196581e-02
2.534482e-02
1.971840e-02
1.035970e-02
1.443799e-02
5.019496e-03
1.637459e-02
-1.525913e-04
2.669198e-03
4.273366e-03
7.424109e-03
1.093536e-03
-2.198745e-02
5.551824e-03
4.485858e-03
-1.085829e-02
1.025128e-03
-8.540242e-03
-5.992950e-04
-1.632078e-03
-7.651676e-04
-5.398010e-03
1.162761e-02
-2.950670e-03
6.288616e-03
-1.621818e-02
-5.813588e-03
8.548564e-03
6.934823e-03
-4.299091e-03
-4.595033e-03
2.275738e-03
1.577725e-03
-1.849437e-03
-8.375437e-04
1.324245e-03
-4.436537e-03
-9.766873e-03
-7.689357e-03
-1.508692e-02
-8.759342e-03
-6.849609e-03
-1.664256e-02
-4.536871e-03
-2.115060e-02
-1.202091e-02
-2.541606e-02
6.848793e-02
8.629443e-02
