6.550162e-03
1.775983e-02
2.301811e-02
1.818652e-02
2.050719e-02
1.861933e-02
2.342877e-02
7.947801e-03
1.609085e-02
1.644771e-02
6.521640e-03
3.255612e-03
2.740901e-03
-5.253696e-03
4.405020e-03
-3.394488e-02
-4.461308e-03
-1.069794e-02
-6.095459e-03
-7.288553e-03
1.726218e-03
-7.710919e-03
5.570978e-05
6.576338e-03
-9.755460e-04
-1.715658e-02
-8.898895e-03
-2.982083e-03
4.332328e-03
-2.432752e-03
-1.446058e-03
-5.704751e-03
-6.165441e-03
2.851700e-04
8.056420e-04
6.699618e-03
1.321744e-02
-1.532086e-02
-4.883402e-03
-3.896393e-04
-1.328475e-02
-6.302047e-03
-1.181161e-02
-1.822249e-02
-1.156507e-02
-2.981724e-02
-2.348316e-02
-1.975301e-02
-1.041341e-02
-1.310186e-02
8.112349e-02
7.940221e-02
