1.705916e-02
1.314577e-02
1.392638e-02
1.809294e-02
1.310058e-02
1.077601e-02
1.315997e-02
1.601052e-02
2.065674e-02
1.150519e-03
3.313749e-03
2.848184e-03
1.502023e-02
-4.144812e-03
2.452140e-03
-1.895347e-02
-8.988935e-03
-5.181312e-03
-2.787858e-02
-7.949108e-03
-7.439388e-03
-5.279190e-03
-1.194153e-03
-3.570091e-02
1.185065e-02
-1.921312e-02
-9.569624e-03
-3.127463e-02
3.081002e-03
1.205143e-03
-8.464079e-03
-4.550855e-03
-5.497598e-03
-2.696822e-02
-7.846734e-03
1.044011e-02
-1.947644e-02
4.589803e-04
-8.980457e-03
6.440287e-03
-1.087853e-02
-2.691929e-02
-3.364201e-02
-2.750883e-02
-4.249972e-02
-3.429096e-02
-1.390755e-02
-1.122164e-02
-1.796548e-02
-2.887316e-02
1.014899e-01
5.988225e-02
