1.488777e-02
1.876953e-02
1.933113e-02
1.554214e-02
1.513322e-02
7.803791e-03
1.383044e-02
1.853993e-02
1.095131e-02
1.274805e-02
-3.653342e-03
-1.484432e-02
4.046781e-02
-1.155959e-02
8.423503e-03
-5.121999e-03
-4.916668e-03
-4.897575e-03
7.095302e-03
-6.856358e-03
-4.540228e-04
-8.809197e-04
3.688370e-03
-1.067645e-02
-4.323494e-04
-3.922783e-03
-3.150718e-03
2.025919e-03
-3.198416e-03
3.949531e-03
-5.964457e-03
-7.808349e-03
-8.777979e-03
6.705617e-04
1.708675e-03
1.797304e-02
-1.310910e-03
-1.296528e-02
3.725919e-03
-1.053782e-02
-9.346607e-03
-1.305872e-02
-3.748643e-02
-2.362620e-02
-3.521819e-02
-4.596357e-03
-2.000279e-02
-2.497362e-02
-2.407668e-02
6.967954e-03
9.371255e-02
3.501457e-02
