1.623918e-02
1.124691e-02
5.685875e-02
2.293802e-02
2.168143e-02
2.029695e-02
-1.383312e-02
3.600035e-03
1.263551e-02
2.165495e-02
5.260280e-03
2.537254e-02
1.418994e-03
-2.489479e-03
7.452622e-03
9.790052e-03
-1.661661e-02
8.894333e-03
-1.905207e-02
-2.541808e-03
-3.317928e-03
-1.072337e-02
-1.094859e-02
-1.763645e-02
3.827051e-03
8.036702e-03
2.991831e-03
-1.965607e-02
-7.888023e-03
-1.137996e-02
-9.181728e-04
9.296683e-03
-6.880018e-04
1.025599e-02
-3.305538e-03
2.175880e-03
-2.009597e-03
-3.053974e-03
-7.623464e-05
8.350514e-04
-6.833876e-02
-4.306180e-02
-6.885813e-03
-2.866517e-02
-3.138119e-02
-5.271297e-02
-1.033580e-02
-4.183271e-02
-1.951022e-02
-1.941461e-02
6.186223e-02
8.964119e-02
