1.403691e-02
1.600484e-02
1.675376e-02
1.422594e-02
1.487728e-02
7.176191e-03
1.254465e-02
1.740124e-02
1.062341e-02
1.042892e-02
-2.038457e-03
-7.884468e-03
3.566717e-02
-1.047281e-02
6.500267e-03
-5.243741e-03
-4.134430e-03
-3.332051e-03
7.378851e-03
-6.182095e-03
-5.346721e-04
1.133292e-04
4.880082e-03
-1.184377e-02
4.678689e-04
-3.876982e-03
-3.352692e-04
9.657072e-04
-4.356112e-03
3.772806e-03
-6.554111e-03
-4.002666e-03
-7.308053e-03
2.581399e-03
2.487768e-03
1.810859e-02
-7.915610e-04
-1.391657e-02
-2.977360e-03
-9.384242e-03
-1.162822e-02
-1.080018e-02
-4.829561e-02
-2.460597e-02
-2.981113e-02
-5.605457e-03
-2.385264e-02
-2.139515e-02
-2.619816e-02
3.891629e-03
7.939562e-02
3.774637e-02
