1.962521e-02
1.693548e-02
1.761025e-02
2.244328e-02
2.004462e-02
1.522487e-02
2.358483e-02
1.446127e-02
4.040257e-02
2.517807e-02
-5.600873e-03
8.430613e-04
-5.544885e-03
2.426406e-02
3.815709e-03
-7.852845e-03
6.144440e-04
-1.290214e-02
-6.691670e-03
-6.796953e-03
-1.654807e-03
3.466777e-03
-6.794961e-03
3.416856e-04
5.113906e-03
5.970428e-03
6.716157e-03
-7.820504e-03
2.200632e-03
6.249621e-03
5.469285e-03
-6.347623e-04
-1.890328e-02
4.557038e-03
-6.503792e-03
-2.732135e-03
8.248563e-03
8.366300e-04
2.093132e-03
-3.328316e-02
-3.983747e-02
-6.616678e-03
-9.068952e-03
-2.027064e-02
-1.193514e-02
-2.525644e-02
-2.026047e-02
-1.181803e-02
-1.346736e-02
-6.669388e-03
9.412207e-02
4.844838e-02
