1.264840e-02
1.205004e-02
6.873276e-02
2.227198e-02
2.340036e-02
2.124398e-02
-1.790074e-03
8.300897e-03
1.113831e-02
2.452727e-02
7.581876e-03
1.517487e-02
2.937229e-03
-7.902138e-03
3.925176e-03
9.293196e-03
-1.317506e-02
7.924942e-03
-9.218046e-03
-6.885152e-04
-1.795408e-02
-1.336689e-02
-1.126412e-02
-1.384076e-02
4.457712e-03
7.816487e-03
-4.415321e-04
-1.701451e-02
-4.002169e-03
-8.963339e-04
-6.146573e-03
4.954725e-03
-7.976046e-04
9.587078e-03
2.166057e-03
-7.386296e-04
2.408290e-03
-7.670356e-03
7.596312e-03
3.643765e-03
-1.797318e-02
-2.121716e-02
-9.309047e-03
-4.418474e-02
-4.002385e-02
-4.254604e-02
-1.809432e-02
-3.492120e-02
-2.447881e-02
-1.619731e-02
1.123737e-03
8.061705e-02
