1.576340e-02
2.070679e-02
1.763505e-02
1.461860e-02
1.391419e-02
1.007671e-02
1.341703e-02
1.906100e-02
1.176606e-02
1.052659e-02
-5.367183e-04
-9.583422e-03
4.742895e-02
-1.208056e-02
8.368567e-03
-2.840869e-03
-5.917318e-03
-2.752935e-03
3.081115e-03
-5.190447e-03
-2.538118e-04
6.372547e-05
3.427526e-03
-8.923040e-03
2.185970e-03
-5.828858e-03
-3.646401e-03
1.221531e-03
-8.972005e-03
5.280318e-03
-7.845766e-03
-5.112541e-03
-9.503716e-03
4.648470e-03
2.166573e-03
1.647889e-02
-5.672746e-04
-1.408781e-02
-4.628641e-03
-1.067491e-02
-1.228776e-02
-1.042867e-02
-5.127282e-02
-2.387922e-02
-2.727621e-02
-6.214542e-03
-2.270103e-02
-1.922330e-02
-2.408008e-02
3.810478e-03
9.205563e-02
3.257720e-02
