1.787054e-02
1.529608e-02
7.127655e-03
2.562269e-02
3.294547e-02
1.903204e-02
7.637703e-03
1.375645e-02
7.455249e-03
1.628819e-02
-1.886303e-02
1.214127e-03
7.133939e-03
2.007813e-02
-5.026548e-03
-5.026357e-02
4.602829e-03
5.230928e-03
9.664149e-03
2.253217e-02
-2.180498e-02
-5.815027e-03
-1.939060e-02
-4.453989e-03
-2.714381e-03
2.374940e-02
6.690923e-03
1.593375e-02
-3.792292e-02
-8.592052e-03
1.732653e-03
1.202865e-02
6.515594e-03
-4.725139e-03
1.267795e-03
9.372020e-04
-4.200759e-03
-4.208411e-03
-5.118210e-03
-1.472946e-02
-2.412739e-02
-2.804781e-02
-1.802317e-02
-2.032189e-02
-9.592597e-03
-2.062838e-02
7.673765e-03
-3.209495e-02
-5.407215e-03
-1.510156e-02
4.396331e-02
4.104945e-02
