1.252116e-02
1.939680e-02
2.125199e-02
1.950970e-02
2.591227e-02
2.036678e-02
2.784176e-02
1.065933e-02
2.258313e-02
1.872216e-02
1.374344e-02
3.808696e-03
3.944861e-03
-4.537157e-03
8.683366e-03
-3.910631e-02
-5.134219e-03
-1.314172e-02
-5.676559e-03
2.027155e-03
3.150235e-03
-1.102614e-02
-1.890940e-04
6.858861e-03
7.461693e-03
-1.654634e-02
-1.409405e-02
-2.395858e-03
1.092445e-02
-5.457000e-03
-1.407717e-03
-6.860455e-03
-5.566158e-03
2.021236e-03
3.902587e-03
4.723992e-03
1.629075e-02
-1.521999e-02
-6.952897e-03
-3.769150e-04
-1.717060e-02
-1.157813e-02
-1.981049e-02
-2.686648e-02
-2.599843e-02
-3.834204e-02
-2.257615e-02
-2.389886e-02
-1.440739e-02
-1.062079e-02
9.019243e-02
8.655116e-02
