6.708538e-03
1.814320e-02
2.464552e-02
2.126335e-02
2.118338e-02
1.796150e-02
2.432554e-02
7.168224e-03
1.491879e-02
1.741974e-02
8.615559e-03
4.587848e-03
1.027351e-03
-5.119603e-03
4.176635e-03
-3.639298e-02
-5.600755e-03
-7.031584e-03
-6.980748e-03
-7.281101e-03
1.930214e-03
-8.690708e-03
5.262094e-03
5.737928e-03
-1.168267e-03
-1.712727e-02
-8.872207e-03
-6.678929e-03
5.865549e-03
2.123959e-03
-1.925504e-03
-6.436597e-03
-5.897123e-03
9.946386e-05
1.741736e-04
6.320527e-03
1.429512e-02
-1.849465e-02
-7.210051e-03
-1.563516e-03
-1.467306e-02
-4.902272e-03
-1.433834e-02
-1.317065e-02
-1.062540e-02
-2.983861e-02
-2.545852e-02
-2.087324e-02
-6.649574e-03
-1.475090e-02
8.246964e-02
7.910652e-02
