1.885247e-02
6.395537e-03
-3.260312e-03
3.337526e-03
1.297551e-02
8.783428e-03
1.593181e-02
2.208100e-02
9.328098e-03
1.706144e-02
4.699788e-03
1.016380e-02
-2.158642e-03
4.007848e-03
-5.874379e-03
-1.638046e-02
-1.050735e-03
-1.282548e-02
-2.777988e-03
-8.327932e-03
1.323923e-02
-4.238611e-03
-7.880225e-03
7.228227e-04
-4.756630e-03
-2.096493e-02
-2.645072e-02
-6.251725e-03
-7.038813e-03
-1.136952e-03
-1.710428e-03
-7.035565e-03
-7.925763e-03
-3.224836e-03
4.866311e-03
6.803008e-03
-4.484738e-03
-6.163533e-03
-2.208319e-03
2.756684e-05
-1.870264e-02
-2.164323e-02
-2.101900e-02
-3.174275e-02
-1.248185e-02
-5.098342e-03
-1.857368e-02
-4.801997e-02
-1.657860e-02
-8.541203e-03
1.042357e-01
9.312422e-02
