1.922721e-02
1.476957e-02
1.916172e-02
1.765605e-02
1.901073e-02
1.608953e-02
2.067984e-02
1.784969e-02
3.237867e-02
2.090045e-02
-4.412679e-03
6.476605e-03
-3.891270e-03
3.948675e-02
1.685425e-03
-3.343143e-03
6.055360e-05
-1.223718e-02
-8.125418e-03
-8.910254e-03
-7.002748e-04
3.525179e-03
-7.301698e-03
-6.148097e-03
3.527754e-03
5.769101e-03
7.642378e-03
-5.955231e-03
1.061447e-03
5.492221e-03
7.220938e-03
-1.974093e-03
-1.331620e-02
7.772654e-03
-6.924735e-03
1.280943e-03
4.895576e-04
1.795989e-03
-3.150416e-03
-3.611052e-02
-5.397241e-02
-3.399476e-03
-7.731966e-03
-1.795287e-02
-1.077410e-02
-4.418543e-02
-2.673401e-02
-1.004705e-02
-1.211951e-02
-9.353767e-03
7.620266e-02
2.671560e-02
