2.150568e-02
7.609205e-02
1.227365e-02
1.594829e-02
1.308326e-02
3.736413e-03
1.634844e-02
9.954830e-03
1.923491e-02
1.549671e-02
-1.737420e-02
3.097179e-03
1.554746e-02
-5.387362e-03
1.039535e-02
-4.218018e-03
-1.015628e-02
-1.487662e-03
-2.320612e-03
-2.398422e-03
-4.803898e-03
5.251521e-03
5.165433e-05
-1.435720e-03
-3.831544e-02
4.669664e-04
1.000184e-02
6.195189e-03
-7.139215e-03
1.293559e-02
2.019612e-03
-4.112776e-03
2.992717e-03
-3.636041e-03
-3.121895e-03
-1.212255e-02
-2.177283e-05
3.463814e-03
-7.894035e-03
1.536192e-05
-5.529766e-03
-3.729431e-02
-1.697964e-03
-9.921897e-03
-1.737998e-02
-1.091190e-02
-1.785099e-02
-1.360075e-02
-3.448719e-02
-1.293277e-02
1.310154e-02
8.174328e-02
