1.743068e-02
1.158324e-02
2.008067e-02
1.779574e-02
1.386016e-02
1.073106e-02
1.350911e-02
1.613328e-02
2.128674e-02
3.016356e-03
2.043071e-03
5.789547e-03
1.229405e-02
-2.179535e-03
-1.040069e-03
-2.273657e-02
-8.713077e-03
-2.203440e-03
-1.667350e-02
-4.996193e-03
-7.453299e-03
-5.837505e-03
4.744991e-03
-2.113085e-02
8.726203e-03
-1.933485e-02
-7.290659e-03
-2.251566e-02
1.580156e-03
2.849167e-03
-7.310449e-03
-3.532305e-03
-6.706704e-03
-2.458812e-02
-1.071773e-02
1.199423e-02
-1.197640e-02
7.004116e-04
-7.529476e-03
6.188646e-03
-9.913440e-03
-2.465691e-02
-3.046720e-02
-2.896870e-02
-2.875783e-02
-3.394314e-02
-1.147506e-02
-1.100387e-02
-1.699622e-02
-2.877254e-02
9.350164e-02
6.107354e-02
