2.858287e-02
1.867121e-02
1.653730e-02
3.097950e-02
1.796935e-02
2.378264e-02
2.334188e-02
1.580771e-02
1.140585e-02
1.200527e-02
-2.506541e-02
6.206819e-03
9.431184e-03
-5.080627e-03
-7.734426e-03
1.210238e-03
-1.686269e-02
-3.354386e-02
8.289083e-03
-4.084192e-03
-6.225182e-03
9.644993e-03
4.221782e-03
-3.466270e-03
-4.765777e-04
1.341542e-02
-7.770666e-03
-1.368784e-04
9.800239e-03
-4.475723e-03
-1.036288e-02
-7.093437e-04
-2.192269e-03
-1.872159e-02
-3.900605e-03
2.008145e-03
2.940908e-03
1.541100e-03
2.781307e-03
5.903168e-03
-2.221948e-02
-2.040837e-02
-2.647668e-02
-2.542948e-02
-1.729275e-02
-4.791130e-03
-3.156096e-02
-1.779894e-02
-3.086910e-02
-6.621960e-03
9.918856e-02
6.893605e-02
