9.539044e-03
4.252032e-02
3.806341e-02
1.736650e-02
3.087853e-02
1.171093e-02
2.097576e-02
1.003867e-03
1.018581e-02
3.761876e-02
-2.946433e-02
-1.719785e-02
-1.700644e-03
3.879298e-03
-9.041128e-03
-7.905953e-03
2.357542e-03
2.707531e-03
-2.102815e-03
-4.589591e-02
7.361678e-03
-4.675560e-03
-6.297486e-03
4.962547e-03
1.717627e-03
-4.332059e-03
-3.740389e-03
-2.947246e-03
-5.077124e-03
6.146914e-03
-8.902785e-04
-6.872871e-04
-2.468187e-02
6.380115e-03
2.152003e-03
-1.199483e-02
-1.109754e-02
-2.737770e-03
1.083347e-02
-7.510270e-03
-3.705029e-02
-8.507019e-03
-1.290075e-02
-6.575933e-03
-4.933914e-03
-9.699786e-03
-1.825347e-02
1.362813e-03
-6.042234e-03
-1.530184e-02
3.329118e-02
9.018967e-02
