2.621608e-02
1.483806e-02
1.553703e-02
2.782907e-02
1.842231e-02
2.657428e-02
2.283448e-02
1.464236e-02
1.428499e-02
5.040608e-03
-1.443542e-02
7.176090e-03
9.868920e-03
-2.382555e-03
-4.663575e-03
-1.726105e-03
-1.591419e-02
-2.901502e-02
9.113042e-03
-1.508348e-03
-9.600541e-03
6.917783e-03
5.156866e-03
-8.422633e-03
-1.742544e-03
1.245483e-02
-6.569982e-03
-4.117634e-03
1.004248e-02
-7.714418e-03
-1.014205e-02
-7.422930e-04
-6.159795e-03
-7.834234e-03
-3.917493e-03
1.182731e-03
7.225077e-03
2.179882e-03
2.038376e-03
7.368968e-03
-2.190303e-02
-2.376580e-02
-3.020149e-02
-1.249062e-02
-2.023068e-02
8.763493e-03
-3.132846e-02
-1.967361e-02
-3.329392e-02
-8.034855e-03
9.522675e-02
6.619037e-02
