1.754909e-02
1.138794e-02
2.047922e-02
1.793097e-02
1.399249e-02
1.056733e-02
1.328668e-02
1.635164e-02
2.154667e-02
3.139079e-03
2.215073e-03
5.783592e-03
1.251169e-02
-2.117561e-03
-1.003698e-03
-2.306114e-02
-8.822951e-03
-2.049570e-03
-1.638860e-02
-5.353390e-03
-7.642555e-03
-6.074229e-03
4.709194e-03
-2.323458e-02
8.797745e-03
-1.865337e-02
-7.355471e-03
-2.299481e-02
1.724068e-03
3.068667e-03
-7.217952e-03
-3.415679e-03
-6.433903e-03
-2.374170e-02
-1.112051e-02
1.177875e-02
-1.111253e-02
6.721880e-04
-7.902969e-03
6.202036e-03
-1.068597e-02
-2.455877e-02
-3.079438e-02
-2.858684e-02
-2.917809e-02
-3.494969e-02
-1.176473e-02
-1.054859e-02
-1.707230e-02
-2.896039e-02
9.380528e-02
6.109964e-02
