2.181283e-02
6.712986e-02
1.427915e-02
1.662195e-02
1.290433e-02
5.902692e-03
1.747993e-02
1.027252e-02
1.975008e-02
1.180864e-02
-1.637256e-02
4.074718e-03
1.839556e-03
-5.584818e-03
5.589830e-03
-7.295169e-03
-1.334919e-02
-2.321663e-03
-7.990638e-03
-4.091715e-03
-2.176248e-03
6.000139e-03
1.071093e-03
-1.441158e-03
-3.234993e-02
-1.697425e-03
9.131655e-03
4.168048e-03
-4.547066e-03
1.227904e-02
9.129858e-04
-8.406029e-04
4.394175e-03
-6.095201e-03
2.048117e-03
-1.198264e-02
1.942984e-03
5.999894e-03
-6.438409e-04
-1.151047e-03
-2.913181e-03
-3.271809e-02
-2.322410e-03
-8.286715e-03
-1.815243e-02
-1.051791e-02
-1.210918e-02
-1.772036e-02
-2.843913e-02
-9.457581e-03
3.033182e-02
8.006033e-02
