2.016254e-02
1.703577e-02
1.550694e-02
1.798134e-02
1.567192e-02
1.977361e-02
3.688104e-02
2.045286e-02
1.168126e-02
1.367912e-02
5.090669e-03
9.135878e-03
9.518103e-03
-1.384417e-02
-1.287753e-02
-1.078581e-02
2.769135e-03
-1.923277e-02
-4.651086e-04
8.944105e-03
-2.706623e-02
-8.398289e-03
-4.143929e-03
-1.332601e-02
-2.024073e-02
-8.765561e-04
-6.483904e-03
-6.381378e-03
-1.933204e-02
2.966328e-03
-6.875471e-03
-5.762291e-03
3.868428e-03
-3.930713e-03
1.562303e-03
-6.260648e-04
-6.177762e-02
8.707096e-03
-4.880094e-03
4.458482e-03
-1.818842e-02
-7.059736e-02
-3.047717e-03
-6.447566e-03
-2.683588e-02
-1.483706e-02
-3.157086e-03
-2.814980e-02
-7.824802e-03
-8.479242e-03
6.465544e-02
4.014111e-02
