1.120612e-02
1.348775e-02
1.491030e-02
1.938630e-02
-4.447527e-03
7.075823e-03
1.602640e-02
9.133985e-03
-8.741575e-03
6.483777e-03
-8.335759e-03
7.849243e-03
-4.472767e-03
2.289366e-02
-7.636619e-03
2.232003e-03
-1.215417e-02
-3.628825e-03
-1.993400e-03
6.324309e-03
4.249465e-04
6.411692e-04
4.359133e-03
-8.913402e-03
-1.019217e-02
-1.871753e-03
4.140906e-03
4.994384e-03
7.319115e-03
-3.730698e-02
-4.255933e-03
1.456278e-02
-2.227405e-03
-2.419980e-03
4.643147e-03
-1.524072e-02
4.677131e-03
-2.409387e-02
-1.106403e-02
-1.781971e-02
-4.780318e-02
-2.723434e-02
-2.503948e-02
-1.448805e-02
-1.408339e-02
-2.902899e-02
-1.777097e-02
-6.527107e-03
-1.061612e-02
-8.247307e-03
3.732149e-02
3.300733e-02
