1.406657e-02
2.511507e-02
2.064115e-02
1.474218e-02
1.851718e-02
1.228742e-02
1.244535e-02
-1.105581e-02
2.051147e-02
1.381249e-02
-6.634763e-03
5.900132e-03
1.313089e-03
5.298203e-03
5.074626e-03
-3.436073e-03
1.122460e-02
6.176477e-03
-2.710209e-03
3.891781e-04
-2.524518e-03
-2.758691e-02
-3.236879e-03
1.459299e-03
3.721564e-03
3.263315e-03
4.864114e-03
7.545051e-03
-6.161806e-03
-3.979064e-03
6.278618e-03
-3.263446e-03
9.230388e-03
-2.741314e-02
-2.166897e-02
-7.585501e-03
8.728084e-03
3.372962e-03
1.359442e-02
-2.236735e-03
-9.774982e-03
-1.653018e-02
-3.333556e-02
-2.013031e-02
-2.448722e-02
-3.161609e-02
-1.397987e-02
-4.777704e-03
-3.942710e-02
-3.275761e-02
7.245471e-02
7.076830e-02
