1.782691e-02
2.640761e-02
2.215178e-02
1.899351e-02
2.232692e-02
1.688433e-02
1.362885e-02
-1.633637e-03
2.098204e-02
1.445951e-02
-1.100595e-02
4.640201e-03
3.328590e-03
6.273835e-03
1.055567e-02
-5.166969e-03
1.037789e-02
6.945924e-03
-7.075928e-03
1.011340e-03
-3.530225e-03
-2.287923e-02
-1.704311e-03
2.618765e-03
5.669396e-03
7.592306e-03
8.201855e-03
1.015978e-02
-1.019130e-02
-4.374295e-03
7.906942e-03
-4.410554e-03
8.713049e-03
-2.254673e-02
-1.998193e-02
-6.178798e-03
8.832589e-03
5.221121e-03
1.468200e-02
5.010831e-04
-5.254525e-03
-2.563160e-02
-5.042817e-02
-1.234599e-02
-3.402070e-02
-2.794315e-02
-2.511475e-02
-2.466489e-03
-4.354712e-02
-4.731612e-02
9.454012e-02
8.351386e-02
