1.383777e-02
1.379131e-02
2.061065e-02
3.552822e-02
2.965701e-03
7.637779e-03
2.337132e-02
2.167195e-02
1.108274e-02
1.029704e-02
-4.132011e-03
-1.751348e-03
-1.769127e-02
-9.396410e-04
3.025766e-03
-2.893958e-02
8.804859e-03
-2.941192e-03
-8.023215e-03
-2.668904e-03
-7.880602e-04
1.161552e-02
3.391068e-03
2.108296e-03
-4.449068e-03
-5.495602e-03
1.562931e-03
1.322679e-03
-1.041145e-04
2.889036e-03
2.973799e-03
-2.124000e-02
7.640308e-03
-1.283604e-02
-4.249262e-03
-1.357072e-02
-6.005531e-03
3.638395e-03
-4.994725e-03
5.139203e-03
-2.456767e-02
-2.807214e-02
-3.069499e-02
-1.014211e-02
-8.422219e-03
-7.594496e-03
-1.863905e-02
-9.207900e-03
-9.645546e-03
-2.753016e-04
5.504215e-02
7.676971e-02
