2.607479e-02
1.881439e-02
9.974383e-03
1.686938e-02
1.556175e-02
7.989179e-03
1.252485e-02
1.388600e-02
8.874842e-03
2.217229e-02
4.661746e-03
2.756823e-03
1.010643e-02
-4.560549e-03
1.337553e-03
3.098842e-03
1.607439e-04
2.669099e-04
9.714469e-03
-2.106852e-03
-3.085731e-02
6.224380e-04
5.870363e-03
-2.224475e-02
1.297688e-03
4.655405e-03
1.019954e-02
-3.648677e-03
-9.290735e-04
1.540930e-03
1.244783e-03
3.448145e-04
5.465177e-03
4.163628e-03
2.678371e-03
8.402353e-03
-1.769605e-02
-7.392478e-03
8.592097e-04
-5.547648e-03
-1.384047e-02
-2.096968e-02
-2.175156e-02
-1.489594e-02
-8.867900e-03
-1.748716e-02
-1.821966e-02
-3.857944e-02
-1.435225e-02
-1.241632e-02
8.499153e-02
8.195504e-02
