1.407209e-02
1.294490e-02
2.037453e-02
3.584693e-02
-1.608916e-03
1.102301e-02
1.937434e-02
2.279006e-02
9.392884e-03
1.091357e-02
-2.255573e-03
-1.351126e-03
-8.869803e-03
1.430319e-03
-1.890230e-03
-9.809980e-03
6.994329e-03
-1.294262e-03
-7.266594e-03
5.700925e-03
2.482423e-04
1.114118e-02
4.386142e-03
1.823085e-03
-4.412591e-03
-5.683340e-03
5.233542e-03
8.489572e-05
-1.957300e-03
2.271287e-03
1.124338e-03
-1.926836e-02
1.149867e-02
-1.029988e-02
-7.370202e-03
-2.234660e-02
-1.188099e-03
-2.412311e-03
-5.523078e-03
6.148320e-03
-1.865781e-02
-2.757143e-02
-2.787273e-02
-1.166873e-02
-4.645421e-03
-1.026356e-02
-2.162905e-02
-6.860209e-03
-1.382087e-02
-8.329345e-04
4.878645e-02
6.321277e-02
