1.541937e-02
1.264448e-02
1.785061e-02
3.078557e-02
3.545177e-03
1.354148e-02
1.904079e-02
2.064896e-02
1.328252e-02
1.019642e-02
-1.496489e-03
-2.837064e-03
-2.855668e-03
2.616622e-04
1.624867e-03
-2.160111e-02
6.072073e-03
-5.359736e-03
-8.505235e-03
1.330408e-03
-1.698722e-03
1.049153e-02
3.330887e-03
-1.656205e-03
3.523963e-03
-2.900558e-03
-2.044835e-04
6.648745e-04
-3.576067e-03
5.930253e-03
2.573094e-03
-2.471237e-02
1.342069e-02
-1.020610e-02
-6.191557e-04
-2.566183e-02
-3.287913e-03
3.190408e-03
-2.856361e-03
6.716568e-03
-2.200423e-02
-2.300951e-02
-1.863180e-02
-1.354728e-02
-6.971449e-03
-5.608308e-03
-2.370725e-02
-1.151915e-02
-1.642451e-02
4.125089e-03
7.037367e-02
8.354764e-02
