1.906398e-02
1.597929e-02
1.582781e-02
2.148343e-02
1.789628e-02
2.135310e-02
3.012550e-02
2.100922e-02
7.380327e-03
1.730527e-02
6.256255e-03
6.309841e-03
1.059485e-02
-1.570574e-03
-9.777014e-03
-5.684900e-03
3.068738e-03
-1.636508e-02
-4.301093e-03
1.167730e-02
-2.419470e-02
-3.216365e-03
-1.042589e-03
-1.409526e-02
-1.648324e-02
-1.563362e-04
-5.044659e-03
-1.173408e-02
-1.678373e-02
-2.406494e-04
-5.295230e-03
-4.867069e-03
5.639201e-03
-1.117920e-02
3.767750e-03
1.301153e-03
-3.288699e-02
1.391691e-02
-7.688710e-03
2.429837e-03
-2.718771e-02
-5.457717e-02
-3.483712e-03
-3.712708e-02
-2.751226e-02
-1.690220e-02
-8.246596e-03
-2.652588e-02
-1.588363e-02
-1.146849e-02
8.852414e-02
5.794480e-02
