3.827230e-03
1.865007e-02
1.593896e-02
1.486311e-02
2.270256e-02
1.867745e-02
-3.286615e-04
1.328614e-02
1.959779e-02
9.327570e-03
6.899318e-03
-1.166295e-02
6.389159e-03
-4.341753e-03
1.443931e-03
-7.216798e-03
5.622815e-03
-1.611266e-02
-6.911571e-03
-7.801795e-03
-1.293651e-02
1.656861e-03
-1.342573e-03
-6.706855e-03
-1.241035e-02
2.452243e-03
-9.912808e-03
-6.579891e-03
-1.963785e-03
2.793228e-03
-9.899948e-03
-1.018831e-02
-5.073431e-03
4.372108e-03
-1.454396e-03
-2.981892e-02
-1.325334e-02
-7.470588e-03
-1.131199e-02
1.501110e-03
-1.012202e-02
-3.393600e-02
-1.688503e-02
-2.996560e-02
-1.723189e-02
-5.480954e-02
-1.292337e-02
-2.355818e-02
-3.642929e-02
-5.029550e-02
2.963525e-02
4.040203e-02
