2.028972e-02
1.933588e-02
1.594973e-02
1.653574e-02
1.803398e-02
2.156352e-02
3.149192e-02
2.277393e-02
1.158601e-02
1.526671e-02
8.228853e-03
7.569506e-03
1.404374e-02
-1.213612e-02
-1.263662e-02
-9.130546e-03
2.335810e-03
-1.825622e-02
-2.285641e-03
6.454902e-03
-1.969210e-02
-3.367928e-03
4.681241e-04
-1.114277e-02
-1.016358e-02
-2.213114e-03
-3.872659e-03
-5.609832e-03
-2.223528e-02
3.326380e-03
-5.886190e-03
-4.246883e-03
5.383275e-03
-6.309498e-03
2.980210e-03
1.363932e-03
-3.324791e-02
9.000579e-03
-7.924487e-03
1.832734e-03
-2.226332e-02
-4.472090e-02
-4.265041e-03
-1.612312e-02
-3.279747e-02
-2.378728e-02
-7.095183e-03
-2.514727e-02
-1.705801e-02
-1.122363e-02
7.608957e-02
5.464288e-02
