1.463223e-02
2.979357e-02
2.288721e-02
1.469569e-02
2.631264e-02
1.998594e-02
6.007213e-03
1.709307e-02
1.656223e-02
1.427643e-02
6.907303e-03
2.153683e-02
-2.101023e-04
-6.878001e-03
-1.023068e-02
-1.603199e-03
4.816764e-03
5.889836e-03
2.646687e-03
-7.854275e-03
-1.182993e-02
2.325646e-03
-3.616978e-02
2.147609e-03
-1.571139e-02
2.917058e-03
-1.063987e-02
3.204624e-03
-2.362418e-02
8.020064e-03
-7.761124e-03
-4.562524e-03
8.319723e-04
6.997774e-03
-5.595434e-03
4.274065e-03
4.232792e-03
-9.419030e-03
-9.168063e-03
6.010803e-03
-2.484056e-02
-1.854892e-02
-4.566233e-03
-2.662914e-02
-1.484963e-02
-1.283120e-02
-9.827726e-03
-3.623809e-02
-1.319355e-02
-4.663785e-02
7.614859e-02
7.263082e-02
