2.379975e-02
2.421794e-02
1.775324e-02
1.877856e-02
1.786031e-02
1.949936e-02
3.238031e-02
2.596982e-02
1.445695e-02
2.079881e-02
9.774235e-03
6.481163e-03
1.228032e-02
-2.828186e-04
-2.105055e-02
-1.851248e-02
4.187677e-03
-2.676551e-02
-6.910548e-03
5.110585e-03
-3.060826e-02
-2.797199e-03
1.409665e-03
-9.446769e-03
-2.179116e-02
-7.912668e-03
-4.646598e-03
-1.310606e-02
-1.555533e-02
3.728564e-03
-1.250361e-02
-2.524161e-03
4.366009e-03
-1.053700e-03
6.274316e-03
7.971738e-04
-6.188208e-02
2.940991e-03
-1.247538e-02
-7.086160e-04
-2.569482e-03
-6.160733e-02
-5.809344e-03
-1.839583e-03
-3.856743e-02
-1.648325e-02
1.356491e-03
-4.448769e-02
-1.878703e-02
-1.150385e-02
7.986132e-02
7.138922e-02
