3.230467e-02
1.447405e-02
8.778325e-03
1.357103e-02
1.724068e-02
1.868071e-02
1.772522e-02
1.656720e-02
1.923247e-02
2.441595e-03
3.603413e-04
5.474724e-04
4.670720e-03
-7.284384e-03
-8.550464e-03
-4.443090e-03
2.450350e-03
1.104157e-03
-1.601319e-03
3.069020e-03
-2.181657e-03
5.818363e-04
1.504704e-03
4.624114e-03
-3.675153e-02
-8.250204e-03
-1.511473e-02
7.086125e-04
9.421569e-04
6.373366e-03
-1.974855e-02
-5.277873e-03
-1.082797e-02
-1.794150e-02
-1.504854e-02
9.029904e-03
7.627112e-04
-1.031435e-02
1.637640e-05
-2.132975e-03
-3.880972e-02
-1.186055e-02
-1.521524e-02
-2.064778e-02
-1.369808e-02
-4.141856e-02
-1.769263e-02
-3.890184e-02
-1.779178e-03
-2.237398e-02
5.742570e-02
5.532422e-02
