1.654008e-02
4.247605e-02
3.347449e-02
2.057331e-02
2.802601e-02
2.816841e-02
7.869055e-03
1.630443e-02
1.553939e-02
1.682204e-02
1.114218e-02
3.131610e-02
-4.023646e-03
-1.126785e-03
-6.913468e-03
-1.146461e-02
-8.552528e-04
6.247995e-03
3.583883e-03
-9.482929e-03
-1.897508e-02
1.144722e-02
-2.372946e-02
-1.542243e-03
-5.948034e-03
-5.142090e-03
-1.519368e-02
3.196565e-03
-2.202255e-02
1.272702e-02
-1.072630e-02
1.776600e-03
-2.823815e-03
4.541078e-03
-6.515147e-03
9.310933e-03
6.044957e-03
-6.194319e-03
-5.881696e-04
2.157925e-02
-2.849084e-02
-3.661777e-02
-3.031675e-03
-5.950916e-02
6.516309e-04
-1.551579e-02
-1.072817e-02
-5.035167e-02
-1.089303e-02
-3.171308e-02
6.545837e-02
4.596974e-02
