1.403436e-02
2.255763e-02
1.169455e-02
2.915435e-02
2.956494e-02
1.982222e-02
1.621920e-02
1.493015e-02
1.594970e-02
1.909688e-02
-1.199243e-02
2.832772e-03
7.244625e-03
3.702980e-03
-9.020007e-03
-2.986989e-03
-5.411576e-03
1.182214e-02
6.370517e-03
-1.538470e-02
-2.035624e-02
4.028043e-03
-1.849904e-03
-1.208091e-02
1.206901e-02
1.629269e-03
-4.056210e-02
3.851603e-03
6.288399e-05
-3.701585e-04
8.524554e-03
4.800905e-03
-3.966876e-03
3.879169e-04
-1.301330e-02
-1.172123e-02
6.478277e-03
1.735946e-03
7.814064e-04
-9.608020e-03
-2.935717e-02
-8.238608e-03
-2.177508e-02
-6.300199e-03
-1.554246e-02
-1.240946e-02
-4.704599e-02
-1.184539e-02
-3.112769e-03
-1.706531e-02
9.798654e-02
9.488020e-02
