1.209119e-02
1.154021e-02
2.002241e-02
2.733463e-02
4.963528e-03
1.589945e-02
1.931554e-02
1.444020e-02
1.520613e-02
1.195545e-02
-2.856867e-03
-2.768735e-03
-1.355842e-02
5.531155e-03
2.215385e-03
-1.751051e-02
7.134377e-03
-1.832286e-02
-7.801336e-03
1.702208e-03
6.018705e-03
1.225926e-02
9.560672e-03
-1.465249e-03
-5.931974e-03
-4.321638e-03
-7.859414e-03
5.576112e-03
1.491395e-03
1.664154e-03
-6.366608e-03
-1.750630e-02
8.118983e-03
-1.227615e-02
-5.606674e-03
-2.026569e-02
-6.042179e-03
2.903469e-03
-7.075280e-03
7.915666e-03
-1.841771e-02
-3.442922e-02
-3.275541e-02
-1.179713e-02
-9.151399e-03
-5.460863e-03
-1.227570e-02
-1.039383e-02
-2.168177e-02
-5.925727e-03
3.683356e-02
4.888091e-02
