1.178704e-02
6.862897e-03
1.049290e-02
9.828881e-03
-9.162474e-03
2.269558e-02
2.542254e-02
1.701709e-02
1.045166e-02
1.343471e-02
-1.090824e-02
2.011105e-02
-4.927243e-03
-1.059537e-02
1.837090e-03
9.479369e-03
2.169011e-03
-1.106504e-02
-2.258613e-03
7.950760e-03
5.625898e-03
-2.260802e-03
-2.849770e-02
6.816987e-03
-1.129342e-02
-3.010317e-03
7.790077e-03
1.422903e-03
-5.470576e-03
-2.282040e-02
-1.953967e-03
-3.864317e-02
-1.553429e-03
-1.163701e-02
-1.009778e-02
-6.567840e-04
1.851800e-02
-1.461949e-04
6.736205e-03
-1.615935e-02
-2.189471e-02
-3.608862e-02
-1.674598e-02
-4.297787e-02
-1.822599e-02
-3.686285e-02
-1.550882e-02
-1.792729e-02
-1.685950e-02
-6.853165e-02
4.894835e-02
5.709755e-02
