8.415421e-03
3.534215e-02
8.806309e-03
1.253625e-02
1.704794e-02
7.239897e-03
2.962995e-03
2.333104e-02
2.112502e-02
1.444437e-02
-2.038744e-03
2.897770e-03
-1.925162e-03
-6.929038e-03
-2.033770e-02
-3.461293e-02
-7.094590e-03
6.368188e-03
-1.193781e-02
-3.911679e-03
-6.913948e-03
5.861538e-03
1.007015e-03
1.553376e-03
1.131692e-02
-1.140203e-02
8.571984e-03
6.386236e-03
4.759187e-03
9.665402e-03
9.609297e-03
-2.386262e-02
-4.100829e-03
-7.606686e-04
-1.080051e-02
3.378741e-03
-1.419046e-02
-6.166321e-03
-8.822948e-03
-3.582290e-03
-1.438737e-02
-9.573048e-03
-2.324135e-02
-1.148226e-02
-1.783053e-02
-2.659473e-02
-3.270846e-02
-3.807683e-03
-6.831538e-03
-6.017758e-02
5.642650e-02
5.645589e-02
