7.486401e-03
2.297283e-02
1.866341e-02
2.218352e-02
2.567663e-02
1.911727e-02
1.361514e-03
1.632662e-02
2.014197e-02
1.059124e-02
4.786017e-03
-7.766718e-03
9.993275e-04
-4.496857e-03
4.546907e-03
-6.193461e-03
5.525362e-03
-1.121065e-02
-5.397038e-03
-8.779309e-03
-1.295215e-02
2.026696e-03
4.744937e-04
-8.337376e-03
-1.314724e-02
3.309624e-03
-7.206496e-03
-8.174246e-03
2.719803e-03
5.486771e-03
-1.197019e-02
-8.834710e-03
-8.430391e-03
7.440702e-03
-2.747838e-03
-2.172118e-02
-1.192050e-02
-7.834246e-03
-8.548037e-03
8.247250e-04
-1.109460e-02
-6.045350e-02
-2.032824e-02
-2.792832e-02
-2.315233e-02
-3.225042e-02
-1.034934e-02
-2.532103e-02
-1.754553e-02
-3.605596e-02
7.414802e-02
6.310182e-02
