9.159571e-03
1.687258e-02
1.273558e-02
1.471921e-02
1.805404e-02
8.580140e-03
5.015201e-03
2.260862e-02
1.916548e-02
1.638163e-02
-6.950361e-03
3.907660e-03
9.965981e-03
-6.518456e-03
-1.980748e-02
-2.483782e-02
-1.743893e-03
4.078247e-03
-5.256580e-03
-1.329440e-03
-7.312078e-03
4.663758e-03
-2.372879e-04
3.987074e-03
9.300934e-03
-7.478000e-03
6.229810e-03
8.735420e-03
2.445952e-03
1.018095e-02
7.548055e-03
-2.233484e-02
-4.948153e-03
-1.278297e-04
4.311423e-04
9.535212e-04
-1.976132e-02
-4.235139e-03
-6.766055e-03
-2.175801e-03
-1.322793e-02
-1.749159e-02
-2.586570e-02
-1.398566e-02
-9.296559e-03
-3.275991e-02
-1.808482e-02
-2.085946e-02
-5.724875e-03
-3.364217e-02
8.254480e-02
7.333836e-02
