1.755319e-02
1.437764e-02
1.783588e-02
3.560036e-02
1.016243e-03
1.265389e-02
1.591037e-02
2.207771e-02
1.391260e-02
1.098833e-02
-6.002753e-03
-7.003256e-04
-1.376750e-02
2.704602e-03
5.163959e-04
-2.009323e-02
6.426200e-03
-8.095355e-04
-3.564050e-03
1.501222e-03
-1.263607e-03
1.085167e-02
-9.900926e-04
-1.259565e-03
2.924897e-03
-2.955847e-03
2.734199e-03
1.884994e-03
-1.785221e-03
2.093579e-03
3.349386e-03
-1.830608e-02
1.027791e-02
-9.876436e-03
-2.670243e-03
-2.611728e-02
-3.087953e-03
1.371970e-04
-5.156356e-03
6.219521e-03
-2.047066e-02
-2.665402e-02
-1.664017e-02
-1.019036e-02
-6.955356e-03
-5.997406e-03
-1.852395e-02
-1.112687e-02
-1.002959e-02
-3.096902e-03
6.574796e-02
7.951170e-02
