1.540986e-02
3.702983e-02
2.549976e-02
1.723782e-02
2.679082e-02
2.755639e-02
9.402283e-03
1.704567e-02
1.549691e-02
1.452271e-02
1.140865e-02
2.479709e-02
-3.927282e-03
-2.927003e-03
-1.006574e-02
-7.574431e-04
1.703910e-03
5.084545e-03
2.046639e-03
-1.385037e-02
-1.461236e-02
7.801316e-03
-4.000428e-02
-4.565656e-03
-9.590070e-03
-9.572396e-04
-5.976584e-03
4.219838e-03
-3.087880e-02
1.138976e-02
-9.032000e-03
-1.475534e-03
7.607863e-04
5.613336e-03
-6.741674e-03
4.832918e-03
9.091379e-03
-1.130971e-03
-2.899252e-03
1.119713e-02
-3.792237e-02
-3.192860e-02
-5.089337e-03
-3.279215e-02
-9.337139e-03
-1.255015e-02
-1.199820e-02
-4.370432e-02
-1.748756e-02
-4.419553e-02
8.388131e-02
5.680319e-02
