1.162457e-02
2.228989e-02
1.278369e-02
3.369275e-02
2.694185e-02
2.103899e-02
9.877516e-03
1.292276e-02
1.875452e-02
1.671218e-02
-2.306419e-03
-3.772753e-03
3.303183e-03
7.030655e-04
-8.692879e-03
-4.244047e-03
-1.164246e-02
7.640108e-03
-5.265680e-04
-1.762963e-02
-9.514566e-03
6.048414e-04
-9.953008e-03
-6.183722e-03
9.662615e-03
3.828201e-04
-1.666640e-02
-7.770805e-03
-1.376298e-03
-8.348984e-05
-1.702510e-04
8.616747e-03
-2.551768e-03
-7.150235e-03
-2.175692e-02
-2.503064e-03
7.496503e-03
5.941005e-03
1.141321e-02
-2.543762e-03
-2.917587e-02
-1.438313e-02
-3.496325e-02
-1.300457e-02
-1.323226e-02
-1.760472e-02
-3.201491e-02
-1.852744e-02
2.262398e-03
-1.631734e-02
6.878326e-02
7.486581e-02
