1.500810e-02
3.885606e-03
1.562960e-02
1.414392e-02
2.619166e-02
2.314449e-02
2.140521e-02
1.455791e-02
1.549350e-02
6.304523e-03
-9.790694e-03
-1.293593e-02
-3.342711e-04
4.678769e-04
-1.501745e-03
1.007845e-02
1.018877e-03
-7.558112e-03
2.351278e-03
2.056138e-03
5.388595e-03
-6.536411e-03
-2.220919e-02
4.849046e-03
-7.233241e-03
-2.761629e-03
5.316795e-03
2.338353e-03
-4.715851e-03
-8.441271e-03
-2.555633e-03
-2.448037e-02
-1.226849e-03
-1.183723e-02
-8.048402e-03
7.638040e-04
1.654158e-02
4.856547e-04
-3.885222e-03
-1.039958e-02
-3.084857e-02
-1.612339e-02
-9.786468e-03
-2.737989e-02
-7.246985e-03
-3.506898e-02
-9.382276e-03
-1.623978e-02
-2.510627e-02
-4.092313e-02
8.285981e-02
6.965962e-02
