1.916491e-02
2.973036e-02
2.067536e-02
1.649297e-02
1.737102e-02
1.701671e-02
1.691860e-02
-8.645942e-03
2.140116e-02
1.822530e-02
-4.011511e-03
3.805690e-03
-4.815702e-04
4.567455e-03
7.378094e-03
-1.842916e-03
1.506579e-02
1.593744e-03
-5.478009e-03
-2.286881e-03
-4.251482e-03
-2.708027e-02
-5.417567e-03
3.906199e-03
5.195086e-03
8.084818e-03
4.727077e-03
9.429886e-03
8.285179e-03
-1.681016e-03
4.546673e-03
-3.313785e-03
1.120365e-02
-2.165019e-02
-1.912105e-02
-1.038308e-02
2.286788e-03
7.717845e-03
1.665692e-02
9.227259e-04
-9.246426e-03
-1.576628e-02
-4.843484e-02
-8.880150e-03
-2.831174e-02
-3.074573e-02
-3.417012e-02
-7.886778e-03
-7.045179e-02
-3.715377e-02
8.456411e-02
6.914515e-02
