1.201591e-02
2.434196e-02
2.158015e-02
1.561642e-02
1.924353e-02
1.806529e-02
4.756893e-03
7.841278e-03
1.648541e-02
1.292282e-02
8.098061e-03
2.446151e-02
3.025273e-03
-4.267699e-03
-4.888120e-03
-2.649768e-03
1.441888e-04
8.770429e-03
-2.879511e-03
-5.082397e-03
-1.344998e-02
4.358586e-03
-4.005508e-02
1.347785e-03
-1.819628e-02
7.254060e-03
-1.100913e-02
-6.207035e-04
-3.344766e-02
8.818641e-03
-1.047563e-02
-1.483252e-03
-2.941770e-03
1.332322e-02
-4.345455e-03
8.520858e-03
1.505955e-03
8.309349e-04
-9.476090e-03
8.636146e-03
-5.361946e-02
-3.599858e-02
-1.623154e-04
-1.732027e-02
-3.980014e-02
-1.961803e-02
-1.515861e-02
-4.072701e-02
-1.694902e-02
-3.733307e-02
3.875019e-02
3.301816e-02
