7.660988e-03
2.241257e-02
1.823390e-02
2.308238e-02
2.633724e-02
1.832750e-02
1.959651e-03
1.651907e-02
1.928923e-02
1.064512e-02
5.212615e-03
-7.180150e-03
-6.025700e-04
-3.948577e-03
5.653544e-03
-6.147575e-03
6.314065e-03
-1.065983e-02
-6.258784e-03
-6.568380e-03
-1.385982e-02
3.644770e-03
-1.278263e-04
-7.927618e-03
-1.217020e-02
3.758332e-03
-7.686309e-03
-6.609041e-03
2.414907e-03
5.283791e-03
-1.224921e-02
-9.223117e-03
-9.469195e-03
8.538098e-03
-2.744115e-03
-2.452589e-02
-1.152105e-02
-9.814108e-03
-9.960080e-03
4.291389e-04
-1.102906e-02
-5.084526e-02
-2.191496e-02
-2.803071e-02
-2.352700e-02
-3.115995e-02
-8.299165e-03
-2.868102e-02
-1.593677e-02
-3.866408e-02
6.267491e-02
6.191305e-02
