1.267681e-02
2.453643e-02
2.167028e-02
1.762004e-02
1.972571e-02
1.711890e-02
5.327766e-03
1.596854e-02
1.629171e-02
1.231346e-02
6.147957e-03
2.671313e-02
-6.170616e-04
-3.366428e-03
-1.583779e-02
-5.989234e-03
3.133749e-03
6.938346e-03
3.410626e-03
-4.724937e-03
-1.317179e-02
1.864328e-03
-3.856079e-02
1.826495e-03
-1.209515e-02
6.713692e-03
-1.208364e-02
3.236552e-03
-2.871994e-02
5.500389e-03
-7.243901e-03
-2.709505e-03
1.232134e-03
6.855727e-03
-1.155213e-03
4.414236e-03
3.641205e-03
-1.198299e-02
-2.236663e-02
4.889481e-03
-3.342637e-02
-1.690326e-02
-5.945467e-03
-1.922338e-02
-8.028174e-03
-5.635066e-03
-1.327816e-02
-2.700041e-02
-1.371518e-02
-6.260489e-02
3.232529e-02
2.252509e-02
