2.373550e-02
2.182006e-02
1.779309e-02
1.924664e-02
2.277614e-02
2.688407e-02
3.696573e-02
3.389061e-02
1.735847e-02
2.025161e-02
7.537017e-03
1.062749e-02
1.611186e-02
6.388700e-03
-2.606685e-02
-1.673619e-02
3.354226e-03
-2.159928e-02
-1.358611e-02
4.212289e-03
-5.045422e-02
-8.555096e-03
8.914006e-03
-1.733732e-02
-2.780529e-02
-9.812600e-03
-9.812672e-03
-1.521812e-02
-1.620919e-02
-2.740208e-03
-1.609747e-02
-2.689845e-04
3.601003e-03
-2.296097e-03
4.573783e-03
4.038512e-03
-7.493914e-02
2.457294e-03
-5.716379e-03
7.170948e-03
2.933496e-03
-5.663000e-02
-3.663343e-03
-2.399347e-03
-4.473506e-02
-2.525254e-02
7.131232e-03
-5.661963e-02
-2.670748e-02
-1.623158e-02
6.815424e-02
5.317140e-02
