1.372839e-02
1.508982e-02
1.322114e-02
2.039902e-02
-3.051372e-02
-4.100424e-04
1.820028e-02
5.403620e-03
-7.836250e-03
1.104677e-02
-5.042668e-03
6.603856e-03
-4.364048e-04
3.941820e-02
-7.274981e-03
6.929647e-03
-3.310626e-03
-4.904015e-03
3.906280e-04
1.114635e-02
3.635612e-04
1.513645e-03
3.365245e-03
-1.195873e-02
-9.501340e-03
-2.151823e-04
2.263107e-03
5.226621e-03
6.850171e-03
-2.000000e-01
-2.531197e-03
1.380475e-02
-3.888455e-03
-1.909833e-03
4.368775e-03
-1.008710e-02
4.042364e-03
-2.430560e-02
-1.546211e-03
-7.699421e-03
-4.086790e-02
-2.269739e-02
-5.299289e-02
-4.161576e-03
-1.575786e-02
-3.297144e-02
-1.800225e-02
1.449222e-04
-1.053734e-02
-4.113158e-03
7.423476e-02
5.312325e-02
