5.353645e-03
2.168958e-02
1.452636e-02
1.858838e-02
2.496509e-02
1.991646e-02
-1.633629e-03
1.232587e-02
1.903137e-02
8.685984e-03
4.402186e-03
-6.961918e-03
1.023775e-02
-3.471576e-03
2.697539e-03
-6.973691e-03
5.737371e-03
-1.330430e-02
-1.608435e-02
-4.316821e-03
-1.657740e-02
2.718493e-03
-1.723574e-03
-9.643467e-03
-1.356955e-02
2.019687e-03
-5.381988e-03
-6.865526e-03
-3.311452e-03
3.322773e-03
-1.621425e-02
-1.523762e-02
-6.785107e-03
7.257638e-03
-3.658614e-03
-5.255656e-02
-9.928504e-03
-1.098414e-02
-9.080144e-03
-1.206226e-03
-1.132546e-02
-3.057034e-02
-2.520757e-02
-3.132066e-02
-2.098714e-02
-4.343387e-02
-5.318517e-03
-4.231257e-02
-5.344052e-02
-4.289860e-02
2.307223e-02
3.594237e-02
