2.655416e-02
2.126333e-02
1.395077e-02
1.705911e-02
1.656067e-02
1.970375e-02
2.228876e-02
2.094805e-02
2.117312e-02
1.140274e-02
4.701098e-03
3.302369e-03
5.836031e-03
-5.819806e-03
-1.204599e-02
9.114419e-04
3.183237e-03
2.633235e-03
2.338788e-03
4.433963e-03
-2.208665e-03
2.356807e-03
5.248747e-03
1.792632e-03
-3.401368e-02
-5.092401e-03
-1.685749e-02
2.060422e-03
5.653034e-04
7.093780e-03
-1.737659e-02
-1.616766e-03
-2.663997e-03
-1.295093e-02
-1.332853e-02
9.523361e-03
4.756500e-04
-6.732632e-03
5.641866e-03
-3.910267e-03
-2.804750e-02
-1.694091e-02
-1.790447e-02
-1.313298e-02
-1.783933e-02
-2.297412e-02
-1.766155e-02
-4.566658e-02
-4.070864e-03
-3.233679e-02
8.561625e-02
8.181842e-02
