1.796603e-03
2.238126e-02
2.804686e-02
1.599040e-02
2.564714e-02
4.985103e-03
1.957714e-02
-1.307734e-02
2.480886e-02
3.404919e-03
-4.129858e-03
2.166310e-02
-6.461047e-07
6.980887e-03
4.760671e-03
-5.165351e-03
2.286284e-03
1.452134e-02
1.569080e-02
7.996250e-03
-5.470820e-03
-1.908821e-02
-3.876165e-03
-1.835979e-03
7.149728e-03
4.201846e-03
5.762400e-03
1.562938e-02
-4.453449e-03
-3.526300e-03
3.791404e-03
-2.325042e-03
1.573683e-02
-2.355636e-02
-2.010376e-02
4.908918e-03
1.105756e-02
4.036251e-03
8.625172e-03
-4.833791e-03
4.738792e-04
-1.200788e-02
-6.059041e-02
-7.899036e-02
-8.128060e-02
-4.948592e-02
1.027817e-02
-8.471563e-03
-5.232952e-02
-2.640479e-02
3.777893e-02
3.711768e-02
