1.446542e-02
1.314939e-02
2.013052e-02
3.421832e-02
2.908979e-03
1.117872e-02
2.302996e-02
2.091757e-02
1.217123e-02
1.028260e-02
-3.208277e-03
-1.167488e-03
-1.132825e-02
-4.478874e-04
3.687348e-03
-2.564928e-02
7.847426e-03
-2.937991e-03
-6.563533e-03
9.689959e-04
-1.552166e-03
1.113669e-02
2.671488e-03
2.568252e-03
-4.862935e-03
-4.724785e-03
8.809471e-04
1.643261e-03
-8.860298e-04
2.715474e-03
3.214727e-03
-2.119396e-02
1.124554e-02
-1.012389e-02
-6.325805e-03
-1.712957e-02
-5.057014e-03
2.593961e-03
-7.248907e-03
5.539184e-03
-2.606569e-02
-2.706404e-02
-2.612050e-02
-8.595442e-03
-6.713831e-03
-7.380325e-03
-1.371645e-02
-8.375671e-03
-6.830623e-03
-5.865608e-04
6.453789e-02
8.121214e-02
