1.372871e-02
2.560234e-02
1.393464e-02
1.672243e-02
1.453624e-02
1.249414e-02
1.425462e-02
2.661095e-02
2.062438e-02
2.107422e-02
2.757755e-03
9.365507e-03
6.264463e-03
-1.005094e-02
-1.511572e-02
-2.843865e-02
-9.623348e-03
2.989806e-03
-5.127915e-03
-5.325167e-03
-9.925630e-03
5.750496e-03
-6.209564e-04
4.264403e-04
8.586474e-03
-4.162945e-03
5.299989e-03
7.874771e-03
8.717534e-04
1.231516e-02
5.137899e-03
-3.831386e-02
-8.385585e-03
-2.601060e-03
-5.431033e-03
4.208134e-04
-1.574716e-02
-4.606347e-03
-6.960683e-03
-6.260732e-03
-1.276800e-02
-1.263003e-02
-3.865034e-02
-1.439563e-02
-9.202303e-03
-2.445985e-02
-1.920037e-02
-2.513873e-02
-7.263683e-03
-3.828024e-02
6.112198e-02
4.904022e-02
