2.639541e-02
2.043921e-02
1.397259e-02
1.611345e-02
1.586514e-02
1.985809e-02
2.071506e-02
2.029371e-02
2.074926e-02
1.253622e-02
9.209437e-04
2.543026e-03
7.257403e-03
-7.119998e-03
-1.024526e-02
6.194839e-04
3.652060e-03
3.448003e-03
1.854675e-03
4.470548e-03
-1.349924e-03
1.579976e-03
5.149607e-03
2.259915e-03
-3.319390e-02
-1.315297e-02
-1.842595e-02
-1.119515e-03
9.828192e-04
6.317221e-03
-1.670889e-02
-6.778966e-03
-3.500341e-03
-1.380460e-02
-1.234071e-02
8.976625e-03
7.032371e-04
-6.978314e-03
1.940719e-03
-4.959957e-03
-2.808291e-02
-1.635035e-02
-1.771502e-02
-1.775365e-02
-1.553180e-02
-2.514870e-02
-1.529961e-02
-3.714993e-02
-2.910974e-03
-2.827367e-02
8.828128e-02
8.296824e-02
