1.532592e-02
2.290510e-02
1.240499e-02
3.214023e-02
2.591416e-02
2.209097e-02
1.330148e-02
1.607919e-02
2.099218e-02
1.417826e-02
-4.322521e-03
3.455470e-03
7.818305e-03
-5.755269e-04
-1.946476e-02
-2.401820e-03
-6.460129e-03
9.850944e-03
2.657444e-03
-1.403875e-02
-5.995874e-03
6.852616e-03
-1.975668e-03
-7.746949e-03
1.085915e-02
1.665211e-03
-2.746226e-02
-4.678071e-03
2.066708e-03
1.890800e-04
5.047686e-03
7.772016e-03
-5.466245e-03
-1.979405e-03
-1.209466e-02
-8.412639e-03
6.375221e-03
8.049138e-04
4.317192e-03
-2.162235e-03
-2.889808e-02
-1.737010e-02
-3.142820e-02
-1.419998e-02
-1.521277e-02
-1.274454e-02
-3.984042e-02
-1.249948e-02
-2.289383e-03
-2.192831e-02
8.138051e-02
8.613439e-02
