1.199040e-02
1.409445e-02
1.681616e-02
2.197503e-02
-3.408547e-03
6.621880e-03
1.520079e-02
1.102187e-02
-8.457386e-03
1.146476e-02
-5.704726e-03
8.547528e-03
1.262012e-04
3.152925e-02
-9.593280e-03
7.057462e-03
-1.941491e-02
-1.060779e-03
3.236493e-03
6.261071e-03
9.355958e-04
3.199511e-03
7.341079e-03
-5.345173e-03
-1.094877e-02
7.878259e-04
8.077873e-03
6.329430e-03
7.821872e-03
-3.608648e-02
-4.038679e-03
1.426807e-02
-1.458054e-03
-1.055995e-03
6.245661e-03
-1.959051e-02
5.126308e-03
-2.951657e-02
-1.222378e-02
-1.374271e-02
-3.733236e-02
-2.717157e-02
-2.503551e-02
-9.694656e-03
-1.312430e-02
-2.432594e-02
-1.850579e-02
-5.858378e-03
-9.753204e-03
-7.054879e-03
7.871588e-02
6.359619e-02
