2.079615e-02
2.171122e-02
1.706402e-02
1.817155e-02
1.874343e-02
2.672198e-02
3.312914e-02
2.329850e-02
1.132742e-02
1.656753e-02
7.861971e-03
6.984512e-03
1.136423e-02
-1.361288e-02
-1.441321e-02
-7.448202e-03
7.267268e-04
-1.967635e-02
-1.855145e-03
6.573266e-03
-1.435837e-02
-3.200727e-03
7.084899e-04
-1.132831e-02
-1.743116e-02
-2.841415e-03
-4.013148e-03
-4.232127e-03
-2.165562e-02
2.638028e-03
-8.316915e-03
-4.668316e-03
5.049844e-03
-6.448690e-03
1.386666e-03
1.528452e-03
-3.517358e-02
1.002655e-02
-9.667136e-03
2.330569e-03
-2.276576e-02
-5.117183e-02
-5.142351e-03
-2.117189e-02
-3.234524e-02
-2.591212e-02
-5.626926e-03
-2.699903e-02
-1.910802e-02
-1.184417e-02
7.528262e-02
5.675991e-02
