1.180892e-02
1.298033e-02
1.364561e-02
1.943638e-02
-2.929589e-03
6.066078e-03
1.388604e-02
7.869842e-03
-9.980238e-03
9.199159e-03
-7.291805e-03
1.248484e-02
-2.858400e-03
2.277166e-02
-8.828943e-03
4.263191e-03
-1.175520e-02
-2.961453e-03
-3.118692e-03
1.045761e-02
1.652365e-03
1.551788e-03
6.935439e-03
-1.079172e-02
-3.553184e-03
-2.478012e-03
5.225945e-03
5.592937e-03
1.089751e-02
-8.727998e-02
-3.040320e-03
1.432603e-02
1.125425e-04
-2.004369e-03
2.627148e-03
-1.326495e-02
6.196021e-03
-2.411423e-02
-6.311270e-03
-1.354307e-02
-5.865893e-02
-1.637541e-02
-3.516285e-02
-3.674883e-02
-1.088357e-02
-2.578233e-02
-2.056224e-02
-3.888261e-03
-1.271971e-02
-1.885297e-02
4.075668e-02
3.156451e-02
