1.178366e-02
1.469983e-02
1.670700e-02
2.246471e-02
-2.189418e-03
5.969517e-03
1.463392e-02
1.150675e-02
-9.411154e-03
1.187919e-02
-5.573863e-03
9.381922e-03
-5.443223e-04
3.039332e-02
-1.017464e-02
6.884898e-03
-1.971034e-02
-1.566274e-03
3.487332e-03
6.473149e-03
4.691896e-04
2.784507e-03
6.925156e-03
-4.747063e-03
-1.158412e-02
1.865199e-03
8.131203e-03
6.231255e-03
8.066056e-03
-3.323481e-02
-3.575762e-03
1.432135e-02
-1.108535e-03
1.946783e-04
8.187338e-03
-1.817557e-02
4.583006e-03
-2.836515e-02
-1.237685e-02
-1.219467e-02
-3.708008e-02
-2.128958e-02
-2.364577e-02
-6.383849e-03
-1.374736e-02
-2.488087e-02
-2.235214e-02
-6.080082e-03
-9.145012e-03
-7.308721e-03
7.843710e-02
6.701122e-02
