1.207591e-02
1.425981e-02
1.697659e-02
2.147575e-02
-4.556186e-03
7.402944e-03
1.511534e-02
1.099886e-02
-8.747373e-03
1.285818e-02
-6.226239e-03
8.694017e-03
-1.799165e-04
2.829641e-02
-9.435688e-03
6.824569e-03
-1.594741e-02
-6.946457e-04
4.069326e-03
6.230262e-03
1.284407e-03
3.808102e-03
6.040878e-03
-4.838188e-03
-9.389640e-03
3.255303e-05
7.388633e-03
6.198644e-03
7.484153e-03
-3.821475e-02
-4.227299e-03
1.392585e-02
-1.956614e-03
-5.928790e-04
6.475833e-03
-1.753371e-02
4.965248e-03
-2.429667e-02
-1.103152e-02
-1.417637e-02
-3.398446e-02
-2.167148e-02
-2.300288e-02
-1.227030e-02
-1.213839e-02
-2.591408e-02
-1.900039e-02
-5.927446e-03
-9.730958e-03
-5.641090e-03
7.713528e-02
6.269273e-02
