1.089102e-02
9.189305e-03
1.716471e-02
1.393437e-02
2.587893e-02
2.535645e-02
-1.264657e-03
1.472493e-02
1.534433e-02
1.331255e-02
-1.184818e-03
1.826666e-02
-6.951282e-03
-9.927977e-03
-2.548825e-02
-2.474659e-03
-1.826582e-03
-1.571001e-03
-8.707471e-03
-3.887272e-04
-2.182099e-02
8.339057e-03
-2.000000e-01
1.002459e-03
-1.162983e-02
2.610957e-03
-6.095173e-03
3.881115e-03
-2.038691e-02
1.055473e-02
-3.727159e-03
-8.696724e-03
-4.078126e-03
1.768997e-03
-4.487878e-03
3.903679e-03
3.260981e-03
-1.191242e-05
-6.538510e-02
-1.964343e-03
-5.819972e-02
-4.498303e-02
9.127170e-03
-1.354083e-02
-2.334079e-02
-8.757016e-03
-8.694143e-03
-6.455499e-02
-3.933902e-02
-4.046217e-02
4.334191e-02
4.267343e-02
