2.020487e-02
2.450427e-02
2.057963e-02
1.588359e-02
2.097912e-02
1.794331e-02
1.422377e-02
-4.142310e-03
1.917618e-02
1.650404e-02
-6.295097e-03
9.402029e-03
2.103035e-03
5.097930e-03
7.425847e-03
-5.476787e-03
1.269315e-02
7.103099e-03
-2.245757e-03
-1.166687e-04
-4.608992e-03
-2.122803e-02
-4.942897e-03
2.246960e-03
4.235255e-03
3.240123e-03
3.639286e-03
7.727632e-03
-8.165665e-03
-5.429184e-03
7.964836e-03
-4.443666e-03
-1.445322e-03
-2.145391e-02
-2.414072e-02
-5.325232e-03
5.548395e-03
4.617765e-03
1.512630e-02
2.468769e-04
-8.702844e-03
-1.200530e-02
-4.625002e-02
-1.090469e-02
-3.237287e-02
-3.685605e-02
-1.018555e-02
-7.043873e-03
-5.981995e-02
-5.562269e-02
7.544201e-02
7.452928e-02
