1.606790e-02
2.404566e-02
2.243122e-02
1.385945e-02
2.021927e-02
1.422330e-02
7.572246e-03
1.353809e-02
1.462093e-02
1.184140e-02
5.413670e-03
1.511223e-02
1.874141e-03
-3.178168e-03
-4.494700e-03
-6.435943e-03
-2.912750e-04
6.519569e-03
1.444254e-03
-9.244078e-03
-7.388119e-03
8.169022e-03
-3.187376e-02
5.998455e-03
-1.283884e-02
1.526783e-03
-1.343805e-02
-7.221497e-04
-2.576736e-02
7.877471e-03
-1.064771e-02
-8.830452e-04
1.586263e-03
2.295676e-03
-6.355630e-03
3.429708e-03
4.204025e-03
-5.980680e-03
-1.319077e-02
6.642791e-03
-2.285299e-02
-2.508194e-02
-7.963608e-03
-1.315163e-02
-1.309354e-02
-8.265266e-03
-9.865514e-03
-4.249593e-02
-1.452364e-02
-7.263607e-02
3.643663e-02
3.600159e-02
