1.724331e-02
3.106788e-02
2.364955e-02
1.441197e-02
2.145670e-02
1.938362e-02
5.273923e-03
1.395474e-02
1.474034e-02
1.464399e-02
6.868312e-03
2.393588e-02
2.026197e-03
-8.761222e-03
-5.213726e-03
-2.932749e-03
3.092156e-03
5.141278e-03
8.273737e-04
-3.425525e-04
-7.144094e-03
5.210798e-03
-2.694109e-02
1.482714e-03
-1.513842e-02
3.239925e-03
-1.518806e-02
4.918481e-03
-2.358730e-02
5.878578e-03
-8.886747e-03
-3.569754e-03
8.191079e-04
1.369632e-02
-7.459857e-03
4.522198e-03
7.444602e-03
-5.805483e-03
-7.257881e-03
1.072372e-02
-5.017142e-02
-2.151501e-02
-4.063199e-03
-3.103748e-02
-2.120257e-02
-1.664401e-02
-9.813167e-03
-4.193876e-02
-9.500675e-03
-4.281591e-02
7.333415e-02
6.510285e-02
