1.623108e-02
3.267087e-02
2.298318e-02
1.318220e-02
2.608406e-02
1.944498e-02
6.690016e-03
1.596334e-02
1.502929e-02
1.443992e-02
7.495413e-03
2.341113e-02
-4.808945e-04
-7.203529e-03
-7.786953e-03
-3.338058e-03
4.441366e-03
5.744414e-03
2.016295e-03
-7.439923e-03
-7.612468e-03
2.994406e-03
-3.350100e-02
-3.397942e-04
-1.421440e-02
1.395688e-03
-1.152442e-02
3.433697e-03
-2.180120e-02
8.520220e-03
-7.502527e-03
-2.892018e-03
1.002763e-03
7.485084e-03
-5.737835e-03
4.203820e-03
4.886557e-03
-6.005041e-03
-6.874369e-03
7.564556e-03
-3.086169e-02
-1.916927e-02
-3.352655e-03
-2.384309e-02
-1.542506e-02
-1.396997e-02
-8.506801e-03
-3.574950e-02
-1.231434e-02
-4.610470e-02
7.473658e-02
6.356953e-02
