1.562719e-02
3.166723e-02
2.343509e-02
1.621458e-02
2.525647e-02
1.819779e-02
5.946298e-03
1.366081e-02
1.426877e-02
1.345362e-02
7.055518e-03
2.484039e-02
-7.343617e-04
-6.527911e-03
-7.773932e-03
-1.121429e-03
-7.457593e-04
6.905853e-03
2.991098e-03
-1.061287e-02
-7.060252e-03
1.683297e-03
-4.405919e-02
-2.189865e-04
-1.396150e-02
2.303596e-03
-1.157439e-02
3.523061e-03
-2.914210e-02
8.362446e-03
-7.185848e-03
-9.846624e-04
5.748854e-04
1.103564e-02
-1.118775e-03
5.882910e-03
4.330659e-03
-1.609577e-03
-9.220616e-03
8.830489e-03
-2.948939e-02
-1.628159e-02
-5.488031e-04
-2.130552e-02
-2.126586e-02
-1.579874e-02
-6.294604e-03
-3.438893e-02
-9.859815e-03
-4.237634e-02
7.441516e-02
6.517538e-02
