1.002722e-02
7.658438e-03
1.893665e-02
1.396887e-02
1.133955e-02
1.838571e-02
1.891406e-02
1.386248e-02
1.408137e-02
6.164654e-03
-7.317603e-03
-2.317075e-03
-2.626208e-03
-4.666129e-03
-7.941233e-04
1.131820e-02
-1.069790e-03
-7.076558e-03
5.497686e-04
2.002657e-03
3.193398e-03
-6.747272e-03
-2.152919e-02
3.067174e-03
-7.271503e-03
-6.289742e-03
4.210086e-03
2.752139e-03
-7.230621e-03
-8.400259e-03
-4.267911e-03
-2.904286e-02
-4.059816e-04
-1.175841e-02
-7.322932e-03
-3.892217e-04
1.515016e-02
-1.512775e-03
5.858896e-03
-1.053725e-02
-3.867656e-02
-2.721987e-02
-1.281466e-02
-3.298247e-02
-1.121226e-02
-3.848206e-02
-9.941222e-03
-1.715386e-02
-1.883576e-02
-3.901665e-02
4.498381e-02
4.360616e-02
