3.578593e-02
2.843327e-02
3.949428e-03
2.522772e-02
1.564057e-02
1.981104e-02
2.824904e-02
2.978225e-02
1.691761e-02
1.277693e-02
-2.540174e-02
-3.739084e-03
7.872232e-03
-1.290910e-02
1.015407e-03
-1.015979e-02
6.075471e-03
1.779050e-02
4.348014e-03
-4.326179e-03
-5.067476e-03
-1.882973e-02
1.011899e-02
1.868945e-03
-5.976183e-02
-2.199613e-02
-1.892042e-02
9.874912e-03
-9.129768e-04
1.448929e-02
-3.425109e-02
-6.869918e-03
-5.317764e-03
-6.848108e-03
-3.134572e-02
1.967652e-02
1.316151e-02
-7.714285e-02
1.117392e-02
-2.979422e-02
-1.928187e-02
-2.504819e-02
-1.541424e-02
-1.106800e-02
-5.260537e-02
-6.182914e-02
-3.538255e-03
-4.431294e-02
1.585585e-03
-2.000000e-01
9.127966e-02
9.074086e-02
