1.228485e-02
1.848587e-02
1.241101e-02
1.594081e-02
1.860272e-02
1.174079e-02
9.767777e-03
2.448971e-02
1.926001e-02
1.782965e-02
-1.792808e-03
5.996477e-03
1.872200e-03
-7.258608e-03
-1.812901e-02
-3.018141e-02
-5.595972e-03
2.469464e-03
-3.035700e-04
-4.776994e-03
-8.188411e-03
8.086141e-03
5.425310e-04
1.232301e-03
1.099731e-02
-6.515383e-03
5.875732e-03
7.958528e-03
1.866666e-03
1.017465e-02
6.069314e-03
-2.372873e-02
-4.545174e-03
-1.140513e-03
-5.208000e-03
2.704167e-03
-1.348211e-02
-4.205273e-03
-7.927831e-03
-5.686659e-04
-1.437703e-02
-1.906276e-02
-3.445685e-02
-1.054576e-02
-1.224083e-02
-2.323832e-02
-1.543370e-02
-2.008473e-02
-6.948149e-03
-4.599392e-02
8.432935e-02
5.897425e-02
