1.394865e-02
1.234966e-02
2.004423e-02
3.017666e-02
3.117090e-03
1.527116e-02
1.892118e-02
1.950918e-02
1.326083e-02
9.073189e-03
-2.982736e-03
-2.563261e-03
1.472577e-03
3.044290e-04
3.554213e-03
-1.957850e-02
5.433152e-03
-5.262015e-03
-1.062801e-02
5.147124e-03
-5.422087e-04
9.957390e-03
5.485592e-03
-1.398110e-03
1.764262e-04
-2.778779e-03
1.971637e-03
-7.294026e-04
-2.758219e-03
4.844457e-03
1.547294e-03
-2.605561e-02
1.438739e-02
-8.193222e-03
-2.075056e-03
-2.911413e-02
-2.260384e-03
4.519543e-03
-2.047608e-03
7.689158e-03
-2.868561e-02
-2.253894e-02
-1.880266e-02
-1.519942e-02
-8.035627e-03
-9.735237e-03
-2.376350e-02
-1.087038e-02
-1.739291e-02
1.511137e-03
6.679587e-02
7.106888e-02
