7.936867e-03
2.596058e-02
1.024274e-02
1.706881e-02
2.201174e-02
1.331174e-02
1.136614e-02
2.072238e-02
1.903102e-02
1.610791e-02
-1.033409e-02
2.031754e-02
1.340834e-02
-6.323881e-03
-1.252788e-02
-2.676752e-02
-5.378055e-03
2.360376e-03
-1.332378e-02
1.460350e-03
-7.334821e-03
2.601052e-03
-9.485501e-05
4.160278e-03
9.422966e-03
-6.791405e-03
5.679228e-03
4.227455e-03
4.621404e-03
9.269072e-03
7.805238e-03
-2.806833e-02
-3.083792e-03
7.030559e-04
-9.711555e-03
-3.518588e-04
-2.452000e-02
-2.916801e-03
-6.509440e-03
-3.413064e-04
-1.354727e-02
-1.424713e-02
-2.319864e-02
-1.347414e-02
-1.345283e-02
-3.040373e-02
-2.220971e-02
-1.387664e-02
-8.436253e-03
-3.249714e-02
8.164509e-02
5.565248e-02
