1.739777e-02
3.213228e-02
2.253095e-02
1.440430e-02
2.636186e-02
1.746207e-02
6.061107e-03
1.559419e-02
1.577027e-02
1.372722e-02
6.963724e-03
2.301134e-02
-1.390745e-03
-6.742290e-03
-6.075483e-03
-2.323508e-03
7.745477e-04
5.901105e-03
3.818110e-03
-8.885710e-03
-8.938757e-03
2.450857e-03
-3.524318e-02
1.214958e-03
-1.338425e-02
1.866862e-03
-1.267372e-02
4.143592e-03
-2.244129e-02
7.335926e-03
-8.878714e-03
-2.173060e-03
3.973798e-04
8.211094e-03
-5.105907e-03
5.038256e-03
4.142310e-03
-4.798265e-03
-6.601604e-03
7.455321e-03
-3.035590e-02
-1.896301e-02
-4.158716e-03
-2.389788e-02
-1.593204e-02
-1.485265e-02
-9.115189e-03
-3.758269e-02
-1.356477e-02
-4.282632e-02
7.921246e-02
6.433297e-02
