7.274287e-03
2.091252e-02
1.824604e-02
2.070506e-02
2.507233e-02
1.894303e-02
7.815781e-04
1.651270e-02
2.120206e-02
1.130415e-02
6.391898e-03
-8.508689e-03
4.709275e-03
-3.634960e-03
4.970576e-03
-4.645487e-03
5.979235e-03
-1.161244e-02
-4.538969e-03
-7.518803e-03
-1.256330e-02
2.771409e-03
-2.157008e-04
-5.730716e-03
-1.265003e-02
3.668152e-03
-9.014558e-03
-7.338575e-03
1.361757e-03
4.500129e-03
-8.768015e-03
-7.960037e-03
-7.150101e-03
5.725768e-03
-2.466931e-03
-2.121498e-02
-1.318698e-02
-8.702142e-03
-7.296141e-03
1.615460e-03
-1.088704e-02
-4.630591e-02
-1.659042e-02
-2.440355e-02
-2.024030e-02
-3.644712e-02
-1.268331e-02
-2.276572e-02
-2.442541e-02
-3.755606e-02
7.802753e-02
6.164337e-02
