1.169242e-02
1.751325e-02
1.455783e-02
1.929617e-02
1.423536e-03
5.709309e-04
2.181177e-02
1.135596e-02
-1.349701e-02
2.137326e-02
-1.123139e-02
6.340509e-03
-5.344980e-03
4.463686e-02
-1.003456e-02
2.178078e-04
-1.617006e-02
-1.081085e-02
-1.439464e-02
4.595421e-03
-5.926374e-03
5.832362e-03
-6.532754e-03
-5.032126e-03
4.173554e-03
3.604173e-03
3.568233e-03
3.754929e-04
1.848809e-03
-2.049276e-02
-1.043399e-02
1.250743e-02
-1.677971e-02
1.805396e-04
2.493019e-04
-4.009657e-03
6.535664e-03
-2.837020e-02
-9.430230e-03
-1.232476e-02
-6.023090e-02
-2.923759e-02
-3.585733e-02
-1.514302e-02
-2.617698e-02
-2.485818e-02
-3.073715e-02
-1.343273e-02
1.360349e-02
5.471614e-03
6.911511e-02
5.433553e-02
