3.381942e-02
1.393865e-02
1.165563e-02
1.375272e-02
1.415693e-02
1.898363e-02
1.956403e-02
1.700410e-02
2.006961e-02
3.995520e-03
-2.527701e-03
1.638820e-03
6.361126e-03
-8.756666e-03
-1.003165e-02
-3.246785e-03
5.472036e-03
6.900239e-03
-9.908330e-04
3.180506e-03
-1.833819e-03
2.321515e-03
3.676211e-03
5.205281e-03
-3.426082e-02
-1.830319e-02
-2.512549e-02
-3.240536e-03
8.654353e-04
7.091214e-03
-1.640541e-02
-6.715304e-03
-3.643023e-03
-1.385805e-02
-1.348315e-02
7.890097e-03
1.166495e-03
-7.403493e-03
-9.787547e-05
-3.133925e-03
-2.827625e-02
-1.467904e-02
-1.379589e-02
-1.504292e-02
-1.813583e-02
-4.018185e-02
-1.111821e-02
-5.037074e-02
-1.805179e-03
-1.847520e-02
8.810782e-02
8.118672e-02
