4.974955e-03
2.021242e-02
1.732572e-02
1.951880e-02
2.614282e-02
1.932511e-02
1.725403e-03
1.756741e-02
2.201090e-02
1.032148e-02
7.278116e-03
-9.421090e-03
9.880064e-03
-4.724907e-03
2.031404e-03
-5.956152e-03
6.300087e-03
-1.277906e-02
-6.123395e-03
-5.653751e-03
-1.629930e-02
2.458064e-03
-8.915383e-04
-4.575740e-03
-1.256478e-02
3.635393e-03
-7.963083e-03
-6.440770e-03
-1.133976e-03
3.365330e-03
-9.958299e-03
-1.026801e-02
-8.383591e-03
4.079796e-03
-2.948967e-03
-1.897469e-02
-1.578438e-02
-7.968039e-03
-1.045578e-02
-1.024372e-03
-1.102014e-02
-3.834926e-02
-1.289189e-02
-2.786185e-02
-2.060091e-02
-2.749107e-02
-1.174955e-02
-2.588065e-02
-2.592323e-02
-4.123110e-02
8.848482e-02
5.148993e-02
