3.078990e-02
1.497031e-02
7.887618e-03
2.039386e-02
1.194256e-02
6.993963e-03
1.137401e-02
9.784612e-03
1.562057e-03
2.192647e-02
2.810245e-03
2.551222e-03
3.750718e-03
-9.774535e-03
1.849631e-03
3.044307e-03
1.479117e-03
5.067734e-03
1.067266e-02
1.276048e-04
-2.066096e-02
-4.668139e-03
5.281063e-03
-3.020775e-02
8.508447e-03
3.351564e-03
1.044539e-02
-1.060576e-03
-1.940362e-03
1.254692e-03
2.257055e-03
3.509368e-04
6.855800e-03
5.255847e-03
4.731601e-03
7.112727e-03
-1.903017e-02
-1.091007e-02
2.454052e-03
-8.944346e-03
-1.968466e-02
-3.634266e-02
-1.897688e-02
-1.474446e-02
-7.706051e-03
-1.520771e-02
-1.268211e-02
-4.242609e-02
-1.707765e-02
-1.718361e-02
3.559180e-02
5.503303e-02
