3.491082e-02
1.901968e-02
1.510917e-02
2.194714e-02
1.159495e-02
1.460655e-02
1.727581e-02
2.148304e-02
1.846885e-02
3.832490e-03
5.586582e-03
-2.030413e-03
5.283566e-03
-4.825665e-03
-7.599731e-03
2.387844e-03
-7.325178e-04
-3.120076e-03
2.364724e-03
9.188876e-03
-2.374652e-03
-1.150885e-04
5.814636e-03
3.379375e-03
-4.044115e-02
-1.806520e-02
-3.377545e-02
-7.470785e-03
1.051748e-03
2.340013e-04
-1.724098e-02
-1.152947e-02
-3.301220e-03
-7.409895e-03
-1.755339e-02
1.295992e-02
3.792666e-03
-7.258042e-03
2.679045e-03
1.501308e-03
-3.663881e-02
-1.259104e-02
-1.233390e-02
-2.082525e-02
-1.843840e-02
-2.000000e-01
-2.843902e-02
-3.756645e-02
-1.816851e-02
-5.068458e-02
5.117653e-02
6.307711e-02
