8.276305e-03
2.291234e-02
1.156003e-02
1.474247e-02
1.092449e-02
7.742179e-03
1.846332e-03
2.473526e-02
2.024752e-02
1.825727e-02
-2.290202e-03
-1.176500e-02
-3.192043e-03
-1.084554e-02
-2.274546e-02
-2.774586e-02
-6.614592e-03
6.082118e-03
-3.619512e-02
-5.806576e-03
-1.017959e-02
7.858680e-03
-5.725834e-04
-2.018255e-03
1.505751e-02
-9.898647e-03
6.848649e-03
6.096156e-03
-1.933765e-04
1.155838e-02
5.969649e-03
-1.910962e-02
-5.293647e-03
-1.381619e-04
-8.750792e-03
-2.116944e-03
-1.789006e-02
-8.128755e-03
-4.593983e-03
-2.349834e-03
-1.403065e-02
-3.566729e-02
-3.714094e-02
-9.785154e-03
-4.520034e-03
-2.384164e-02
-2.589469e-02
-2.345389e-03
-2.947399e-03
-1.519497e-02
3.989445e-02
4.827228e-02
