2.235968e-02
2.481920e-02
1.759183e-02
1.769459e-02
8.775490e-03
1.814556e-02
2.406241e-02
1.574170e-02
2.135377e-02
1.177857e-02
8.385530e-04
5.210614e-04
1.168494e-02
-1.105678e-02
-1.886767e-02
1.295093e-03
1.393781e-03
3.269502e-04
-2.073255e-03
6.931430e-03
-2.882552e-03
7.581094e-03
5.171719e-03
1.583863e-03
-4.590374e-02
-1.588285e-02
-1.202397e-02
-5.100744e-03
3.346077e-03
9.638914e-03
-3.145694e-02
-9.475285e-03
-8.678537e-03
-1.744632e-02
-6.909313e-03
8.807017e-03
1.649790e-03
-1.012832e-02
1.918154e-03
-3.043166e-03
-2.598458e-02
-1.434727e-02
-1.820890e-02
-2.008638e-02
-1.582990e-02
-2.347672e-02
-1.395476e-02
-2.563370e-02
-2.083298e-03
-2.604161e-02
8.201974e-02
7.727601e-02
