8.676888e-03
2.121458e-02
1.134567e-02
1.459799e-02
1.938273e-02
9.999949e-03
8.571797e-03
2.132614e-02
1.900725e-02
1.551555e-02
-8.614938e-03
5.689316e-03
9.307862e-03
-6.155870e-03
-1.745295e-02
-2.486601e-02
-3.885084e-03
4.085241e-03
-4.796375e-03
-1.023761e-03
-7.920063e-03
5.057832e-03
-3.994474e-04
5.157794e-03
9.277900e-03
-6.870737e-03
3.973699e-03
7.933049e-03
3.833737e-03
9.516443e-03
8.573795e-03
-2.280694e-02
-4.206442e-03
1.137110e-03
-6.573007e-03
1.118536e-03
-2.027515e-02
-3.888598e-03
-6.609542e-03
-8.896289e-04
-1.344851e-02
-1.769173e-02
-2.228568e-02
-1.021141e-02
-9.157009e-03
-2.961939e-02
-2.143776e-02
-1.598123e-02
-7.531685e-03
-3.029374e-02
7.480340e-02
6.642978e-02
