1.660971e-02
3.198127e-02
2.359395e-02
9.909541e-03
2.777068e-02
2.004198e-02
4.287249e-03
1.667005e-02
1.435247e-02
1.622815e-02
2.926961e-03
2.742590e-02
-4.317722e-03
-8.628230e-03
-1.776369e-02
-6.637029e-03
3.192745e-03
5.679529e-03
-2.022945e-03
-4.663980e-03
-1.280402e-02
7.319181e-03
-4.302602e-02
1.016710e-03
-1.534627e-02
-7.078187e-03
-1.005528e-02
1.416961e-03
-1.768758e-02
7.020346e-03
-4.706283e-03
-5.167514e-03
-1.676979e-03
5.563475e-03
-3.779370e-03
5.427057e-03
2.953421e-03
-1.011172e-02
-7.985198e-03
4.992656e-03
-3.652441e-02
-2.579488e-02
-8.104034e-03
-2.221583e-02
-4.593531e-03
-1.722381e-02
-5.691228e-03
-2.342655e-02
-2.112424e-02
-5.324053e-02
7.521704e-02
6.576370e-02
