8.348244e-03
2.008996e-02
1.438369e-02
1.634285e-02
2.078416e-02
9.928540e-03
6.919630e-03
1.936690e-02
1.759760e-02
1.601660e-02
-7.926067e-03
2.871146e-02
2.608779e-02
-7.759551e-03
-2.353366e-02
-2.182358e-02
2.084453e-03
-5.533432e-04
-1.971131e-02
7.091897e-04
-8.233598e-03
9.068708e-03
-2.747331e-03
8.850041e-03
8.017299e-03
-4.354497e-03
4.438779e-03
4.743236e-03
3.888838e-03
8.861905e-03
7.520238e-03
-2.773072e-02
9.732399e-04
2.574905e-03
-8.398153e-03
-1.799164e-04
-2.442829e-02
-1.571701e-03
-5.212061e-03
-2.432240e-03
-9.348771e-03
-2.168079e-02
-2.221299e-02
-1.177770e-02
-1.131700e-02
-4.344021e-02
-2.306831e-02
-1.286198e-02
-8.809144e-03
-3.799792e-02
8.570009e-02
6.406844e-02
