1.332321e-02
2.789788e-02
2.140072e-02
1.572606e-02
2.004843e-02
1.392131e-02
1.253892e-02
-1.030890e-02
2.105835e-02
1.632897e-02
-8.105585e-03
6.928674e-03
2.035656e-03
6.171956e-03
6.785503e-03
-3.369228e-03
1.216661e-02
5.535333e-03
-2.327197e-03
1.574451e-05
-4.225717e-03
-2.583245e-02
-3.586215e-03
1.627328e-03
3.318411e-03
4.303002e-03
4.092771e-03
8.821457e-03
-6.433585e-03
-3.063216e-03
6.156314e-03
-4.861609e-03
8.523153e-03
-2.430611e-02
-2.248115e-02
-6.575968e-03
8.423476e-03
3.417981e-03
1.306390e-02
-1.192476e-03
-1.059816e-02
-1.672858e-02
-3.252494e-02
-1.795183e-02
-2.398480e-02
-3.004333e-02
-1.157624e-02
-5.876963e-03
-4.044153e-02
-3.195208e-02
8.495841e-02
8.022167e-02
