6.913383e-03
2.078637e-02
1.742153e-02
2.301857e-02
2.630102e-02
1.973948e-02
4.479625e-04
1.679266e-02
2.360725e-02
1.234870e-02
7.817376e-03
-4.838434e-03
1.054841e-03
7.765153e-04
1.326653e-04
-5.597328e-03
7.478060e-03
-1.216345e-02
-3.132066e-03
-9.757460e-03
-1.431829e-02
3.722758e-03
-2.112414e-03
-6.876450e-03
-1.364631e-02
3.976324e-03
-9.558810e-03
-6.733442e-03
7.181385e-04
1.668287e-03
-7.871747e-03
-8.978089e-03
-6.410938e-03
7.320493e-03
-3.946817e-03
-2.029968e-02
-1.494442e-02
-5.714252e-03
-8.721859e-03
1.417250e-05
-1.100823e-02
-5.360574e-02
-1.268282e-02
-2.175896e-02
-1.776989e-02
-4.206252e-02
-1.050458e-02
-2.152088e-02
-2.379774e-02
-3.412749e-02
8.166724e-02
7.099971e-02
