1.194902e-02
1.411872e-02
1.750324e-02
2.066018e-02
-7.343751e-04
5.293018e-03
1.545454e-02
1.096791e-02
-7.285615e-03
1.172217e-02
-6.700857e-03
6.823754e-03
-3.462242e-03
2.631729e-02
-9.850932e-03
6.462927e-03
-2.483516e-02
-4.210825e-04
6.364222e-03
6.028979e-03
1.323442e-03
4.989096e-03
5.864792e-03
-2.779422e-03
-8.932556e-03
-2.673686e-03
8.431749e-03
7.232647e-03
5.383557e-03
-3.423683e-02
-4.502025e-03
1.346084e-02
-1.872467e-03
-2.323652e-03
9.134336e-03
-2.040755e-02
3.387301e-03
-2.502853e-02
-9.227461e-03
-8.134540e-03
-3.207708e-02
-2.750893e-02
-2.691699e-02
-1.655130e-02
-1.170769e-02
-1.943269e-02
-1.920375e-02
-7.421352e-03
-9.384844e-03
-4.185910e-03
7.983313e-02
5.975330e-02
