1.148713e-02
1.828078e-02
1.173597e-02
2.858800e-02
1.602322e-02
1.517798e-02
1.066001e-02
1.172472e-02
1.419009e-02
1.799335e-02
-3.660564e-03
7.772372e-03
2.346014e-03
-8.373277e-03
-2.205327e-02
-1.021108e-02
-1.371603e-02
8.251833e-03
-5.744978e-03
-1.933379e-02
-7.148913e-03
-3.101737e-03
-5.533496e-03
-1.312372e-02
1.504903e-02
7.652561e-03
-5.043940e-02
-5.228348e-04
-4.883232e-03
-9.435306e-04
-3.572882e-02
-3.788055e-03
-4.805397e-03
-4.157084e-03
-1.672422e-02
-1.972762e-02
6.064899e-03
1.197853e-02
4.896729e-03
1.215145e-02
-9.290275e-02
-1.097108e-02
-1.006686e-01
-1.931874e-02
-2.709368e-02
-1.451095e-02
-5.194338e-02
-4.290590e-02
-3.084145e-03
-1.541885e-02
4.050711e-02
5.232199e-02
