2.354891e-02
1.557056e-02
1.971629e-02
3.059360e-02
2.380267e-02
2.134782e-02
1.963462e-02
9.523794e-03
9.597873e-03
1.949578e-02
5.483962e-03
5.370666e-03
1.684277e-02
1.128804e-03
-6.698479e-03
-3.059794e-03
7.748634e-04
-4.151920e-02
-7.715481e-03
1.446819e-02
-2.261584e-02
-6.100056e-03
-3.307807e-03
-7.518268e-03
-3.108020e-02
-2.957979e-03
-4.178664e-03
-2.136407e-02
-1.169357e-02
-1.309530e-02
-8.709804e-03
-6.119168e-03
2.638042e-03
-5.057738e-03
1.955352e-03
1.444856e-03
-2.000000e-01
6.653798e-03
1.787525e-02
7.527876e-03
-4.302087e-02
-3.692760e-02
-6.256746e-03
-4.187906e-02
-7.706344e-03
-4.969265e-02
1.116452e-02
-3.919071e-02
-3.195627e-02
-1.262228e-02
5.169926e-02
2.954598e-02
