1.735183e-02
2.723470e-02
2.199746e-02
1.571772e-02
1.954637e-02
1.684491e-02
1.245532e-02
-6.713135e-03
2.088560e-02
1.597479e-02
-4.806023e-03
8.886851e-03
2.273229e-03
4.401495e-03
6.803313e-03
-4.727254e-03
1.294643e-02
6.690920e-03
-2.914475e-03
4.989799e-04
-1.894394e-03
-2.541878e-02
-4.618576e-03
2.385254e-03
4.583532e-03
3.900730e-03
5.753594e-03
9.081435e-03
-6.490542e-03
-4.261488e-03
6.435446e-03
-3.865914e-03
-6.867619e-04
-2.210003e-02
-2.327477e-02
-6.800597e-03
8.049058e-03
3.999050e-03
1.763819e-02
-1.074120e-04
-9.517498e-03
-1.768325e-02
-3.541462e-02
-1.929765e-02
-2.852723e-02
-3.252947e-02
-9.842245e-03
-6.087179e-03
-4.193128e-02
-3.521771e-02
8.489627e-02
8.161488e-02
