1.734142e-02
1.303634e-02
1.851126e-02
3.349526e-02
5.998605e-05
1.121226e-02
1.743256e-02
2.110007e-02
1.320465e-02
1.189963e-02
-2.839945e-03
-1.933765e-03
-9.592836e-03
2.981167e-03
1.081898e-03
-1.783839e-02
7.468814e-03
-1.404155e-03
-7.046887e-03
2.582924e-03
-1.464534e-03
1.067482e-02
1.925676e-03
1.024183e-03
-3.114311e-03
-3.760543e-03
1.811709e-03
2.807738e-03
-1.958415e-03
3.144102e-03
1.406118e-03
-1.820665e-02
8.881579e-03
-1.011263e-02
-2.857228e-03
-2.170951e-02
-7.325988e-03
3.408507e-03
-4.239767e-03
5.859138e-03
-2.395177e-02
-2.418026e-02
-2.077806e-02
-1.056662e-02
-8.205920e-03
-5.507024e-03
-1.905947e-02
-1.137028e-02
-1.051278e-02
-8.006873e-04
6.716480e-02
8.098576e-02
