1.963727e-02
1.797457e-02
1.769426e-02
2.256535e-02
1.759258e-02
2.273121e-02
2.902470e-02
1.835580e-02
7.530192e-03
1.812589e-02
3.972388e-03
5.851228e-03
1.193212e-02
-3.433544e-03
-7.367020e-03
-3.076391e-03
4.295923e-03
-1.682839e-02
-4.616181e-03
1.053698e-02
-2.059205e-02
-3.386260e-03
-5.703992e-03
-1.641534e-02
-1.641261e-02
1.998793e-03
-4.195698e-03
-1.569325e-02
-1.626302e-02
-5.700370e-04
-1.167969e-02
-5.655389e-03
4.212492e-03
-1.257184e-02
2.678581e-03
1.474432e-03
-6.543906e-02
1.532757e-02
-1.665101e-03
1.046896e-03
-2.737290e-02
-3.635228e-02
-7.479260e-03
-3.590292e-02
-2.003880e-02
-2.531126e-02
-3.092721e-03
-2.232009e-02
-1.928332e-02
-1.379875e-02
7.605312e-02
5.225900e-02
