2.021338e-02
1.885470e-02
1.537315e-02
1.678104e-02
1.750226e-02
2.116310e-02
3.112248e-02
2.189868e-02
1.173839e-02
1.500519e-02
8.227334e-03
7.527033e-03
1.428833e-02
-1.229074e-02
-1.172138e-02
-9.070436e-03
2.467840e-03
-1.818900e-02
-1.792848e-03
6.460912e-03
-2.007606e-02
-4.104789e-03
3.834555e-04
-1.079371e-02
-1.060098e-02
-1.737391e-03
-3.729106e-03
-5.472213e-03
-2.185245e-02
3.374913e-03
-5.904214e-03
-4.077259e-03
5.182376e-03
-6.310436e-03
2.868592e-03
1.054245e-03
-3.489832e-02
9.036352e-03
-7.202713e-03
1.523678e-03
-2.102579e-02
-4.361091e-02
-4.480172e-03
-1.570602e-02
-3.353553e-02
-2.377786e-02
-7.908849e-03
-2.289838e-02
-1.572853e-02
-8.884671e-03
7.447502e-02
5.353766e-02
