7.521782e-03
2.491654e-02
1.851976e-02
1.322146e-02
1.959084e-02
1.349263e-02
1.060661e-02
-9.636511e-03
2.050618e-02
1.131984e-02
-6.852950e-03
2.510174e-03
3.603464e-03
4.540834e-03
5.018045e-03
-7.762508e-03
8.412748e-03
2.239270e-03
4.038929e-03
3.287898e-03
-6.338511e-03
-2.168946e-02
-2.060048e-03
-1.078232e-03
5.109341e-03
2.707270e-03
2.548588e-03
1.229674e-02
-6.869780e-03
-2.607399e-03
4.225071e-03
-8.532550e-04
1.111459e-02
-3.296924e-02
-2.831097e-02
-2.350414e-03
1.098391e-02
2.057523e-03
1.086805e-02
-6.297667e-04
-1.306351e-02
-1.788500e-02
-6.280458e-02
-1.128473e-02
-3.085742e-02
-2.555702e-02
-7.707710e-03
-6.644662e-03
-3.519837e-02
-2.320900e-02
3.787162e-02
4.693671e-02
