2.527196e-02
1.400492e-02
6.776768e-03
1.426639e-02
1.626918e-02
3.419612e-03
1.200828e-02
1.213275e-02
2.647311e-03
1.881395e-02
4.840219e-03
2.865938e-03
1.604380e-02
-9.356027e-03
-2.458400e-03
1.773374e-03
-2.507027e-03
-5.705988e-03
3.821379e-03
-1.862008e-03
-2.996759e-02
-6.632357e-03
7.237727e-03
-2.238066e-02
9.669389e-03
3.743457e-03
1.420474e-02
6.324393e-03
-4.434213e-03
-5.096132e-03
2.279110e-03
5.359407e-03
9.908844e-03
3.512587e-03
4.004257e-03
8.052366e-03
-2.221231e-02
-7.537369e-03
-5.289419e-05
-3.068076e-02
-2.105251e-02
-4.784952e-02
-3.079470e-02
-1.478685e-02
-5.663366e-03
-1.686412e-02
-1.701344e-02
-4.889549e-02
-2.216186e-02
-9.840236e-03
4.020031e-02
4.942362e-02
