3.473872e-03
2.451568e-02
2.174156e-02
1.714441e-02
2.374858e-02
2.439026e-02
5.740091e-03
2.195250e-02
1.771883e-02
1.137871e-02
8.671867e-03
-1.681613e-02
7.472384e-03
-5.141567e-03
1.216896e-02
4.688974e-03
1.024240e-02
-1.738286e-02
-1.892650e-02
-1.646570e-02
-1.634132e-02
1.686939e-03
-3.489510e-03
-5.686849e-03
-5.012218e-03
2.673848e-03
-6.393715e-03
-9.642230e-03
7.671885e-03
9.648795e-03
-7.145337e-03
-2.783773e-02
-8.681671e-03
7.514137e-03
-3.850006e-03
-2.265570e-02
-1.635137e-02
-1.209751e-02
-1.141235e-02
4.459688e-03
-1.011120e-02
-5.477585e-02
-2.336738e-02
-9.984205e-03
-3.483532e-02
-3.896370e-02
-4.695145e-02
-2.371486e-02
-2.000432e-02
-3.301094e-02
7.918206e-02
7.062019e-02
