1.583661e-02
2.710439e-02
2.123592e-02
1.537038e-02
1.930969e-02
1.507785e-02
1.246229e-02
-8.028121e-03
2.109036e-02
1.512261e-02
-5.211471e-03
7.713974e-03
1.424640e-03
4.748734e-03
7.214867e-03
-3.329546e-03
1.250338e-02
5.981858e-03
-4.359057e-03
-2.830124e-04
-3.100477e-03
-2.709401e-02
-3.602001e-03
5.775943e-04
4.416479e-03
3.240519e-03
5.285446e-03
8.187314e-03
-7.997774e-03
-3.267092e-03
6.703427e-03
-1.204109e-03
1.456886e-03
-2.551068e-02
-2.293295e-02
-7.005042e-03
9.789413e-03
3.518438e-03
1.700826e-02
-2.095736e-03
-8.587666e-03
-2.011147e-02
-3.063307e-02
-2.055049e-02
-2.752708e-02
-2.963256e-02
-1.591181e-02
-5.317046e-03
-3.932206e-02
-3.188498e-02
8.526409e-02
7.905967e-02
