1.367481e-02
2.671785e-02
2.127361e-02
1.576813e-02
1.973905e-02
1.443580e-02
1.276612e-02
-9.350328e-03
2.133475e-02
1.505349e-02
-6.838761e-03
6.811935e-03
2.105660e-03
5.355107e-03
6.637726e-03
-3.755978e-03
1.211683e-02
6.138999e-03
-2.570989e-03
6.457650e-04
-3.125408e-03
-2.611860e-02
-3.216923e-03
1.707691e-03
4.169844e-03
4.348991e-03
4.887035e-03
9.128900e-03
-6.131124e-03
-3.139970e-03
6.129082e-03
-3.751071e-03
7.287395e-03
-2.335282e-02
-2.220117e-02
-6.886544e-03
9.059177e-03
3.326740e-03
1.411003e-02
-1.782168e-03
-1.011118e-02
-1.923639e-02
-3.423702e-02
-1.978514e-02
-2.747915e-02
-2.944216e-02
-1.424407e-02
-5.262166e-03
-4.216752e-02
-3.215364e-02
8.476462e-02
7.964804e-02
