2.276033e-02
2.203246e-02
1.624986e-02
1.591807e-02
1.899201e-02
2.440162e-02
3.348679e-02
2.228975e-02
1.232852e-02
1.325543e-02
9.642213e-03
6.430841e-03
1.591497e-02
-7.733563e-03
-9.694525e-03
-4.930812e-03
2.509915e-03
-2.403727e-02
-2.718440e-03
3.482016e-03
-1.233050e-02
-5.196713e-03
9.099809e-04
-1.290643e-02
-1.775162e-02
-1.019976e-03
-8.976558e-04
-8.889633e-03
-1.754045e-02
1.746282e-03
-2.911888e-03
-3.554931e-03
7.876618e-03
-1.038607e-02
4.555864e-03
3.019604e-03
-3.170856e-02
1.040641e-02
-6.316205e-03
2.173903e-03
-2.609456e-02
-3.769625e-02
-3.465552e-03
-1.986492e-02
-3.033242e-02
-2.965585e-02
-1.053623e-02
-2.592944e-02
-1.639023e-02
-7.819409e-03
6.950581e-02
5.074102e-02
