9.847722e-03
2.537092e-02
1.229870e-02
3.686424e-02
2.840413e-02
2.049088e-02
8.881333e-03
1.079922e-02
2.006648e-02
1.586581e-02
-1.865563e-03
-6.304998e-03
2.152619e-03
-1.048449e-03
-7.017779e-03
-4.613611e-03
-7.677662e-03
8.907657e-03
-2.706900e-03
-1.994224e-02
-1.082093e-02
5.058364e-04
-9.475676e-03
-2.018009e-03
8.836237e-03
-1.319205e-03
-7.624902e-03
-7.638712e-03
8.003585e-04
-1.791059e-03
-1.172499e-02
4.784179e-03
-8.215570e-04
-2.726362e-03
-1.367122e-02
-2.256802e-03
3.548470e-03
4.405509e-03
1.110450e-02
9.815572e-05
-2.684059e-02
-1.603350e-02
-2.866023e-02
-1.295867e-02
-2.546572e-02
-1.813169e-02
-2.292925e-02
-1.542349e-02
2.197125e-03
-1.510096e-02
6.964502e-02
7.906687e-02
