3.106777e-02
1.784346e-02
9.174854e-03
1.703091e-02
1.281932e-02
1.660342e-02
2.008031e-02
1.720033e-02
2.435335e-02
1.204354e-02
-4.453478e-03
1.072787e-03
6.144937e-03
-2.907487e-03
-5.807345e-03
-1.368554e-03
4.005653e-03
-2.059350e-03
2.775110e-03
9.275628e-03
2.403363e-03
-3.449223e-03
-1.615254e-03
6.302522e-04
-2.743390e-02
-9.608064e-03
-3.805082e-02
-4.353506e-03
1.853188e-03
-2.676393e-04
-3.574760e-02
-1.205516e-02
-4.821867e-03
-1.780313e-02
-1.101891e-02
5.159355e-03
5.875429e-04
-1.769831e-02
-4.913526e-03
-1.982349e-02
-3.155697e-02
-1.690549e-02
-1.458949e-02
-2.858284e-02
-2.802981e-02
-1.047252e-01
-9.362340e-03
-3.401040e-02
-6.751509e-03
-2.065697e-02
5.212008e-02
6.140441e-02
