2.843258e-02
1.337621e-02
7.947296e-03
2.192093e-02
6.079985e-03
6.646056e-03
1.730180e-02
1.362944e-02
5.658966e-03
2.163784e-02
-1.733998e-03
2.223576e-03
6.820572e-03
-7.478755e-03
4.717522e-03
1.228294e-02
-9.243363e-03
-8.993043e-03
9.005431e-03
-4.005507e-03
-2.428807e-02
4.170157e-03
8.945134e-03
-1.232016e-02
7.404757e-03
8.868161e-03
1.115442e-02
7.123222e-03
-6.479880e-03
-2.398903e-03
6.965765e-03
6.464822e-03
1.058537e-02
-4.387333e-03
5.787596e-03
1.037295e-02
-1.333704e-02
-6.862503e-03
8.374719e-03
-2.289095e-02
-8.789633e-03
-2.899592e-02
-3.665176e-02
-4.101421e-03
-3.889678e-03
-1.453821e-02
-9.003117e-03
-2.000000e-01
-1.692515e-02
-6.223722e-03
3.177862e-02
7.235800e-02
