1.851184e-02
3.252817e-02
2.347922e-02
1.352110e-02
2.738489e-02
2.018195e-02
6.819558e-03
1.737574e-02
1.366207e-02
1.548163e-02
7.106183e-03
2.230066e-02
-1.087478e-03
-7.485604e-03
-6.091577e-03
-4.680320e-03
2.245427e-03
7.512200e-03
9.709647e-04
-7.287721e-03
-8.237077e-03
1.322427e-03
-3.480923e-02
2.295215e-03
-1.542417e-02
2.736343e-03
-1.281624e-02
2.874464e-03
-2.179836e-02
7.897434e-03
-8.472356e-03
-1.565332e-03
-3.189641e-04
5.745194e-03
-6.769586e-03
5.807939e-03
4.045324e-03
-8.571610e-03
-6.595669e-03
9.106159e-03
-3.461144e-02
-2.196895e-02
-3.854171e-03
-1.961793e-02
-1.737485e-02
-1.333535e-02
-8.978221e-03
-3.680239e-02
-1.488647e-02
-4.056682e-02
7.946018e-02
6.814778e-02
