1.693653e-02
2.933541e-02
2.228986e-02
1.769586e-02
1.856934e-02
1.703125e-02
1.464212e-02
-7.119467e-03
2.277049e-02
1.731616e-02
-4.591560e-03
5.393010e-03
8.048520e-04
4.078673e-03
9.039427e-03
-2.280400e-03
1.492259e-02
3.164604e-03
-5.584270e-03
-8.133360e-06
-3.250320e-03
-2.869928e-02
-5.316682e-03
4.305082e-03
5.551925e-03
6.838181e-03
5.723531e-03
8.882122e-03
3.418641e-03
-1.527819e-03
6.949542e-03
-4.058936e-03
7.905507e-03
-1.917372e-02
-2.095910e-02
-8.729308e-03
8.279570e-03
4.051823e-03
1.585670e-02
-3.242148e-05
-9.491257e-03
-1.658300e-02
-3.561957e-02
-1.616070e-02
-3.069621e-02
-2.895864e-02
-2.875465e-02
-8.663994e-03
-4.355846e-02
-3.482276e-02
9.082652e-02
7.235064e-02
