1.070925e-02
2.031458e-02
1.871301e-02
2.002319e-02
2.736523e-02
1.871491e-02
2.040089e-04
1.901477e-02
2.185540e-02
9.491605e-03
8.778433e-03
-5.955610e-03
-2.288707e-03
-4.027692e-03
1.372134e-05
-5.679633e-03
8.798227e-03
-1.531394e-02
-4.986909e-03
-1.117259e-02
-1.245524e-02
3.616785e-03
-6.806078e-04
-6.527604e-03
-1.131865e-02
4.241023e-03
-5.796660e-03
-6.206138e-03
1.665918e-03
4.089072e-03
-1.247827e-02
-9.978139e-03
-6.645362e-03
4.337213e-03
-3.516776e-03
-2.896929e-02
-1.548131e-02
-9.937520e-03
-9.804722e-03
1.301544e-03
-1.073734e-02
-4.392007e-02
-2.318997e-02
-1.391750e-02
-2.599312e-02
-2.870573e-02
-1.669357e-02
-3.004556e-02
-1.751075e-02
-4.606126e-02
8.873395e-02
7.217693e-02
