2.687703e-02
1.852959e-02
1.069494e-02
1.784391e-02
1.491145e-02
7.774988e-03
1.293945e-02
1.486054e-02
7.378651e-03
2.177842e-02
5.023764e-03
2.300281e-03
9.359604e-03
-3.960924e-03
1.013893e-03
3.215167e-03
1.966432e-04
3.011575e-03
9.559059e-03
-1.354492e-03
-2.778844e-02
-1.029078e-04
6.304808e-03
-2.091881e-02
1.464031e-03
4.803027e-03
9.612054e-03
-2.991711e-03
-8.258763e-04
3.057383e-03
1.336100e-03
8.453516e-04
5.236444e-03
4.018067e-03
2.437841e-03
8.766319e-03
-1.648099e-02
-7.333787e-03
1.185695e-03
-4.788512e-03
-1.466950e-02
-2.447524e-02
-2.127516e-02
-1.539104e-02
-9.149257e-03
-1.736748e-02
-1.779669e-02
-4.013642e-02
-1.182778e-02
-1.169650e-02
8.272922e-02
8.352411e-02
