7.877564e-03
1.995493e-02
1.203743e-02
1.582440e-02
1.989087e-02
9.062615e-03
7.989432e-03
2.244012e-02
1.967145e-02
1.645335e-02
-8.391503e-03
5.673832e-03
2.391094e-03
-5.243459e-03
-1.562484e-02
-2.874602e-02
-6.441366e-03
6.075329e-03
-1.417928e-03
-1.554093e-03
-9.530420e-03
2.584796e-03
-2.135929e-03
6.541602e-03
1.108933e-02
-6.997179e-03
2.977073e-03
1.256423e-02
5.533575e-03
1.191391e-02
1.008364e-02
-2.774275e-02
-2.482281e-03
-4.757200e-05
-8.110510e-03
1.877878e-03
-2.315205e-02
-3.696115e-03
-7.217370e-03
1.779677e-04
-1.436679e-02
-1.906085e-02
-2.587035e-02
-1.004360e-02
-5.680273e-03
-3.071407e-02
-2.290739e-02
-1.076945e-02
-6.450688e-03
-3.815654e-02
8.393419e-02
7.505930e-02
