2.061864e-02
1.897512e-02
1.642958e-02
1.621920e-02
1.798981e-02
2.175840e-02
3.163718e-02
2.321903e-02
1.030275e-02
1.516288e-02
7.531068e-03
9.277683e-03
1.396351e-02
-1.211353e-02
-1.292926e-02
-8.966435e-03
3.708146e-03
-1.831414e-02
2.189058e-03
7.796019e-03
-2.018497e-02
-3.155852e-03
4.977533e-04
-1.094101e-02
-1.805774e-02
-2.448609e-03
-3.411822e-03
-5.338249e-03
-2.390707e-02
3.229693e-03
-5.756483e-03
-3.898993e-03
4.729729e-03
-7.247884e-03
2.268157e-03
1.703342e-03
-3.543677e-02
1.122779e-02
-7.737714e-03
2.204875e-03
-2.012241e-02
-4.521667e-02
-4.170822e-03
-1.079594e-02
-2.994733e-02
-2.485173e-02
-7.002074e-03
-2.885544e-02
-1.631775e-02
-1.017907e-02
7.529698e-02
5.364658e-02
