2.890209e-02
2.051832e-02
1.230150e-02
2.009438e-02
1.665527e-02
8.210559e-03
1.482382e-02
1.717609e-02
8.443243e-03
2.584129e-02
6.689313e-03
-3.329427e-04
1.172757e-02
-2.975628e-03
-4.900109e-06
-4.938340e-04
2.313322e-03
-8.122278e-04
8.644613e-03
-9.284049e-04
-2.976746e-02
1.700958e-03
8.740317e-03
-2.145662e-02
7.152916e-03
5.272022e-03
9.287462e-03
6.046260e-04
2.510788e-03
5.120691e-03
-1.686168e-03
2.123253e-03
8.023647e-03
9.094476e-03
3.332796e-03
4.736905e-03
-1.862100e-02
-6.083154e-03
1.727676e-03
-1.358214e-03
-1.803758e-02
-2.139302e-02
-1.612753e-02
-1.192869e-02
-7.979674e-03
-1.437924e-02
-2.153616e-02
-5.098482e-02
-1.966069e-02
-1.557017e-02
9.268326e-02
7.498129e-02
