1.229503e-02
2.048804e-02
1.487286e-02
3.861244e-02
2.463490e-02
1.450099e-02
8.481442e-03
1.292135e-02
9.414571e-03
2.813452e-02
-1.202316e-02
-7.096530e-04
-3.182775e-03
1.594005e-03
-7.869551e-03
-3.194042e-03
-3.892451e-03
6.245458e-03
-4.351284e-03
-1.760784e-02
-1.389535e-02
1.155327e-03
-2.472092e-02
1.047235e-04
3.474649e-03
5.720532e-04
-6.001966e-02
-1.153197e-02
-8.156558e-04
2.616222e-03
-5.375012e-02
5.312190e-03
3.408652e-04
-1.234076e-04
-1.374918e-02
-7.371265e-03
4.720479e-03
7.838385e-03
8.834178e-03
4.087562e-03
-2.348176e-02
-1.178589e-02
-1.450311e-02
-2.440389e-02
-5.381108e-02
-1.910957e-02
-5.323208e-02
-1.303457e-02
-3.673977e-04
-1.573715e-02
5.032878e-02
4.606294e-02
