1.539624e-02
2.988892e-02
2.213534e-02
1.667570e-02
2.089418e-02
1.631989e-02
1.350651e-02
-7.456383e-03
2.220688e-02
1.628132e-02
-4.556332e-03
6.255352e-03
2.997279e-03
4.196880e-03
7.742823e-03
-2.828059e-03
1.346237e-02
6.249797e-03
-4.645515e-03
2.356332e-03
-2.656930e-03
-2.698377e-02
-4.956041e-03
2.189247e-03
5.813047e-03
4.977860e-03
5.508921e-03
9.470989e-03
1.938163e-03
-1.758757e-03
7.440955e-03
-5.076478e-03
8.752275e-03
-2.354596e-02
-2.282291e-02
-6.060821e-03
9.342342e-03
2.849192e-03
1.653487e-02
-8.190823e-04
-9.381846e-03
-1.649711e-02
-3.962103e-02
-2.025059e-02
-3.100942e-02
-2.628938e-02
-2.440828e-02
-7.574047e-03
-4.142040e-02
-3.250107e-02
9.153704e-02
8.066714e-02
