1.374564e-02
2.621064e-02
2.130488e-02
1.542426e-02
1.928617e-02
1.359575e-02
1.309284e-02
-9.664503e-03
2.111513e-02
1.483814e-02
-6.719688e-03
6.604564e-03
2.147002e-03
5.852580e-03
6.437268e-03
-4.071271e-03
1.197825e-02
6.425971e-03
-2.408268e-03
1.408330e-04
-3.083994e-03
-2.580112e-02
-3.328111e-03
1.824134e-03
4.273834e-03
4.332850e-03
4.888459e-03
8.919962e-03
-6.376350e-03
-3.034999e-03
5.905284e-03
-3.686566e-03
7.918424e-03
-2.380944e-02
-2.158277e-02
-6.843445e-03
8.417164e-03
3.615362e-03
1.342700e-02
-1.682567e-03
-9.719478e-03
-1.907965e-02
-3.520841e-02
-1.870917e-02
-2.602089e-02
-3.015703e-02
-1.379326e-02
-5.491923e-03
-4.207005e-02
-3.299686e-02
8.106136e-02
7.697845e-02
