1.664075e-02
1.033726e-02
1.827749e-02
3.608734e-02
-5.503485e-05
6.726720e-03
1.508558e-02
2.463165e-02
2.056604e-02
1.560808e-02
-7.356067e-03
-3.202113e-03
-4.244525e-02
5.996479e-03
5.827320e-03
-2.469109e-02
7.016417e-03
6.327097e-03
1.409877e-03
-9.145049e-04
-7.031234e-04
1.062297e-02
-2.186094e-03
1.373498e-03
-1.642019e-02
-6.434820e-03
7.071711e-03
-7.357661e-04
-7.021090e-03
6.218551e-04
1.025979e-02
-1.396519e-02
3.861637e-03
-1.109765e-02
-4.696433e-03
-2.970090e-02
-2.269286e-03
-1.092754e-03
-6.383682e-03
7.671619e-03
-1.886822e-02
-4.156905e-02
-1.520216e-02
-7.713255e-03
-5.395172e-03
-5.901815e-03
-4.536693e-02
-2.377243e-03
-1.376386e-02
-1.105064e-02
7.925206e-02
1.095478e-01
