1.291533e-02
6.681132e-03
2.126322e-02
1.699356e-02
1.921741e-02
1.858842e-02
2.148924e-02
1.583677e-02
1.595514e-02
8.644388e-03
-3.788896e-03
-1.463832e-02
-1.174178e-03
-7.501624e-03
-3.042944e-03
1.258165e-02
-5.818702e-04
-6.839333e-03
1.339131e-03
1.643034e-03
6.197675e-03
-5.904706e-03
-2.082299e-02
2.614150e-03
-7.634225e-03
-1.778515e-03
6.020836e-03
3.933224e-03
-4.279604e-03
-9.816683e-03
-4.039487e-03
-2.522598e-02
-2.205133e-03
-1.117029e-02
-1.003181e-02
4.240151e-03
1.584346e-02
-4.226717e-04
-3.100623e-03
-9.732309e-03
-3.007269e-02
-1.884458e-02
-9.840798e-03
-3.582376e-02
-7.934788e-03
-3.504714e-02
-8.128561e-03
-1.701648e-02
-2.661127e-02
-4.551650e-02
8.145153e-02
7.358639e-02
