1.438617e-02
2.777941e-03
1.762317e-02
1.472593e-02
2.664471e-02
2.292439e-02
2.148408e-02
1.339543e-02
1.643907e-02
6.547324e-03
-9.125584e-03
-1.510653e-02
-5.154237e-04
-9.509942e-04
-1.598292e-03
1.009002e-02
-5.772311e-04
-6.116518e-03
2.000217e-03
1.967249e-03
5.558560e-03
-6.388199e-03
-2.442113e-02
5.794425e-03
-4.927355e-03
-1.898388e-03
5.582691e-03
2.582676e-03
-4.162577e-03
-8.772513e-03
-3.700279e-03
-2.203018e-02
-2.009901e-03
-1.260585e-02
-9.694123e-03
8.065709e-04
1.675783e-02
4.862652e-04
-4.783124e-03
-1.210298e-02
-3.412095e-02
-1.524231e-02
-1.313068e-02
-2.810649e-02
-5.752625e-03
-3.058479e-02
-8.729975e-03
-1.477135e-02
-2.687911e-02
-4.222058e-02
7.930429e-02
7.009432e-02
