7.207282e-03
2.134805e-02
1.820875e-02
2.159416e-02
2.537925e-02
1.926728e-02
6.556653e-04
1.635150e-02
2.154726e-02
1.145816e-02
6.280947e-03
-7.885452e-03
2.286987e-03
-3.683862e-03
4.956128e-03
-4.675939e-03
6.030986e-03
-1.171588e-02
-4.838969e-03
-8.235312e-03
-1.288701e-02
2.156512e-03
-8.750611e-05
-5.964741e-03
-1.305863e-02
3.739706e-03
-8.617524e-03
-7.956495e-03
2.161191e-03
4.087712e-03
-8.778473e-03
-7.951826e-03
-6.816606e-03
6.019472e-03
-2.694807e-03
-2.118131e-02
-1.328122e-02
-8.079124e-03
-8.048475e-03
1.413042e-03
-1.114386e-02
-4.755816e-02
-1.725518e-02
-2.422338e-02
-2.016508e-02
-3.597689e-02
-1.221285e-02
-2.420024e-02
-2.403000e-02
-3.675472e-02
8.360413e-02
6.582488e-02
