1.055644e-02
1.272919e-02
1.319655e-02
2.096393e-02
-5.118996e-03
1.735168e-03
1.610590e-02
9.848004e-03
-8.019493e-03
1.531233e-02
-8.970239e-03
6.900346e-03
-4.577677e-03
2.726855e-02
-3.795730e-03
1.168840e-02
-2.727011e-02
-8.234825e-04
4.023978e-03
5.191311e-03
-1.174375e-03
4.142654e-03
5.351107e-03
-9.904902e-04
-7.614436e-03
-6.137683e-03
9.613269e-03
6.338667e-03
4.313489e-03
-4.593592e-02
-7.045557e-03
1.446212e-02
-1.782920e-03
-7.996098e-03
7.894862e-03
-1.775229e-02
1.415507e-03
-2.592414e-02
-1.214550e-02
-9.271771e-03
-3.303050e-02
-6.546515e-02
-2.124244e-02
-1.831669e-02
-1.397258e-02
-1.938271e-02
-1.796988e-02
-4.887529e-03
-1.377874e-02
1.582647e-04
7.870266e-02
5.665049e-02
