1.063295e-02
4.437146e-03
1.962445e-02
1.489068e-02
3.395491e-02
2.306461e-02
2.073260e-02
1.586705e-02
1.527936e-02
5.900495e-03
-9.758544e-03
-2.753304e-02
-2.927487e-03
-5.049723e-03
-1.329081e-03
1.335924e-02
1.269348e-03
-4.537561e-03
9.016581e-04
4.802683e-03
2.829938e-03
-6.883728e-03
-2.174348e-02
7.021093e-03
-6.219381e-03
-1.531302e-03
4.783587e-03
3.182113e-03
-1.365654e-03
-1.000052e-02
-3.107445e-03
-2.094786e-02
-1.152786e-04
-1.364468e-02
-9.419004e-03
-4.740674e-03
1.577517e-02
-3.355332e-03
-4.149345e-03
-9.480237e-03
-3.269387e-02
-2.931819e-02
-8.691506e-03
-3.709765e-02
-7.466990e-03
-5.238800e-02
-1.151356e-02
-1.902863e-02
-3.259361e-02
-6.053189e-02
7.632181e-02
6.356977e-02
