1.181923e-02
1.481893e-02
1.746348e-02
2.136746e-02
-9.407423e-03
4.920566e-03
1.481430e-02
1.098838e-02
-6.845599e-03
1.307007e-02
-7.885566e-03
9.001899e-03
-1.939092e-04
2.942287e-02
-9.736833e-03
8.506346e-03
-1.151201e-02
-2.312269e-03
1.947800e-03
7.384680e-03
6.723661e-04
3.858601e-03
6.595096e-03
-5.414825e-03
-1.285342e-02
-4.486460e-03
5.044317e-03
4.046645e-03
9.285026e-03
-4.168778e-02
-3.895507e-03
1.369574e-02
-1.432241e-03
-1.164734e-03
1.012286e-02
-1.745026e-02
3.983706e-03
-2.652295e-02
-3.770484e-03
-1.640492e-02
-3.875837e-02
-2.506813e-02
-3.111811e-02
-1.081861e-02
-1.536419e-02
-2.969403e-02
-2.281006e-02
-3.846069e-03
-1.038131e-02
-3.877964e-03
7.866044e-02
6.482034e-02
