1.463057e-02
1.340955e-02
1.327011e-02
1.922814e-02
6.056244e-03
7.978229e-03
1.861320e-02
1.176321e-02
-1.188432e-02
1.123097e-02
-8.922501e-03
8.147894e-03
-2.242483e-03
3.077164e-02
-1.312134e-02
8.341981e-03
-2.204247e-02
-3.908543e-03
-6.078394e-03
7.649958e-03
-5.197065e-04
2.766937e-03
1.344611e-03
-6.080095e-03
-6.672348e-03
-1.979704e-03
3.905367e-03
5.228996e-03
8.080708e-03
-3.852460e-02
-4.491848e-03
1.371576e-02
-4.059258e-03
-1.705535e-03
5.408859e-03
-1.510745e-02
3.979881e-03
-2.839210e-02
-1.044680e-02
-1.751041e-02
-3.232313e-02
-2.641864e-02
-3.426093e-02
-1.590937e-02
-1.670892e-02
-2.803703e-02
-1.686524e-02
-6.055849e-03
-7.236366e-03
4.071094e-04
8.326063e-02
6.429054e-02
