2.747403e-02
1.988045e-02
1.353366e-02
1.705883e-02
1.478426e-02
1.926805e-02
2.124124e-02
1.918286e-02
2.097863e-02
8.703095e-03
2.857012e-04
1.500022e-03
6.772300e-03
-6.294919e-03
-1.231060e-02
-1.872675e-03
3.891682e-03
3.998797e-03
1.362469e-03
4.367810e-03
-3.165843e-03
2.398044e-03
4.955558e-03
2.796372e-03
-3.112883e-02
-1.211912e-02
-1.921025e-02
-8.125773e-04
1.282828e-03
6.319190e-03
-1.674816e-02
-6.702957e-03
-3.395835e-03
-1.663964e-02
-1.358885e-02
8.894948e-03
3.857799e-04
-7.752187e-03
2.932282e-03
-5.260233e-03
-2.678595e-02
-1.642275e-02
-1.716719e-02
-1.895784e-02
-1.607916e-02
-2.523657e-02
-1.620431e-02
-3.818248e-02
-2.537475e-03
-2.965605e-02
9.369560e-02
8.438826e-02
