1.332001e-02
6.161748e-03
1.657348e-02
1.507573e-02
2.738885e-02
2.141753e-02
2.116510e-02
1.467537e-02
1.560665e-02
7.550925e-03
-7.475855e-03
-1.615132e-02
-1.853954e-03
-3.480362e-03
-1.652340e-03
1.003897e-02
-6.508462e-04
-6.949560e-03
1.528421e-03
2.314605e-03
4.439482e-03
-6.305847e-03
-2.088012e-02
4.276489e-03
-6.763583e-03
-2.333465e-03
6.047770e-03
1.811066e-03
-5.554145e-03
-7.926805e-03
-2.853638e-03
-2.526781e-02
-1.308097e-03
-1.192680e-02
-8.708581e-03
1.203075e-03
1.598955e-02
3.089660e-04
-6.490779e-04
-9.816694e-03
-2.951300e-02
-1.771163e-02
-1.025903e-02
-2.880589e-02
-8.873752e-03
-3.275186e-02
-8.290846e-03
-1.552554e-02
-2.435697e-02
-4.057803e-02
8.134598e-02
6.953833e-02
