2.007073e-02
1.130605e-02
8.540383e-03
1.529062e-02
7.027885e-03
1.086360e-02
2.084691e-02
1.274417e-02
1.837146e-02
1.450521e-02
-2.926110e-03
-3.200507e-03
-8.125726e-03
4.093678e-03
-9.451475e-03
-1.004064e-02
-2.457591e-02
-1.391503e-03
1.963758e-03
1.652996e-03
-1.521509e-03
-1.943500e-02
2.073649e-03
5.203492e-04
-5.744026e-03
-1.784131e-02
-7.451906e-03
-5.639320e-03
4.926513e-05
2.598310e-03
1.330629e-03
-2.432418e-02
-7.165578e-03
-5.791259e-03
-5.301536e-03
4.095331e-03
9.206278e-03
-8.453766e-03
-3.406532e-03
-1.325072e-03
-1.090000e-02
-3.526436e-02
-1.966364e-02
-2.388849e-02
-9.760418e-03
-1.569461e-02
-1.385289e-02
-1.281804e-02
-1.891182e-02
-9.679567e-03
5.968217e-02
6.481937e-02
