9.700285e-03
3.015856e-02
2.989894e-02
5.961943e-02
8.702700e-03
2.091871e-02
-1.792180e-03
9.383553e-03
8.373477e-03
2.240329e-02
1.838224e-02
3.816454e-03
3.129685e-02
-5.210724e-02
1.067165e-02
-1.098107e-02
1.229546e-02
7.686977e-03
-9.983947e-03
1.363284e-03
-6.816724e-03
1.581657e-02
2.186750e-05
2.820574e-03
-1.068620e-02
-6.578029e-03
9.046264e-03
5.859802e-03
-2.274889e-02
-8.369361e-03
1.125219e-02
-1.903622e-02
-1.185140e-03
6.566817e-03
-2.000000e-01
-2.098907e-03
1.660218e-02
-3.174511e-03
-2.374318e-03
-1.049946e-02
-1.482536e-02
-2.000000e-01
2.945570e-03
-1.467387e-02
-5.920204e-03
-1.468516e-02
-1.998278e-02
-1.509229e-02
-1.473141e-02
-6.725620e-05
1.674416e-02
2.273716e-02
