1.192591e-02
7.945710e-03
1.600687e-02
3.000885e-02
1.486499e-02
1.214536e-02
1.487557e-02
2.595855e-02
1.163218e-02
1.948608e-02
3.276435e-04
1.488534e-03
-6.739270e-03
1.515571e-03
-8.221772e-03
-5.544375e-04
9.448298e-04
-6.617924e-03
-1.509733e-04
4.635764e-04
2.216995e-03
-6.462814e-03
-1.511144e-02
-1.478653e-03
6.054224e-03
1.983295e-03
1.126492e-03
-1.871704e-02
-4.722023e-04
1.443512e-03
1.386752e-02
-9.088949e-03
5.763104e-03
7.125603e-04
6.709737e-03
9.378832e-03
-7.103751e-03
-9.239423e-03
1.356820e-02
1.478766e-03
-6.206498e-03
-2.399088e-02
-1.061396e-02
-2.405810e-02
-1.956043e-02
-2.049739e-02
-3.185484e-02
-1.667180e-02
-9.826658e-03
-1.062243e-02
8.013976e-02
6.187204e-02
