2.031084e-02
6.815155e-03
6.502004e-03
1.718875e-02
6.684639e-03
1.432906e-02
2.314516e-02
1.135353e-02
1.522692e-02
1.107156e-02
-1.214211e-02
-6.246922e-03
-7.893510e-03
2.531644e-03
-8.365644e-03
-1.043899e-02
-2.136251e-02
8.152144e-05
4.130238e-03
3.664306e-03
-2.878619e-03
-2.821091e-02
3.714875e-03
-2.664652e-03
-1.792859e-03
-1.689308e-02
-8.675855e-03
-1.521981e-02
-2.353202e-03
5.492029e-03
-9.526633e-03
-1.503912e-02
-9.602511e-03
-5.157302e-03
-4.966771e-03
1.478244e-03
4.332685e-03
-6.112028e-03
1.588336e-03
2.768279e-03
-1.053344e-02
-3.442424e-02
-2.767074e-02
-1.907884e-02
-1.699235e-02
-2.316201e-02
-8.940070e-03
-1.458354e-02
-2.067149e-02
1.206212e-03
5.678218e-02
6.184272e-02
