1.669060e-02
9.911452e-03
1.855930e-02
1.595581e-02
6.411518e-03
1.844417e-02
1.593724e-02
7.502643e-03
2.619735e-02
2.617220e-02
6.631361e-03
-2.795901e-02
-1.392794e-03
1.400070e-03
4.733876e-04
-9.117361e-03
5.279878e-03
2.138165e-04
8.925023e-03
1.965166e-03
-8.308783e-03
6.024895e-03
-4.714746e-03
6.554212e-03
-5.525707e-03
-3.804915e-04
-4.302639e-03
6.715508e-03
-6.213389e-03
3.559829e-03
3.216414e-03
-3.949045e-03
-5.875445e-03
-7.255282e-03
-3.981138e-04
-1.310530e-02
-5.141480e-04
-3.116923e-02
2.782590e-04
-1.497791e-02
-2.216691e-02
-1.407916e-02
-1.183277e-02
-2.105100e-02
-9.514144e-03
-5.979116e-03
-2.579538e-02
-1.985987e-02
-1.287308e-02
-3.502670e-03
1.011215e-01
7.978278e-02
