3.066749e-02
1.957103e-02
1.319868e-02
1.251623e-02
9.813306e-03
2.180582e-02
1.863560e-02
2.535201e-02
1.791616e-02
1.492870e-02
-1.490357e-02
3.969561e-04
-1.785882e-02
-2.035183e-02
1.609312e-02
-1.736464e-02
-5.902576e-02
-1.872500e-02
6.931661e-03
-2.899211e-02
-1.813811e-02
1.596276e-02
3.639789e-03
-2.497520e-03
9.917587e-03
-4.048216e-03
6.022771e-03
8.229014e-03
-1.631127e-02
-8.464287e-03
7.577757e-03
-8.256262e-03
-2.899330e-02
-3.261131e-02
-3.960774e-03
-1.337424e-02
4.651081e-03
-1.885479e-02
9.846606e-04
-1.305221e-02
-3.840104e-02
-1.922460e-02
-2.805339e-02
-3.142089e-02
-1.783548e-02
-2.786211e-03
-3.522702e-02
-3.615845e-02
-6.073782e-02
-1.353223e-02
3.696438e-02
5.171201e-02
