2.318837e-02
1.443177e-02
9.078416e-03
4.380537e-02
1.287311e-02
2.105041e-02
1.940986e-02
1.405923e-02
2.209816e-02
1.144256e-03
4.055415e-04
-1.463103e-02
-5.275441e-03
-1.046538e-02
-3.722882e-02
-3.680671e-03
-4.867374e-03
4.253240e-03
-1.442952e-02
2.730344e-03
-2.500608e-03
-4.426357e-04
-1.576387e-03
-5.119060e-03
6.092659e-03
-7.972375e-03
6.314687e-04
3.054160e-03
-1.015466e-02
7.618893e-03
-9.595064e-03
5.629679e-03
1.560603e-03
-1.754854e-02
4.024083e-03
-1.335323e-02
9.327786e-03
-4.305844e-05
6.764124e-03
5.152085e-03
-8.499342e-03
-5.460581e-03
-1.276519e-02
-5.152394e-03
-1.022886e-02
-4.313471e-03
-1.990720e-02
-1.092827e-02
-1.913690e-02
-3.714428e-04
5.468930e-02
6.906310e-02
