1.234215e-02
1.476485e-02
9.009301e-03
1.879752e-02
1.181706e-02
2.641561e-02
1.108940e-02
2.238722e-02
1.678797e-02
7.909815e-03
-2.985177e-02
1.426267e-03
-2.028556e-03
-9.628813e-03
-4.160592e-03
-1.758077e-03
3.432891e-03
-1.093367e-02
-1.065851e-02
-1.731125e-03
2.536571e-03
1.383277e-03
1.004276e-02
-6.609884e-03
2.060423e-03
2.426386e-04
1.180023e-02
-2.723257e-02
1.398603e-02
-9.543762e-03
3.866121e-03
-7.212292e-03
-1.600197e-03
-4.191591e-03
-1.764498e-03
5.225052e-03
-6.627588e-03
-3.755676e-03
2.370803e-03
3.223683e-03
-2.878867e-02
-1.559304e-02
-1.545841e-02
-6.298537e-03
-2.210331e-02
-1.981922e-02
-2.117907e-02
-1.778878e-02
-2.040574e-02
-1.095835e-02
9.081488e-02
1.023701e-01
