1.479350e-02
2.083176e-02
1.704003e-02
1.416054e-02
1.173062e-02
1.846802e-02
-1.323020e-02
1.241681e-02
1.424594e-02
8.173791e-03
1.174162e-03
-1.398646e-03
-4.732871e-03
4.353823e-04
-3.531004e-03
-1.414987e-03
5.616592e-03
4.647061e-03
4.148721e-03
8.386760e-03
8.557420e-03
-1.268012e-02
-1.522318e-02
3.252721e-03
3.175697e-03
1.334399e-03
2.404366e-03
-2.818778e-03
-1.405205e-02
-5.457188e-03
-1.151930e-02
9.826691e-04
-1.519906e-02
7.795381e-04
-1.428162e-02
5.450713e-03
2.856472e-03
-5.878634e-03
-4.723376e-03
9.735822e-03
-3.578554e-02
-3.697563e-02
-1.168751e-02
-1.864454e-02
-2.953911e-02
-1.946371e-02
-1.845923e-02
-3.443308e-02
-1.917133e-02
-1.326757e-02
4.940545e-02
4.884627e-02
