2.719532e-02
6.263608e-03
5.334122e-03
1.703285e-02
1.023183e-02
8.733737e-03
3.026454e-02
9.801761e-03
1.867681e-02
2.071121e-02
-3.520683e-03
1.244431e-02
-3.757680e-03
6.531865e-03
-6.039190e-03
-7.849535e-03
-2.559980e-02
-3.899864e-03
4.319235e-03
2.924396e-03
8.709618e-03
-1.829194e-02
2.248995e-03
8.941965e-03
-6.245469e-03
-2.233776e-02
-9.682153e-03
1.739328e-03
5.276040e-03
6.564602e-03
9.775600e-03
-3.248867e-02
-9.799723e-03
-4.875824e-03
-2.666272e-03
-2.815818e-03
6.184934e-03
-5.174689e-03
-2.752468e-03
2.583810e-03
-1.324742e-02
-2.966723e-02
-3.156548e-02
-4.690169e-02
-8.716456e-03
-1.571601e-02
-1.494798e-02
-2.775479e-03
-1.455256e-02
-8.379146e-03
1.094839e-01
9.761173e-02
