2.521567e-02
9.057582e-03
4.596559e-02
-2.744778e-03
1.575644e-02
2.022773e-02
8.985215e-03
1.762351e-02
3.651647e-03
1.675623e-02
1.818322e-04
-8.898681e-03
3.753264e-03
1.203061e-02
2.788053e-03
5.049483e-03
-1.581574e-02
-1.439522e-02
-8.182504e-04
-2.279622e-03
-1.488816e-02
-5.872348e-03
-3.661927e-04
1.901174e-04
3.389958e-03
1.563312e-03
-1.291824e-02
-3.547761e-03
4.821371e-03
4.514966e-05
-2.782964e-03
2.911166e-03
1.756124e-03
2.666363e-03
8.381951e-03
-1.706057e-03
1.923949e-03
-1.102393e-02
-1.238316e-03
-3.241733e-03
-3.030175e-02
-3.550694e-02
-2.685965e-02
-5.551175e-02
-1.032165e-02
-8.058914e-03
-1.219926e-02
-1.688790e-02
-8.283894e-03
-1.298746e-02
5.887254e-02
8.400766e-02
