1.177644e-02
1.614659e-02
6.858656e-03
1.495550e-02
1.156488e-02
1.048238e-02
1.224966e-02
1.916578e-02
1.631204e-02
1.872576e-02
-3.567288e-03
1.268280e-02
6.364368e-03
5.795277e-04
1.941950e-03
-4.292150e-03
3.692226e-03
2.342580e-04
-1.329867e-02
4.787777e-04
-3.135683e-03
7.475197e-03
8.874242e-04
-9.520891e-03
-9.474510e-04
-4.966680e-03
-9.667039e-03
-1.454419e-02
4.995835e-03
5.409679e-03
-4.724390e-03
-3.381186e-03
-6.942912e-03
6.160336e-03
-9.908841e-03
5.094054e-03
-9.420687e-03
-1.257338e-02
-6.403616e-03
-3.832751e-03
-2.388168e-02
-1.048756e-02
-6.627056e-02
-1.264752e-02
-2.989774e-02
-2.387675e-02
-6.923976e-03
-1.942538e-02
-9.289683e-03
-1.769967e-04
9.385359e-02
6.833767e-02
