1.901926e-02
1.874555e-02
7.829534e-03
1.787155e-02
1.213861e-02
1.972020e-02
1.422561e-02
2.497823e-02
1.978588e-02
1.381779e-02
-7.979090e-03
-5.707433e-03
-7.682450e-03
-3.683978e-04
1.133908e-02
-3.837475e-03
-1.063569e-02
-1.053136e-02
8.891803e-03
-1.354949e-02
-1.500445e-02
1.124943e-02
6.543844e-03
2.975619e-03
6.288196e-03
6.908237e-03
1.022969e-02
3.500994e-03
-6.034052e-03
-2.942571e-03
-3.695470e-03
-1.771730e-02
-5.437349e-03
-1.051497e-02
-1.604164e-04
-1.124690e-02
1.608780e-03
-8.695684e-03
-1.094577e-03
-1.221482e-02
-1.324766e-02
-9.878236e-03
-2.655072e-02
-9.753771e-03
-1.447598e-02
-4.232733e-03
-1.246252e-02
-7.342883e-03
-5.440958e-03
-1.962877e-02
7.841227e-02
8.314058e-02
