1.635685e-02
9.034581e-03
3.753912e-02
-1.023392e-03
1.347382e-02
1.599956e-02
8.161172e-03
1.701989e-02
1.475509e-02
1.390282e-02
2.693581e-03
-9.805175e-03
1.287372e-02
1.205776e-02
-8.555737e-04
9.155046e-03
-2.807744e-02
-2.857158e-03
8.227893e-04
1.777434e-03
-7.911880e-03
-2.145806e-03
2.485459e-03
-5.917471e-03
1.629603e-03
5.597471e-03
-1.636776e-02
-1.627273e-03
-1.626184e-04
1.280532e-03
-1.981777e-03
6.845705e-03
-4.855422e-04
2.667220e-03
6.767809e-03
3.018929e-03
2.497428e-03
-8.709496e-03
-2.494319e-03
-5.467133e-03
-1.035700e-02
-4.336332e-02
-2.448306e-02
-6.440269e-02
-9.408642e-03
-5.494445e-03
-1.869483e-02
-2.706542e-02
-1.181470e-02
-2.676497e-02
4.065458e-02
6.287776e-02
