8.619091e-03
3.134072e-02
2.426839e-02
3.978533e-02
1.063211e-02
1.616338e-02
-2.832173e-03
6.164771e-03
1.002180e-02
1.997370e-02
1.348922e-02
-6.684786e-04
3.780365e-02
-1.993659e-02
4.123454e-03
-4.020903e-03
5.979855e-03
7.451803e-03
-1.146867e-02
-4.252489e-03
-5.736880e-03
7.802902e-03
1.820214e-03
1.069298e-03
-5.960102e-03
-6.340011e-03
7.255162e-03
1.551861e-03
-1.112103e-02
-1.043986e-02
1.461389e-02
-1.510881e-02
2.273895e-03
6.456350e-03
-4.049362e-02
-6.503896e-04
1.289911e-02
-2.787582e-03
1.906785e-03
-1.028242e-02
-1.830442e-02
-2.741639e-02
-6.647256e-03
-8.505702e-03
-8.616572e-03
-1.584673e-02
-1.515977e-02
-1.534532e-02
-9.371023e-03
-5.548583e-03
5.369589e-02
3.948922e-02
