2.478490e-02
1.695280e-02
1.070726e-02
2.560636e-02
1.929362e-02
2.295140e-02
1.668368e-02
1.299939e-02
2.416375e-02
5.380730e-03
-7.151451e-04
-2.624794e-02
-1.724391e-02
-2.169816e-03
-2.915018e-02
-1.420320e-03
-3.396443e-03
4.779894e-03
-8.456004e-03
-2.785267e-03
2.582579e-03
1.618337e-03
-4.811847e-03
-3.485900e-03
6.484346e-03
-1.016713e-02
4.996454e-03
2.771465e-03
-1.112249e-02
1.065777e-02
8.332652e-06
4.744674e-03
1.098925e-03
-2.074693e-02
2.657128e-03
-1.672880e-02
1.328852e-02
7.707686e-05
4.714892e-03
7.040092e-03
-1.123475e-02
-7.930743e-03
-1.142064e-02
-9.437351e-03
-1.940352e-02
-8.734269e-03
-2.867938e-02
-1.240161e-02
-1.509196e-02
-2.815807e-03
9.151108e-02
8.190420e-02
