8.330565e-03
3.095825e-02
2.388950e-02
3.846785e-02
1.075304e-02
1.629496e-02
-3.100906e-03
6.124106e-03
1.028907e-02
1.985151e-02
1.357103e-02
-7.805012e-04
4.055343e-02
-1.972420e-02
3.775088e-03
-4.063883e-03
5.828968e-03
7.564457e-03
-1.211842e-02
-3.995611e-03
-5.368253e-03
8.223824e-03
1.568268e-03
9.138341e-04
-5.675920e-03
-6.087859e-03
7.263523e-03
1.704794e-03
-1.090876e-02
-9.962757e-03
1.451948e-02
-1.585748e-02
2.339202e-03
6.451194e-03
-4.000228e-02
-4.819819e-04
1.282168e-02
-3.041986e-03
1.940636e-03
-1.037081e-02
-1.806117e-02
-2.907344e-02
-5.816869e-03
-8.141078e-03
-8.289020e-03
-1.649373e-02
-1.532157e-02
-1.474872e-02
-9.174164e-03
-5.476102e-03
5.499642e-02
3.741926e-02
