1.817341e-02
2.393214e-02
2.065374e-02
1.818634e-02
1.519351e-02
2.887749e-02
-1.111624e-02
1.566809e-02
1.653376e-02
5.566713e-03
-2.833593e-03
1.956132e-03
-5.667415e-03
-1.485745e-02
-3.432484e-03
-1.866874e-03
1.381333e-03
6.184446e-03
3.823423e-03
5.967899e-03
5.780393e-03
-1.911721e-02
-2.757624e-02
1.053127e-03
5.195690e-03
1.426402e-03
6.375243e-03
-1.548666e-03
-1.300187e-02
-4.234576e-03
-1.377490e-02
2.695809e-03
-1.621114e-02
2.857371e-03
-1.253274e-02
9.374777e-03
-2.119599e-03
-8.370550e-03
-4.921371e-03
7.443926e-03
-4.199473e-02
-3.310234e-02
-1.947526e-02
-2.221870e-02
-5.809464e-02
-3.050368e-02
-2.863170e-02
-4.660361e-02
-3.037827e-02
-3.896110e-03
8.534222e-02
1.435529e-01
