2.451241e-02
1.117203e-02
8.399289e-03
1.700908e-02
8.416865e-03
1.812562e-02
2.488717e-02
1.054281e-02
1.547396e-02
1.621981e-02
-1.015796e-03
-3.419833e-03
-2.985535e-03
8.539865e-04
-7.837320e-03
-7.559692e-03
-2.220633e-02
-2.079757e-03
3.849647e-03
1.913200e-03
1.700608e-03
-2.118223e-02
2.497706e-03
3.668526e-04
-4.206205e-03
-1.520030e-02
-6.487306e-03
-4.138660e-03
8.660850e-04
6.757400e-03
5.255609e-03
-2.692644e-02
-6.316615e-03
-4.202134e-03
-4.920711e-03
6.452405e-03
9.641270e-03
-1.245951e-02
-1.063311e-03
1.392675e-03
-7.923230e-03
-2.814544e-02
-1.738438e-02
-2.608088e-02
-1.061457e-02
-1.887180e-02
-1.479384e-02
-7.285697e-03
-1.583127e-02
-9.359981e-03
9.181648e-02
8.672607e-02
