9.743683e-03
1.422135e-02
1.881122e-02
2.281885e-02
1.895434e-02
2.583725e-02
1.798278e-02
1.859418e-02
8.554075e-03
1.922829e-02
-7.022397e-03
1.087165e-02
-7.604127e-03
8.571804e-03
-2.318487e-03
-8.208376e-03
-1.098695e-02
5.489296e-03
-4.310413e-03
1.056000e-03
-9.070215e-03
-2.565372e-03
-1.577055e-04
-4.554327e-03
9.084145e-03
-4.246943e-03
-5.332974e-02
-4.507388e-03
2.899371e-03
-5.757753e-03
7.330638e-03
-7.991056e-03
2.308469e-03
2.678380e-03
2.553285e-03
1.902232e-03
-1.940120e-03
-2.145650e-03
7.706061e-03
5.683276e-03
-1.199717e-02
-2.227921e-02
-1.521274e-02
-1.446824e-02
-8.124575e-03
-8.771837e-03
-2.318206e-02
-8.919256e-03
-4.941598e-03
-1.220343e-02
8.348514e-02
7.027236e-02
