1.541463e-02
2.087078e-02
2.549785e-02
1.922889e-02
1.650849e-02
3.200417e-02
-6.043126e-02
1.849945e-02
2.838221e-02
-6.409627e-04
7.535585e-03
4.480482e-03
-2.027125e-02
-4.687322e-02
4.749099e-03
-2.783597e-02
-6.823287e-03
5.824294e-03
1.536059e-02
2.674208e-03
1.463592e-02
-8.394372e-02
-1.722481e-02
-2.052351e-03
-2.793831e-04
-1.745098e-02
7.920460e-04
1.690891e-03
2.298409e-03
-2.182006e-03
-3.112227e-02
6.985320e-03
-1.863059e-02
1.022395e-02
-3.751210e-02
1.322706e-02
4.972011e-03
-1.664900e-02
-5.317364e-03
1.893279e-02
-2.749876e-02
-7.266208e-02
-5.104553e-02
-1.790362e-02
-5.918270e-02
-3.962903e-02
-3.436365e-02
-6.959381e-02
-5.411087e-02
-2.837513e-02
6.714778e-02
1.025658e-01
