1.875693e-02
2.324203e-02
2.066158e-02
1.418483e-02
1.489601e-02
2.330752e-02
-9.801332e-03
1.747443e-02
1.803135e-02
1.175638e-02
4.525163e-03
1.286067e-03
-3.650569e-03
4.614626e-03
4.708494e-04
2.986758e-03
3.333439e-03
4.526236e-03
3.269893e-03
7.869676e-03
6.243235e-03
-1.057115e-02
-1.867187e-02
6.993625e-03
5.562221e-03
3.540817e-03
4.464392e-03
-2.323475e-03
-1.509370e-02
-1.041625e-03
-1.258807e-02
4.590771e-03
-1.573819e-02
6.506919e-04
-1.779628e-02
2.875885e-03
-2.744149e-04
-7.175745e-03
-2.401290e-03
6.500186e-03
-3.065912e-02
-2.824489e-02
-1.676498e-02
-1.905487e-02
-2.819205e-02
-2.683985e-02
-1.653473e-02
-2.192704e-02
-2.326626e-02
-2.287544e-02
7.297631e-02
8.957915e-02
