8.606629e-03
3.238944e-02
2.709584e-02
4.457793e-02
1.006381e-02
2.133270e-02
-7.399920e-03
4.827924e-03
9.033121e-03
2.168436e-02
1.505401e-02
-5.012838e-04
4.209491e-02
-2.278211e-02
5.269250e-03
-3.331806e-03
4.829780e-03
8.928513e-03
-1.335890e-02
-2.458013e-03
-6.826209e-04
8.622998e-03
1.657946e-03
9.737053e-04
-6.275765e-03
-5.614339e-03
1.030784e-02
1.991147e-03
-1.159395e-02
-8.296123e-03
1.685020e-02
-1.719235e-02
1.509249e-03
5.806198e-03
-4.505234e-02
2.472118e-04
1.218020e-02
-2.682669e-03
3.646993e-03
-4.415742e-03
-1.622916e-02
-2.865385e-02
-4.200242e-03
-8.543570e-03
-8.848164e-03
-1.620743e-02
-1.661629e-02
-1.829391e-02
-1.015907e-02
-3.593266e-03
5.229966e-02
4.021356e-02
