1.054109e-02
4.579999e-03
1.535218e-02
8.738440e-03
1.616458e-02
5.954168e-03
1.634448e-02
3.689851e-02
5.616283e-03
1.540775e-02
1.168063e-03
1.394257e-02
2.067506e-03
-9.190911e-04
-2.650578e-02
5.755895e-04
-6.667944e-03
-6.989954e-03
1.306822e-02
-1.115600e-03
2.358025e-04
-1.081877e-02
-2.358840e-02
-2.462444e-03
6.209966e-03
-2.568071e-03
1.134324e-04
-1.149189e-02
-2.965420e-03
-4.976849e-03
1.497941e-02
-1.542195e-02
3.166873e-03
-3.499478e-03
3.367136e-03
9.561192e-03
3.678766e-03
-1.439911e-02
8.657897e-03
1.305970e-03
-5.082871e-02
-2.168922e-02
-5.088386e-02
-5.071957e-02
-3.874042e-02
-1.968860e-02
-3.061362e-02
-1.314195e-02
-8.204669e-03
-1.466812e-02
3.340262e-02
4.296844e-02
