1.252657e-02
1.497100e-02
9.987441e-03
1.657432e-02
1.134043e-02
2.751755e-02
1.019367e-02
2.340121e-02
1.667569e-02
1.098646e-02
-2.610321e-02
1.326845e-03
-9.050356e-04
-1.004550e-02
-2.069279e-03
-1.146541e-03
3.051310e-03
-1.297254e-02
-1.166723e-02
-3.650785e-04
2.148106e-03
-8.269384e-05
1.064187e-02
-5.111324e-03
7.898430e-04
2.132892e-04
1.158033e-02
-3.300300e-02
1.404428e-02
-1.631228e-02
2.873776e-03
-8.188000e-03
-2.478607e-04
-3.874037e-03
-7.310529e-05
4.955018e-03
-5.864770e-03
-3.935653e-03
1.668583e-03
2.413036e-03
-2.303847e-02
-1.734066e-02
-1.286298e-02
-5.208661e-03
-2.217405e-02
-1.939611e-02
-2.296665e-02
-2.196875e-02
-1.900442e-02
-9.265728e-03
8.015318e-02
1.093937e-01
