1.429561e-02
1.470175e-02
1.188667e-02
1.769358e-02
1.256224e-02
2.756735e-02
1.142098e-02
1.876988e-02
1.677447e-02
8.804360e-03
-2.738618e-02
2.386408e-03
-5.396787e-04
-6.408187e-03
-1.630918e-03
3.911495e-05
-1.955459e-03
-1.441242e-02
-8.741449e-03
-9.973538e-04
1.997313e-03
6.507543e-04
7.446149e-03
-3.027183e-03
5.677835e-03
1.537102e-03
9.074923e-03
-3.800936e-02
7.454169e-03
-1.367550e-02
6.165308e-03
-6.281600e-03
-2.407653e-03
-1.650461e-03
2.837116e-04
3.062795e-03
-6.518280e-03
-2.022044e-03
1.250241e-03
3.497373e-03
-3.006921e-02
-1.690586e-02
-1.605005e-02
-4.017435e-03
-1.118985e-02
-1.990015e-02
-1.818343e-02
-2.012145e-02
-1.857736e-02
-1.076415e-02
9.042613e-02
1.061860e-01
