2.383018e-02
1.161273e-02
1.109291e-02
1.856936e-02
8.084043e-03
1.465544e-02
2.117156e-02
1.266130e-02
1.566017e-02
1.780220e-02
-9.477770e-04
3.617582e-03
2.352343e-03
-3.214437e-04
-8.400587e-03
-4.743366e-03
-2.511823e-02
-6.602247e-04
3.022911e-03
3.800497e-03
1.311051e-03
-1.432302e-02
5.701294e-03
-3.096354e-04
-4.884757e-03
-1.303548e-02
-7.092377e-03
-1.968773e-03
-1.587680e-03
1.381700e-03
3.528243e-03
-4.730023e-02
-3.514110e-03
4.581068e-03
-4.520579e-03
7.805257e-03
8.611388e-03
-1.073884e-02
-2.776834e-03
2.150896e-03
-9.792798e-03
-3.923516e-02
-1.846939e-02
-3.359231e-02
-9.261192e-03
-1.405178e-02
-1.734585e-02
-1.151558e-02
-1.574747e-02
-1.200015e-02
9.755456e-02
8.352182e-02
