1.195630e-02
1.779643e-02
5.222691e-03
1.506932e-02
1.326007e-02
1.516372e-02
1.207246e-02
2.177012e-02
1.653291e-02
2.007393e-02
-6.216750e-03
1.237460e-02
6.594247e-03
5.351278e-04
2.025319e-03
-1.156748e-03
3.570397e-03
3.146434e-04
-1.263655e-02
8.971162e-04
-6.799674e-03
7.897271e-03
1.128696e-03
-7.667225e-03
3.206343e-04
-5.270821e-03
-7.382846e-03
-1.423727e-02
3.972960e-03
5.957134e-03
-4.562273e-03
-1.858088e-03
-6.342534e-03
4.507419e-03
-1.287988e-02
5.641713e-03
-9.473081e-03
-1.593737e-02
-1.250483e-02
-2.523007e-03
-2.604699e-02
-1.143313e-02
-4.549712e-02
-1.215662e-02
-2.742949e-02
-1.788704e-02
-9.733371e-03
-2.439977e-02
-7.986422e-03
-3.539870e-03
9.290160e-02
7.013072e-02
