2.259451e-02
8.786256e-03
4.823802e-02
1.511769e-04
1.516444e-02
1.584778e-02
7.069865e-03
1.582441e-02
8.635684e-03
1.747433e-02
-1.625096e-04
-1.090731e-02
5.159477e-03
1.215662e-02
6.600385e-05
5.638769e-03
-1.440926e-02
-1.827220e-02
3.112097e-04
1.461324e-03
-1.236598e-02
-2.776642e-03
8.085199e-04
-3.558260e-04
1.799844e-03
4.994508e-03
-1.348266e-02
-1.461295e-05
4.849516e-03
2.296882e-03
-7.594996e-04
4.932283e-03
-4.988911e-04
2.976147e-03
8.065142e-03
7.581892e-06
6.903743e-04
-1.237890e-02
-5.276352e-03
-4.093505e-03
-2.084398e-02
-2.575080e-02
-2.279331e-02
-3.794245e-02
-1.086532e-02
-8.130428e-03
-1.377178e-02
-1.564818e-02
-1.199632e-02
-2.057794e-02
4.611592e-02
7.717118e-02
