1.066059e-02
8.874348e-03
1.683777e-02
2.910183e-02
1.273712e-02
9.155160e-03
1.365359e-02
2.285153e-02
1.158194e-02
1.883314e-02
1.499908e-03
6.817301e-03
-6.791868e-03
-6.932759e-04
-9.248474e-03
1.289353e-03
3.526051e-03
-8.310892e-03
-3.055922e-03
-1.792232e-03
3.812019e-03
-8.901160e-03
-1.203891e-02
-5.516632e-04
4.130365e-03
7.685404e-04
1.779391e-04
-2.086419e-02
6.751319e-04
3.082747e-03
8.551034e-03
-1.323067e-02
4.630761e-03
-1.694267e-03
5.708581e-03
7.843863e-03
-2.634101e-03
-1.049523e-02
9.931006e-03
1.707886e-03
-4.366995e-03
-2.155194e-02
-1.002224e-02
-2.282306e-02
-1.973289e-02
-3.017064e-02
-2.820430e-02
-1.727347e-02
-1.326658e-02
-8.174126e-03
9.776851e-02
6.137550e-02
