8.393590e-03
3.087997e-02
2.280837e-02
4.187171e-02
1.141263e-02
1.717258e-02
-5.800268e-03
5.097395e-03
2.119409e-02
2.668524e-02
2.314728e-02
-4.950375e-03
5.215484e-02
-2.225898e-02
3.950174e-03
-4.918055e-03
9.016009e-03
9.267832e-03
-1.876802e-02
2.524920e-03
-1.284631e-02
3.548861e-03
1.361853e-02
3.803283e-03
-3.894726e-03
-5.017225e-04
7.076454e-03
6.370759e-03
-1.166217e-02
-4.371474e-03
9.198435e-03
-1.858594e-02
3.072748e-03
5.474095e-03
-3.039786e-02
2.971153e-03
1.329335e-02
5.212523e-03
-2.230132e-04
-4.157073e-03
-1.484338e-02
-3.361273e-02
-5.981202e-03
-7.126504e-03
-5.250936e-03
-1.831600e-02
-2.093729e-02
-2.119037e-02
-9.803910e-03
3.504048e-04
5.336523e-02
1.360827e-02
