1.662917e-02
9.384129e-03
1.879564e-02
1.713134e-02
4.735784e-03
2.010948e-02
1.513611e-02
8.038583e-03
2.558351e-02
2.880402e-02
6.932093e-03
-2.646148e-02
7.346521e-05
5.769390e-03
-1.434987e-04
-9.090649e-03
5.866102e-03
3.606279e-04
9.273741e-03
1.527871e-03
-7.442287e-03
5.697346e-03
-6.130433e-03
7.018054e-03
-7.707205e-03
5.553001e-04
-5.853885e-03
7.676437e-03
-5.977477e-03
3.607688e-03
4.831620e-03
-2.855004e-03
-5.323345e-03
-7.855099e-03
-1.509571e-03
-1.422014e-02
-7.790373e-04
-3.097188e-02
3.394469e-03
-1.370357e-02
-1.786368e-02
-1.726064e-02
-1.098244e-02
-2.342006e-02
-9.394258e-03
-7.946663e-03
-2.295950e-02
-2.421491e-02
-1.574432e-02
-2.831681e-03
9.256108e-02
6.869491e-02
