1.184350e-02
1.710720e-02
5.143098e-03
1.430621e-02
1.387181e-02
1.471947e-02
1.322722e-02
2.029569e-02
1.634606e-02
1.914870e-02
-5.437614e-03
1.208481e-02
6.594462e-03
8.321855e-04
1.615077e-03
-1.271670e-03
3.594767e-03
-6.118270e-04
-1.319791e-02
5.776962e-04
-7.614113e-03
7.236148e-03
8.753611e-04
-6.664121e-03
-1.280761e-04
-5.805539e-03
-7.916998e-03
-1.257098e-02
3.844100e-03
5.350636e-03
-4.825985e-03
-2.394082e-03
-5.586445e-03
5.248366e-03
-1.188135e-02
4.937835e-03
-1.033691e-02
-1.502375e-02
-1.365038e-02
-2.904484e-03
-2.704636e-02
-1.241209e-02
-4.451392e-02
-1.088702e-02
-2.709596e-02
-1.906965e-02
-9.906896e-03
-2.320690e-02
-1.029439e-02
-3.591124e-03
8.123227e-02
6.426354e-02
