2.397593e-02
1.900682e-02
8.572831e-03
2.304601e-02
1.866446e-02
2.498648e-02
2.077933e-02
1.381131e-02
2.184354e-02
-1.701395e-03
-2.909267e-03
-1.283175e-02
-2.258344e-02
4.912875e-04
-2.876246e-02
-4.455125e-03
2.085817e-03
1.981876e-03
-9.136070e-03
1.265264e-03
-4.447705e-03
-7.277752e-03
-3.039797e-03
-5.021789e-03
1.217012e-02
2.372344e-03
4.303947e-03
-2.672042e-04
-8.616642e-03
7.116599e-03
-1.067365e-02
2.794943e-03
4.746526e-05
-1.589004e-02
7.373663e-04
-9.883767e-03
1.204853e-02
2.729893e-03
4.220560e-03
4.374940e-03
-1.548815e-02
-7.213439e-03
-3.003982e-02
-6.235369e-03
-2.071468e-02
-4.437243e-03
-2.150613e-02
-1.045274e-02
-1.847432e-02
-2.861802e-03
5.667116e-02
7.506307e-02
