2.642462e-02
1.763258e-02
1.205945e-02
2.870696e-02
1.108610e-02
2.378043e-02
1.624394e-02
1.617248e-02
2.719630e-02
4.485576e-03
-4.131880e-03
-2.386819e-02
-3.290886e-02
1.936599e-02
-6.540006e-02
-6.415482e-03
-3.497375e-03
6.397488e-03
-1.546968e-02
-1.714392e-03
2.535186e-04
2.011744e-03
-1.677092e-03
-3.857154e-03
4.634030e-03
-1.462460e-02
2.597189e-03
2.431082e-03
-5.582545e-03
8.901658e-03
4.771906e-03
4.871110e-03
1.903635e-03
-1.590082e-02
-7.670130e-03
-9.829083e-03
1.321279e-02
-8.166949e-03
7.915294e-03
5.643619e-03
-1.090802e-02
-1.028173e-02
-1.328094e-02
-8.098773e-03
-1.920180e-02
-1.515253e-02
-3.450348e-02
-1.287635e-02
-1.319635e-02
-4.983050e-03
6.426185e-02
6.154045e-02
