1.270505e-02
1.968830e-02
4.014935e-03
1.699728e-02
1.607170e-02
1.483307e-02
1.066121e-02
2.346142e-02
2.027623e-02
1.731758e-02
-6.743389e-03
1.462775e-02
7.257134e-03
2.351931e-03
-2.699752e-03
-3.594129e-04
1.006220e-03
2.347613e-03
-1.493203e-02
2.722771e-03
-6.859851e-03
7.580847e-03
9.121578e-04
-1.018127e-03
3.892608e-03
-1.968921e-03
-5.480860e-03
-8.802044e-03
7.361648e-04
5.509391e-03
1.173838e-03
-4.758888e-03
-4.946886e-03
4.332211e-03
-1.356211e-02
4.550176e-03
-8.223617e-03
-3.233985e-02
-9.842226e-03
-4.696553e-03
-2.623028e-02
-9.512110e-03
-4.041571e-02
-1.201258e-02
-3.200112e-02
-1.747768e-02
-7.440402e-03
-2.889902e-02
-9.477655e-03
-5.997261e-03
8.691803e-02
6.704808e-02
