2.124742e-02
9.000060e-03
4.943090e-02
-6.400245e-04
1.588855e-02
1.581218e-02
6.574973e-03
1.512541e-02
9.463103e-03
1.753629e-02
3.434863e-04
-1.364839e-02
5.260324e-03
1.312387e-02
-1.347392e-03
7.440177e-03
-1.559354e-02
-2.435036e-02
2.964278e-04
2.150307e-03
-1.312835e-02
-2.025343e-04
1.165708e-03
2.308156e-04
1.738031e-03
7.256951e-03
-1.374977e-02
1.730066e-03
4.643005e-03
5.052199e-03
-3.323797e-04
5.222675e-03
-3.474538e-03
3.296755e-03
7.486868e-03
1.598461e-03
-4.228592e-04
-1.241160e-02
-4.547447e-03
-3.253154e-03
-2.052358e-02
-2.933713e-02
-2.494434e-02
-4.238913e-02
-1.190295e-02
-9.856199e-03
-1.400026e-02
-1.455461e-02
-1.042234e-02
-2.110382e-02
4.698735e-02
7.852099e-02
