1.984120e-02
9.892334e-03
2.286034e-02
1.333505e-02
4.494784e-03
1.649066e-02
1.650613e-02
9.814028e-03
2.821392e-02
2.711956e-02
5.050899e-03
-3.303738e-02
-1.094761e-03
4.473421e-03
-1.283972e-03
-1.326339e-02
2.941530e-03
2.974277e-03
3.770060e-03
3.032108e-03
-1.029953e-02
4.183998e-03
-7.755932e-03
9.392131e-03
-4.773269e-03
-2.778232e-03
-1.121812e-02
1.104537e-02
-6.289261e-03
2.996100e-03
9.756980e-04
-7.136491e-03
-8.015722e-03
-1.028271e-02
-7.026985e-03
-1.161271e-02
-1.564328e-03
-3.252244e-02
3.974685e-03
-1.555486e-02
-3.691081e-02
-7.404107e-03
-9.436212e-03
-2.649524e-02
-1.283598e-02
-5.943972e-03
-2.747750e-02
-1.813797e-02
-1.004198e-02
-4.774960e-03
1.134590e-01
6.890843e-02
