9.882914e-03
3.215834e-02
2.524786e-02
4.060906e-02
1.121070e-02
1.689324e-02
-2.655520e-03
7.066040e-03
1.100503e-02
2.076251e-02
1.413571e-02
-1.172865e-03
3.781534e-02
-1.868528e-02
4.354158e-03
-5.544122e-03
5.745923e-03
8.195154e-03
-1.119336e-02
-6.499481e-03
-6.478892e-03
6.989239e-03
2.320171e-03
1.452255e-03
-6.275652e-03
-6.665666e-03
6.086019e-03
-7.402325e-05
-1.236299e-02
-1.131135e-02
1.591701e-02
-1.553406e-02
2.236995e-03
6.626172e-03
-4.679201e-02
-1.370664e-03
1.452877e-02
-1.833872e-03
-1.690235e-04
-9.254078e-03
-1.866066e-02
-2.688968e-02
-6.444062e-03
-9.038391e-03
-9.282471e-03
-1.205052e-02
-1.595344e-02
-1.731288e-02
-1.007129e-02
-7.881076e-03
5.161093e-02
3.893690e-02
