1.104247e-02
7.884002e-03
1.696001e-02
2.289202e-02
1.425030e-02
8.223679e-03
1.509976e-02
2.623728e-02
1.277043e-02
1.977243e-02
2.558256e-04
6.098062e-03
-4.438895e-03
1.201216e-03
-8.904457e-03
-9.114805e-04
-2.024388e-04
-7.733714e-03
2.558188e-03
5.422850e-05
1.437561e-03
-8.990800e-03
-1.479901e-02
-8.840317e-05
3.847515e-03
-8.016223e-04
8.845375e-04
-2.005319e-02
-7.349262e-04
1.980667e-05
1.264708e-02
-1.707923e-02
4.966182e-03
-1.704258e-03
2.897609e-03
9.737956e-03
1.686169e-03
-9.523979e-03
1.105119e-02
3.549823e-03
-8.306040e-03
-2.303889e-02
-1.246789e-02
-3.087305e-02
-2.049277e-02
-1.954637e-02
-3.272274e-02
-1.743481e-02
-5.907215e-03
-7.586912e-03
8.252157e-02
5.835333e-02
