2.479187e-02
9.922555e-03
7.614361e-03
1.831287e-02
7.687017e-03
1.759577e-02
2.521488e-02
1.195835e-02
1.642911e-02
1.700138e-02
-9.877296e-04
-3.001183e-03
-3.843007e-03
7.727789e-04
-7.713481e-03
-7.203114e-03
-2.347012e-02
-1.464657e-03
3.218110e-03
9.175389e-04
2.468910e-03
-2.058199e-02
1.617482e-03
1.206267e-03
-4.611842e-03
-1.524742e-02
-6.627518e-03
-5.038509e-03
8.934265e-04
6.471334e-03
5.943392e-03
-2.760440e-02
-6.174814e-03
-5.391637e-03
-4.973468e-03
5.527313e-03
1.025148e-02
-1.079385e-02
-2.140269e-03
1.051148e-03
-9.088244e-03
-2.849549e-02
-1.874922e-02
-2.543870e-02
-1.193115e-02
-1.772213e-02
-1.414190e-02
-7.052241e-03
-1.998709e-02
-1.075743e-02
9.055863e-02
8.818549e-02
