1.227978e-02
1.563930e-02
9.283755e-03
8.164830e-03
1.660129e-02
2.047896e-02
1.767555e-02
2.473213e-02
1.831401e-02
2.047053e-02
-8.387374e-03
1.804022e-02
4.064393e-03
1.769772e-03
1.966489e-03
-3.407078e-03
9.384068e-04
-3.115192e-04
-1.463256e-02
-1.531897e-03
-3.680942e-03
1.015010e-02
2.684396e-03
-1.607746e-02
-3.642812e-03
-5.443219e-03
-1.922488e-02
-7.530754e-03
5.391565e-03
2.689861e-03
-4.777271e-03
-4.717033e-03
-6.783199e-03
1.085393e-02
-8.317351e-03
9.759755e-03
-1.671999e-02
-1.715883e-02
-2.955101e-02
6.457403e-04
-3.389674e-02
-1.145878e-02
-6.910180e-02
-1.360357e-02
-2.352099e-02
-3.144067e-02
-1.771345e-02
-4.446575e-02
-1.045734e-04
-5.575235e-03
7.171104e-02
5.302481e-02
