1.804061e-02
2.176379e-02
1.982836e-02
1.472178e-02
1.335138e-02
2.401749e-02
-1.194842e-02
1.778166e-02
1.692333e-02
9.450576e-03
6.211000e-03
-1.499758e-03
-4.921427e-03
1.867493e-03
-2.045677e-03
2.199718e-03
1.040414e-03
3.964971e-03
3.103294e-03
8.319149e-03
6.050723e-03
-1.186654e-02
-1.505303e-02
6.389960e-03
5.469310e-03
5.331055e-03
5.303980e-03
-2.158388e-03
-1.532051e-02
-3.159174e-04
-1.259490e-02
4.660739e-03
-1.685942e-02
2.206514e-04
-1.694919e-02
3.207218e-03
8.406099e-05
-5.731459e-03
-3.792088e-03
6.062317e-03
-3.642181e-02
-3.117830e-02
-1.786607e-02
-1.545015e-02
-2.640645e-02
-2.756920e-02
-1.579830e-02
-1.738128e-02
-2.156811e-02
-2.634247e-02
5.840826e-02
8.434270e-02
