2.424153e-02
1.242946e-02
8.760088e-03
1.497084e-02
8.498169e-03
1.746229e-02
2.461907e-02
9.541751e-03
1.525971e-02
1.564944e-02
-2.126120e-03
-7.403292e-03
-6.328355e-03
6.573446e-04
-6.223392e-03
-5.665379e-03
-2.391754e-02
-2.475568e-03
3.769254e-03
2.974328e-03
-3.277990e-04
-1.743335e-02
2.037933e-03
1.512523e-03
-5.834291e-03
-1.513304e-02
-6.176802e-03
-1.781603e-03
2.499497e-03
5.445786e-03
5.960743e-03
-2.243526e-02
-7.623097e-03
-4.733066e-03
-6.680343e-03
6.301991e-03
1.103747e-02
-1.336815e-02
-1.277914e-03
6.460197e-04
-1.079773e-02
-3.446721e-02
-1.636012e-02
-2.500539e-02
-1.074636e-02
-1.993833e-02
-1.514575e-02
-3.627954e-03
-1.515191e-02
-1.100719e-02
8.549245e-02
8.962172e-02
