1.810558e-02
2.575717e-02
2.095730e-02
1.679885e-02
1.484915e-02
2.404565e-02
-3.304363e-03
1.329040e-02
1.659054e-02
1.045796e-02
5.079673e-04
3.533072e-03
-2.513870e-03
5.802828e-03
-2.567284e-03
-3.341383e-04
7.085632e-03
4.902573e-03
2.551404e-03
7.970599e-03
7.032653e-03
-1.336289e-02
-1.599658e-02
4.804557e-03
7.333491e-03
7.114824e-03
3.947241e-03
-2.509980e-03
-1.389293e-02
-6.407346e-03
-9.833326e-03
3.893559e-04
-1.515260e-02
4.065625e-03
-1.573247e-02
5.794901e-03
9.374807e-04
-5.227365e-03
-3.299356e-03
8.554139e-03
-3.535466e-02
-3.605125e-02
-1.816156e-02
-1.766830e-02
-3.418844e-02
-2.784656e-02
-1.872729e-02
-3.635591e-02
-2.138589e-02
-1.580981e-02
8.002543e-02
1.022041e-01
