1.005730e-02
1.271162e-02
1.769104e-02
1.970540e-02
1.788878e-02
2.511306e-02
1.821902e-02
2.001022e-02
9.180208e-03
1.886518e-02
-4.069252e-03
1.015796e-02
-8.462090e-03
9.907726e-03
-4.991428e-03
-7.789094e-03
-1.118071e-02
3.218158e-03
-5.591284e-03
9.965805e-04
-7.562639e-03
-2.197793e-03
-9.408955e-04
-2.593135e-03
9.604025e-03
-3.426084e-03
-4.473306e-02
-4.492655e-03
6.268347e-03
-6.312486e-03
7.584237e-03
-7.936158e-03
1.467711e-03
4.603110e-04
1.244320e-03
2.188745e-03
-1.972900e-03
-3.391985e-03
8.405668e-03
6.457927e-03
-1.190065e-02
-2.209635e-02
-1.704188e-02
-1.411649e-02
-9.200270e-03
-2.830704e-03
-2.637282e-02
-1.062052e-02
-5.570604e-03
-1.477309e-02
8.738690e-02
6.789496e-02
