2.313996e-02
1.924667e-02
9.538665e-03
3.028612e-02
1.811011e-02
2.333498e-02
1.941145e-02
1.377159e-02
2.113764e-02
2.715038e-03
-2.277703e-03
-1.381352e-02
-1.369389e-02
-5.182530e-03
-3.844626e-02
-2.974396e-03
4.264447e-03
2.616798e-03
-7.062037e-03
3.628076e-04
-5.503019e-03
-5.155723e-03
-3.174210e-03
-3.944063e-03
1.082995e-02
7.465843e-04
3.309091e-03
8.155961e-04
-6.728192e-03
4.607954e-03
-7.666250e-03
3.444960e-03
9.429208e-04
-1.831516e-02
3.211148e-03
-1.462420e-02
1.174983e-02
1.638008e-03
4.018028e-03
5.526584e-03
-9.482206e-03
-9.558305e-03
-2.215378e-02
-6.708177e-03
-2.016527e-02
-3.686694e-03
-2.506327e-02
-1.014656e-02
-1.945664e-02
-3.559023e-03
7.357984e-02
7.453163e-02
