1.364525e-02
1.154883e-02
8.692818e-03
1.013223e-02
1.326168e-02
9.167011e-03
1.407853e-02
2.039932e-02
1.758131e-02
2.044380e-02
-7.103291e-04
1.476290e-02
6.572974e-03
-1.037765e-03
2.365380e-03
-6.746275e-03
1.861676e-03
5.616635e-05
-1.106992e-02
-3.689179e-03
-5.320088e-03
1.046127e-02
-2.229444e-03
-1.384814e-02
1.624563e-03
-5.834282e-03
-1.779505e-02
-1.703212e-02
4.764272e-03
4.358783e-03
-6.054425e-03
-5.383972e-03
-6.732170e-03
3.261927e-03
-6.421497e-03
5.826094e-03
-1.021989e-02
-1.748518e-02
-2.445610e-02
-4.630518e-03
-2.302964e-02
-1.083049e-03
-1.309666e-01
-1.283225e-02
-2.924687e-02
-2.464618e-02
-1.068653e-02
-3.791845e-02
-3.370393e-03
-3.537223e-03
4.792902e-02
4.375734e-02
