1.694507e-02
1.449287e-02
5.210021e-03
6.234775e-03
1.799381e-02
1.559994e-02
1.125587e-02
2.833571e-02
1.497415e-02
1.803203e-02
-8.220371e-03
2.609142e-02
1.411039e-03
4.413775e-03
-2.741044e-03
-1.132509e-03
3.501413e-03
1.566158e-03
-9.524401e-03
4.095282e-03
-2.170120e-02
8.656716e-03
-1.704684e-03
-9.298333e-02
-2.848562e-03
-4.816517e-03
-1.237634e-02
-5.881052e-03
-7.931289e-04
3.976455e-03
-8.379564e-03
5.088577e-04
-6.155261e-03
9.129748e-03
-1.930399e-02
1.447283e-02
-1.765087e-02
-1.675600e-02
-1.670662e-02
-5.966730e-03
-3.893704e-02
-1.111838e-02
-2.000000e-01
-1.706402e-02
-2.148409e-02
-2.325249e-02
-1.091451e-02
-5.284119e-02
-2.702793e-03
1.798863e-03
5.326777e-02
4.391936e-02
