2.158939e-02
8.281305e-03
5.405416e-02
-6.632521e-04
1.599474e-02
1.960139e-02
8.965825e-03
1.671835e-02
8.371038e-03
1.759850e-02
-1.964383e-03
-1.262590e-02
5.900004e-03
1.316292e-02
5.753998e-04
5.443421e-03
-1.948890e-02
-1.311967e-02
7.258404e-05
8.401346e-04
-1.475150e-02
-2.907575e-03
1.310776e-03
-2.498387e-03
2.643279e-03
4.422824e-03
-1.503779e-02
7.466263e-04
3.465203e-03
4.964134e-03
-8.664986e-04
4.995710e-03
-9.495744e-04
2.351270e-03
8.462583e-03
-5.594395e-04
1.770115e-03
-1.406890e-02
-4.039949e-03
-5.613926e-03
-1.942285e-02
-2.455022e-02
-2.610411e-02
-3.566587e-02
-8.377691e-03
-8.800795e-03
-1.301448e-02
-1.513916e-02
-1.044389e-02
-1.995603e-02
4.341239e-02
8.205457e-02
