2.201982e-02
1.393251e-02
9.801552e-03
3.593401e-02
1.778651e-02
2.370269e-02
1.685495e-02
1.579451e-02
2.505525e-02
-1.437687e-03
-3.249260e-03
-1.553792e-02
-1.478382e-02
-7.644712e-03
-2.970331e-02
-4.166899e-03
-8.561661e-03
4.021866e-03
-1.197978e-02
1.277543e-03
1.880056e-04
-4.135882e-03
-1.004486e-03
-3.495593e-03
8.728042e-03
-3.281429e-03
3.611634e-03
4.778895e-03
-7.998535e-03
8.841958e-03
-1.232793e-03
6.161136e-03
1.448278e-03
-1.369147e-02
4.203335e-03
-1.446893e-02
1.352400e-02
1.812202e-03
7.024805e-03
4.639573e-03
-8.981808e-03
-7.241179e-03
-1.069792e-02
-7.257248e-03
-1.312811e-02
-6.079366e-03
-2.092543e-02
-9.237554e-03
-2.250816e-02
1.570874e-03
5.665924e-02
7.262706e-02
