2.233976e-02
1.899081e-02
1.013072e-02
1.780846e-02
1.246512e-02
1.748445e-02
2.050508e-02
3.181353e-02
1.938299e-02
1.304687e-02
-1.093617e-02
-1.235806e-02
-1.496684e-02
-6.622157e-03
6.331505e-03
-5.587616e-03
-7.917457e-03
-1.326863e-02
1.131386e-02
-1.312056e-02
-9.690413e-03
1.324492e-02
2.179007e-03
7.844386e-04
6.814826e-03
4.435399e-03
5.370172e-03
7.493007e-03
-7.557771e-03
-8.745630e-03
-7.075730e-03
-2.737224e-02
-7.411508e-03
-1.818424e-02
3.684892e-03
-1.644707e-02
-1.513209e-03
-1.730899e-02
-2.601807e-03
-1.962448e-02
-3.449852e-03
-1.614259e-02
-1.805215e-02
-2.151103e-02
-9.458470e-03
-2.889930e-03
-2.139797e-02
-1.111483e-02
-1.920818e-02
-3.138366e-02
6.057835e-02
7.588193e-02
