9.546320e-03
1.418681e-02
1.913916e-02
2.301250e-02
1.876033e-02
2.589126e-02
1.803465e-02
1.851436e-02
8.623925e-03
1.918347e-02
-7.055337e-03
1.087765e-02
-7.539353e-03
8.948503e-03
-1.986343e-03
-8.207179e-03
-1.131596e-02
5.565584e-03
-4.372397e-03
1.073441e-03
-8.929336e-03
-2.700807e-03
-2.117703e-04
-4.299122e-03
9.059621e-03
-4.467725e-03
-5.342786e-02
-4.806513e-03
3.453358e-03
-5.317842e-03
7.588296e-03
-8.088828e-03
2.080501e-03
2.923858e-03
2.246229e-03
2.037249e-03
-1.777658e-03
-2.198476e-03
7.783259e-03
5.765390e-03
-1.226005e-02
-2.089868e-02
-1.522812e-02
-1.469048e-02
-7.907836e-03
-8.488384e-03
-2.332004e-02
-8.854966e-03
-5.085102e-03
-1.198008e-02
8.493415e-02
7.065381e-02
