8.541784e-03
1.558227e-02
1.966814e-02
2.356252e-02
1.934967e-02
2.698390e-02
1.842810e-02
1.913188e-02
9.645869e-03
1.912749e-02
-7.999074e-03
1.186723e-02
-8.005739e-03
7.866708e-03
-3.544404e-03
-9.675603e-03
-1.128431e-02
6.065823e-03
-3.716002e-03
-1.271135e-03
-8.578995e-03
-2.895926e-03
1.045989e-04
-5.689076e-03
9.975493e-03
-2.922274e-03
-4.800176e-02
-6.117687e-03
7.468131e-04
-6.984866e-03
7.309283e-03
-7.821952e-03
4.270950e-03
1.061793e-03
4.177418e-03
1.734424e-03
-6.580426e-04
-3.432778e-03
1.019309e-02
5.461782e-03
-1.509727e-02
-2.085513e-02
-1.558533e-02
-1.470122e-02
-5.915544e-03
-1.093063e-02
-2.494837e-02
-6.938364e-03
-4.034442e-03
-1.293921e-02
8.751261e-02
7.128176e-02
