1.836494e-02
2.134855e-02
5.201432e-03
1.999201e-02
1.271505e-02
1.870118e-02
1.613669e-02
3.141234e-02
2.221157e-02
1.432238e-02
-9.427014e-03
-3.829845e-03
-8.377949e-03
-3.898965e-03
4.925101e-03
-5.280196e-03
-1.146849e-02
-1.188024e-02
9.783771e-03
-2.351208e-02
-7.895860e-03
1.111816e-02
3.695452e-03
1.920110e-03
5.746046e-03
7.832767e-03
1.028218e-02
2.961110e-03
-8.656765e-03
-5.755792e-03
-4.029614e-03
-1.864798e-02
-7.043063e-03
-8.400044e-03
-1.143954e-03
-2.612924e-03
1.446965e-05
-7.999500e-03
9.062174e-04
-1.564675e-02
-1.504477e-02
-8.889114e-03
-1.502232e-02
-4.979020e-03
-2.129118e-02
-6.055501e-03
-1.015049e-02
-1.013133e-02
-3.931577e-03
-1.754818e-02
8.358977e-02
8.642617e-02
