2.496364e-02
1.238399e-02
1.066410e-02
1.609735e-02
8.005438e-03
2.376299e-02
2.446119e-02
1.225823e-02
1.918537e-02
1.889759e-02
-2.456056e-03
-6.542735e-03
-5.982177e-04
1.061864e-03
-1.913319e-03
-5.736710e-03
-2.282883e-02
-8.401116e-04
2.454341e-03
-6.618469e-04
-1.134185e-03
-2.338874e-02
5.688699e-04
4.450557e-03
-5.108297e-03
-1.569462e-02
-7.617882e-03
-3.395288e-03
1.316764e-03
5.868265e-03
8.588432e-03
-4.401894e-02
-5.985065e-03
-6.913590e-03
-4.515758e-03
6.353686e-03
1.139294e-02
-6.426167e-03
-5.198835e-03
2.195705e-03
-7.348511e-03
-3.287625e-02
-1.498307e-02
-2.897216e-02
-6.592321e-03
-1.615694e-02
-9.741422e-03
-8.309419e-03
-1.520113e-02
-7.495773e-03
8.390186e-02
8.699226e-02
