2.168022e-02
9.154572e-03
8.558934e-03
1.235102e-02
7.396623e-03
2.064857e-02
1.279822e-02
2.094309e-02
1.990599e-02
1.070089e-02
-1.115352e-02
-1.303543e-02
-1.221685e-02
4.741942e-03
6.736445e-03
-2.566194e-03
-9.097991e-03
-4.785560e-04
8.960853e-03
-1.187331e-02
-5.962592e-03
9.419986e-03
4.954111e-03
-1.990622e-03
9.977536e-03
1.058391e-02
4.960662e-03
9.114911e-03
-1.916173e-02
-1.200117e-02
5.867257e-04
-2.046647e-03
-4.022691e-02
-1.863846e-02
8.097162e-04
-7.684397e-03
-4.952772e-03
-4.937303e-03
4.846569e-04
-1.707296e-02
-2.703949e-02
-7.518217e-03
-7.369220e-02
-7.075973e-03
-9.599696e-03
-1.126199e-03
-1.383516e-02
-1.326998e-04
1.433992e-03
-3.426434e-02
4.608759e-02
6.982846e-02
