1.422683e-02
1.292174e-02
1.973580e-02
1.639529e-02
5.826761e-03
1.848974e-02
1.554878e-02
1.002322e-02
2.611819e-02
2.570813e-02
5.375817e-03
-2.598634e-02
-1.369978e-03
-2.685943e-03
1.314660e-03
-9.597227e-03
3.847087e-03
-4.672790e-04
6.637517e-03
1.420500e-03
-7.664463e-03
5.560909e-03
-5.886194e-03
6.780828e-03
-6.979888e-03
-3.174241e-04
-3.319704e-03
6.318113e-03
-5.003045e-03
4.162150e-03
2.570702e-03
-4.749154e-03
-4.805146e-03
-8.588045e-03
-4.075145e-03
-1.238164e-02
1.374940e-03
-3.174141e-02
-5.926445e-04
-1.497667e-02
-2.135210e-02
-1.456411e-02
-1.119072e-02
-1.986488e-02
-8.903977e-03
-2.302085e-03
-2.779764e-02
-2.098427e-02
-1.124992e-02
-4.377439e-03
1.005910e-01
8.173880e-02
