1.838192e-02
2.484006e-02
1.991366e-02
1.741953e-02
1.450948e-02
2.424762e-02
-6.483156e-03
1.467955e-02
1.692959e-02
9.058328e-03
1.703379e-03
3.589010e-03
-4.396173e-03
1.063061e-03
-4.955815e-03
1.363015e-03
6.102365e-03
4.487010e-03
3.388712e-03
8.999976e-03
7.432244e-03
-1.230494e-02
-1.285660e-02
3.022667e-03
6.384969e-03
4.245359e-03
4.750396e-03
-2.983817e-03
-1.283288e-02
-3.996556e-03
-1.076203e-02
2.678254e-04
-1.438437e-02
2.197817e-03
-1.723738e-02
8.418267e-03
8.681443e-04
-4.654191e-03
-3.817885e-03
8.024353e-03
-3.444431e-02
-2.875169e-02
-1.697177e-02
-1.659370e-02
-2.841554e-02
-2.685257e-02
-2.033543e-02
-4.130958e-02
-2.641505e-02
-1.336876e-02
8.047312e-02
9.335016e-02
