2.092960e-02
3.303411e-02
6.666491e-03
1.869253e-02
1.553950e-02
2.161995e-02
1.966143e-02
3.178108e-02
1.859330e-02
1.256019e-02
-1.646366e-02
-1.850755e-04
-1.161132e-02
-1.074837e-02
7.040034e-03
-4.278000e-03
-1.415767e-02
-1.520650e-02
9.757808e-03
-2.093505e-02
-1.624419e-02
1.131481e-02
2.278953e-03
5.548863e-03
4.853947e-03
-1.205202e-03
4.064421e-03
5.837087e-04
-7.426808e-03
-7.381997e-03
-3.216377e-03
-2.005436e-02
2.802345e-03
-1.050398e-02
2.013190e-03
-3.898711e-03
1.213898e-03
-1.083038e-02
-8.036863e-04
-5.952972e-03
-1.802178e-02
-1.027767e-02
-2.435179e-02
-1.307022e-02
-2.245769e-02
-1.029239e-02
-1.222265e-02
-1.147961e-02
-5.998131e-03
-1.557022e-02
8.213359e-02
8.433969e-02
