1.537680e-02
1.416557e-02
1.099717e-02
2.368786e-02
1.279758e-02
2.854395e-02
1.235528e-02
1.705819e-02
1.762632e-02
1.079458e-02
-2.852609e-02
2.745586e-03
1.804475e-03
-7.507412e-03
-4.681968e-03
4.474895e-04
-3.085881e-03
-1.337542e-02
-9.352403e-03
1.079186e-03
2.065292e-03
1.494420e-03
1.072676e-02
-2.326118e-03
2.998746e-03
1.933358e-03
1.131322e-02
-4.487715e-02
8.666585e-03
-2.102117e-02
6.161068e-03
-5.288060e-03
-1.184682e-03
1.041269e-03
-9.377696e-04
4.597995e-03
-5.124421e-03
-2.049940e-03
1.965389e-04
1.358704e-03
-3.674147e-02
-1.999967e-02
-1.399317e-02
-4.174651e-03
-2.331769e-02
-1.730415e-02
-1.682535e-02
-2.257221e-02
-1.840806e-02
-1.419087e-02
8.686640e-02
1.000385e-01
