1.949531e-02
2.628230e-02
2.013498e-02
1.576179e-02
1.559961e-02
2.775844e-02
-1.314682e-03
1.523126e-02
1.859930e-02
7.711198e-03
2.392999e-03
1.898837e-03
-3.481716e-03
-3.223337e-03
-4.132385e-03
-8.071964e-04
9.467867e-03
4.933376e-03
5.813615e-03
9.561042e-03
9.443845e-03
-9.832450e-03
-2.369146e-02
5.506416e-03
7.912448e-03
6.229531e-03
3.358867e-03
-2.809458e-03
-1.471380e-02
-1.025108e-02
-7.564926e-03
6.961794e-04
-2.416164e-02
2.759900e-03
-1.252911e-02
9.038435e-03
-4.644249e-03
-7.171761e-03
-5.857845e-03
6.630213e-03
-4.550809e-02
-3.884966e-02
-3.117909e-02
-2.217687e-02
-3.414180e-02
-3.144452e-02
-2.483804e-02
-5.374591e-02
-3.596422e-02
-2.190614e-02
7.078824e-02
9.079632e-02
