1.191082e-02
7.488738e-03
1.642096e-02
3.013353e-02
1.436208e-02
1.229684e-02
1.452154e-02
2.587205e-02
1.059796e-02
1.991706e-02
1.768028e-03
1.836679e-03
-7.087634e-03
1.177601e-03
-8.659549e-03
8.171707e-05
1.703791e-03
-7.045674e-03
8.894406e-07
7.050996e-04
1.820059e-03
-6.211120e-03
-1.707421e-02
-1.256064e-03
5.654190e-03
1.989847e-03
1.187046e-03
-1.643233e-02
-3.475833e-04
1.505130e-03
1.388453e-02
-8.612933e-03
5.574238e-03
8.499822e-04
6.752368e-03
8.158455e-03
-8.014092e-03
-7.433271e-03
1.394881e-02
1.729171e-03
-6.528064e-03
-2.564184e-02
-9.761616e-03
-2.476120e-02
-1.879601e-02
-2.074496e-02
-2.887711e-02
-1.824139e-02
-1.034127e-02
-1.009275e-02
7.929257e-02
5.902658e-02
