1.727629e-02
1.499327e-02
1.209545e-02
1.217969e-02
9.972831e-03
1.666881e-02
1.177717e-02
9.381049e-03
1.583554e-02
2.880683e-02
8.491782e-03
-3.959395e-02
-8.914074e-03
-1.693313e-02
-4.337881e-03
-1.028939e-02
3.120880e-03
-2.700124e-04
6.050906e-03
-3.798424e-03
-1.166564e-02
2.426299e-03
-4.544506e-03
8.501096e-03
-9.297282e-03
-1.002700e-02
-1.832439e-02
3.456623e-03
-1.111102e-02
2.960263e-03
-5.929900e-04
-2.769520e-03
9.252739e-04
-2.300381e-02
-3.351600e-03
-9.660611e-03
-3.150279e-03
-2.280768e-02
4.315614e-03
-2.361429e-02
-2.557838e-02
-7.623275e-03
-8.331911e-03
-4.658598e-02
-2.341624e-02
-1.011561e-02
-4.239558e-02
-2.884303e-02
-1.051030e-02
-2.166922e-03
8.849994e-02
8.816925e-02
