2.458314e-02
9.838259e-03
9.197484e-03
1.798167e-02
7.571065e-03
2.205284e-02
2.420589e-02
1.090594e-02
1.790488e-02
1.551013e-02
-2.070138e-03
-5.656168e-03
-2.802572e-03
3.399039e-03
-7.888106e-03
-6.899026e-03
-2.024229e-02
4.917193e-04
3.506639e-03
-6.070836e-04
-3.886679e-04
-2.040587e-02
-4.534398e-04
8.252024e-04
-4.063226e-03
-1.471015e-02
-6.161235e-03
-4.734121e-03
1.171435e-03
7.025472e-03
7.391170e-03
-3.457588e-02
-5.326569e-03
-5.915661e-03
-7.463558e-03
5.946228e-03
1.159057e-02
-8.225685e-03
-3.943266e-03
1.672159e-03
-1.046482e-02
-2.704304e-02
-1.888807e-02
-2.423931e-02
-1.011538e-02
-1.674506e-02
-9.632352e-03
-8.204927e-03
-1.485188e-02
-1.022990e-02
8.964508e-02
8.529681e-02
