3.314130e-02
8.908128e-03
5.170740e-02
-1.406269e-03
1.490571e-02
1.216218e-02
1.321936e-02
2.003549e-02
7.042162e-03
3.239010e-02
7.916162e-03
-5.254360e-03
-9.212572e-03
1.180530e-02
2.479661e-03
3.597561e-03
-3.644768e-02
-1.531814e-02
5.322987e-04
-7.182575e-03
4.184764e-03
-3.278095e-03
4.105165e-03
-1.035156e-02
7.040744e-03
-7.468613e-03
-9.137468e-03
-7.031324e-03
-3.199755e-03
-2.990626e-03
6.395195e-04
1.076533e-03
-4.374837e-04
3.873959e-03
6.498409e-03
1.313451e-03
8.389853e-03
-1.856218e-02
-1.042606e-02
-4.046057e-03
-3.355093e-02
-2.000000e-01
-6.217826e-02
-2.000000e-01
-2.844066e-02
-1.026823e-02
-5.380690e-03
-1.382863e-02
-7.686065e-03
-2.791314e-02
5.816480e-02
9.222274e-02
