4.299711e-03
1.354318e-02
1.166008e-02
1.676270e-02
6.263434e-03
1.870791e-02
1.507419e-02
2.403860e-03
2.730425e-02
2.232864e-02
8.253940e-03
-3.344050e-02
-7.220698e-03
-1.192990e-02
1.520942e-03
-3.994804e-03
2.723126e-03
9.163793e-04
6.939019e-03
9.160224e-04
-8.012923e-03
4.067480e-03
-3.706739e-03
3.107212e-03
-1.175488e-02
-3.835365e-03
-8.642596e-03
6.975877e-03
-7.323001e-03
2.990350e-03
-3.726417e-03
-7.429486e-03
-6.422282e-03
-8.033738e-03
-6.786399e-03
-1.329183e-02
3.782197e-03
-3.213529e-02
-3.081426e-03
-2.102248e-02
-1.438036e-02
-1.889275e-02
-8.212429e-03
-1.781192e-02
-1.185655e-03
-3.314239e-03
-3.776703e-02
-2.008628e-02
-1.312845e-02
-4.897161e-03
4.573349e-02
8.179624e-02
