1.171631e-02
6.547341e-03
1.916689e-02
1.700060e-02
1.539415e-02
4.588130e-03
1.467499e-02
2.753813e-02
9.162699e-03
2.191841e-02
9.469813e-04
9.638219e-03
-5.184688e-03
3.014012e-03
-1.320637e-02
-1.862716e-03
-2.296679e-04
-1.206256e-02
6.908165e-03
2.233442e-03
1.692177e-03
-7.403174e-03
-2.338064e-02
1.877591e-03
3.977508e-03
1.324933e-03
-4.115052e-03
-1.947071e-02
-5.430700e-04
1.130238e-03
1.488154e-02
-1.902483e-02
6.500845e-03
-1.072500e-03
2.869255e-03
1.323091e-02
-1.645051e-03
-1.524687e-02
1.374713e-02
2.891770e-03
-7.321971e-03
-2.349518e-02
-1.339533e-02
-5.478251e-02
-2.572602e-02
-2.201836e-02
-1.544161e-02
-1.841259e-02
-7.123391e-03
-8.961189e-03
4.899348e-02
3.963792e-02
