1.239984e-02
1.852805e-02
4.737234e-03
1.725583e-02
1.530272e-02
1.644083e-02
1.161179e-02
2.252393e-02
1.861281e-02
2.101616e-02
-5.683033e-03
1.157109e-02
7.996276e-03
4.767094e-04
3.739853e-04
-1.160520e-03
4.293090e-03
1.255424e-03
-1.312655e-02
1.243203e-03
-9.120372e-03
7.794975e-03
8.283262e-04
-6.304144e-03
2.009653e-03
-3.672246e-03
-8.409424e-03
-1.686147e-02
2.834158e-03
6.983981e-03
-3.294985e-03
-3.135005e-03
-5.228734e-03
2.549980e-03
-1.079586e-02
4.754199e-03
-7.252678e-03
-2.166248e-02
-1.083695e-02
-2.781637e-03
-2.381550e-02
-8.139943e-03
-4.553718e-02
-1.324223e-02
-3.265778e-02
-1.874236e-02
-6.702457e-03
-3.176651e-02
-1.027827e-02
-1.640739e-03
9.676899e-02
7.574990e-02
