1.080736e-02
7.959351e-03
1.580506e-02
2.753453e-02
1.380080e-02
9.389362e-03
1.438103e-02
2.483926e-02
1.126082e-02
1.861567e-02
1.006835e-03
4.563190e-03
-5.751750e-03
2.403506e-03
-8.661319e-03
-2.182212e-04
8.880551e-04
-7.410906e-03
3.665655e-04
1.006372e-04
2.179044e-03
-8.431111e-03
-1.428734e-02
-6.610927e-04
5.315184e-03
8.589866e-04
1.042059e-03
-1.805404e-02
-2.377018e-04
8.921628e-04
1.019441e-02
-1.350033e-02
4.846442e-03
-7.630341e-04
6.977417e-03
8.691943e-03
-3.929432e-03
-8.953243e-03
1.169087e-02
2.044781e-03
-6.628364e-03
-2.408245e-02
-1.255492e-02
-2.108059e-02
-1.997929e-02
-2.170919e-02
-3.077506e-02
-1.539869e-02
-1.139189e-02
-9.433040e-03
8.341304e-02
6.401488e-02
