2.714353e-02
2.280288e-02
1.019915e-02
3.007731e-04
1.684664e-02
2.142458e-02
3.620205e-02
6.991457e-03
3.375465e-02
1.204887e-03
-1.114673e-02
-2.953377e-02
-2.385576e-02
-4.850515e-03
-1.108799e-02
-4.036645e-03
-2.470513e-02
3.037972e-03
-9.329480e-03
-1.507070e-02
1.237627e-02
-2.355478e-03
6.135573e-04
-3.180952e-03
8.197500e-03
7.464532e-03
6.248659e-03
-1.569482e-02
-3.885210e-03
3.219020e-03
9.283329e-03
6.505610e-03
1.786512e-04
-1.641517e-02
4.299594e-03
-6.071510e-03
1.504484e-02
-4.683527e-03
5.573423e-03
5.003822e-03
-2.550365e-02
-1.746768e-02
-3.440502e-03
-2.900763e-03
-1.786262e-02
-1.477584e-02
1.081173e-03
-2.232455e-02
-1.394094e-02
5.878626e-04
6.426953e-02
1.185095e-01
