1.752125e-02
2.374666e-02
2.044989e-02
1.855867e-02
1.307083e-02
2.346880e-02
-6.600836e-03
1.548744e-02
1.735557e-02
9.332805e-03
2.140804e-03
6.610361e-04
-6.042330e-03
-1.100332e-03
-6.272688e-03
1.368185e-03
6.117246e-03
5.035764e-03
2.531360e-03
7.244185e-03
6.990633e-03
-1.261157e-02
-1.279112e-02
4.162678e-03
5.359227e-03
3.941316e-03
4.196818e-03
-2.647572e-03
-1.624623e-02
-3.955111e-03
-1.338875e-02
-2.393824e-03
-1.455081e-02
1.685658e-03
-1.588011e-02
6.557138e-03
1.421864e-03
-5.419970e-03
-2.456800e-03
8.777775e-03
-3.370780e-02
-3.365337e-02
-1.860433e-02
-1.928369e-02
-3.092384e-02
-2.807743e-02
-2.100553e-02
-3.875262e-02
-2.835785e-02
-1.258374e-02
7.255494e-02
9.276267e-02
