8.156438e-03
1.573536e-02
2.004092e-02
2.605527e-02
1.508349e-02
2.754769e-02
1.943429e-02
2.121330e-02
8.523199e-03
1.670103e-02
-8.058958e-03
9.950983e-03
-6.975518e-03
9.929433e-03
-7.947444e-03
-1.881831e-03
-1.418891e-02
7.937388e-03
-4.631995e-03
2.914978e-03
-6.631326e-03
-4.707084e-03
1.008299e-03
-2.412913e-03
9.348427e-03
-3.080860e-03
-4.429388e-02
-8.100209e-03
6.760791e-03
-9.840910e-03
6.934505e-03
-1.469550e-02
5.488455e-03
3.860726e-03
9.323796e-04
1.324799e-03
-2.239590e-03
-4.659917e-03
1.191086e-02
4.342631e-03
-1.605327e-02
-1.054467e-02
-2.839582e-02
-1.427473e-02
-1.073359e-02
-1.067837e-02
-2.700983e-02
-6.893113e-03
-5.665208e-03
-1.008599e-02
9.668120e-02
7.139791e-02
