2.229018e-02
1.321745e-02
8.658326e-03
1.141756e-02
1.673940e-02
1.948529e-02
1.449364e-02
1.127493e-02
2.066468e-02
-2.673442e-03
-5.487779e-03
-1.511560e-02
-2.177869e-02
1.898035e-03
-2.087701e-02
-7.244122e-03
-2.988397e-03
2.942460e-03
-1.091445e-02
9.543310e-05
-1.848715e-03
-2.682449e-03
-4.144888e-03
-6.266221e-03
7.995805e-03
-8.064240e-03
1.048291e-03
2.814767e-03
-1.065840e-02
6.155120e-03
-2.342087e-03
4.537439e-03
4.484436e-04
-1.718484e-02
-2.432252e-04
-2.019925e-02
1.244958e-02
-7.084648e-04
8.161720e-03
2.976524e-03
-1.102736e-02
-9.647581e-03
-1.415568e-02
-7.626992e-03
-1.419174e-02
-4.243740e-03
-2.198937e-02
-8.240947e-03
-2.081654e-02
8.324327e-04
2.462412e-02
4.458429e-02
