1.110959e-02
3.403533e-02
3.298945e-02
4.538832e-02
1.020529e-02
2.206929e-02
-5.703683e-03
8.738582e-03
9.250680e-03
2.015016e-02
1.747928e-02
-3.282258e-03
4.698908e-02
-2.422035e-02
8.164175e-03
-5.473495e-03
5.653922e-03
8.306395e-03
-1.036722e-02
-8.565028e-03
-1.043954e-02
6.258706e-03
3.332489e-03
7.925889e-05
-2.895982e-03
-4.227684e-03
8.322724e-03
-2.726360e-04
-9.880872e-03
-1.063019e-02
1.582725e-02
-1.973055e-02
-1.375744e-03
6.049757e-03
-4.120291e-02
-3.643899e-05
1.429992e-02
1.952937e-04
-7.728277e-04
-1.399516e-02
-2.199075e-02
-3.183070e-02
-9.208654e-03
-7.195556e-03
-7.373261e-03
-1.418573e-02
-1.377043e-02
-2.057726e-02
-4.778886e-03
-8.917190e-03
4.855541e-02
2.920118e-02
