2.073987e-02
2.281052e-02
1.049121e-02
2.065084e-02
1.411445e-02
2.119181e-02
1.712670e-02
2.910876e-02
2.026023e-02
1.366672e-02
-5.860265e-03
-4.352357e-03
-9.402383e-03
-1.426094e-03
1.224709e-02
-5.935621e-03
-1.066486e-02
-1.057922e-02
8.951285e-03
-1.402011e-02
-1.474422e-02
1.174990e-02
3.166188e-03
2.187399e-03
6.233280e-03
4.702061e-03
8.551024e-03
8.418063e-03
-8.775537e-03
-4.862560e-03
-2.786404e-03
-2.045436e-02
-4.697968e-03
-9.972545e-03
2.498389e-04
-8.666942e-03
1.585025e-03
-1.101884e-02
-1.188642e-03
-1.184182e-02
-1.481565e-02
-1.226937e-02
-2.639518e-02
-1.260745e-02
-1.945745e-02
-4.775246e-03
-1.698823e-02
-1.028662e-02
-7.578141e-03
-1.611452e-02
8.152286e-02
8.576939e-02
