2.479937e-02
9.782794e-03
8.702148e-03
1.776700e-02
7.137652e-03
1.997988e-02
2.527348e-02
1.184876e-02
1.926275e-02
1.790371e-02
-2.221683e-03
-5.679808e-03
-4.997339e-03
1.154974e-03
-6.203529e-03
-7.116754e-03
-2.170298e-02
-1.796353e-03
3.253253e-03
2.837855e-04
-3.006692e-03
-2.341764e-02
7.818464e-04
2.063859e-03
-4.916472e-03
-1.496024e-02
-7.466392e-03
-4.241412e-03
1.169927e-03
4.830112e-03
7.782469e-03
-3.573312e-02
-4.583607e-03
-4.560566e-03
-3.546356e-03
5.860748e-03
1.147794e-02
-1.132613e-02
-4.471033e-03
1.456038e-03
-7.571382e-03
-2.610653e-02
-1.774829e-02
-2.598939e-02
-1.064445e-02
-1.793442e-02
-1.241055e-02
-5.459338e-03
-2.218130e-02
-1.083155e-02
9.015301e-02
8.766471e-02
