1.890959e-02
7.636246e-03
3.418719e-02
1.969575e-03
1.180934e-02
1.328536e-02
6.605525e-03
1.409749e-02
6.194009e-03
1.325680e-02
-9.358451e-04
-7.181096e-03
3.435964e-03
7.224579e-03
-1.506472e-03
4.340862e-03
-1.385243e-02
-1.490403e-02
-1.679958e-03
3.900839e-04
-1.073707e-02
-3.711986e-03
1.159998e-03
-1.493087e-03
2.624664e-04
3.896959e-03
-9.502442e-03
-7.815684e-04
2.787919e-03
1.523661e-03
-1.304633e-03
4.500581e-03
-3.256195e-03
2.651110e-03
8.271957e-03
-2.072793e-03
-5.620193e-04
-8.514003e-03
-5.761293e-03
-2.348367e-03
-2.232350e-02
-2.150185e-02
-1.788550e-02
-4.610050e-02
-9.430592e-03
-7.718270e-03
-1.313398e-02
-1.779542e-02
-1.458258e-02
-2.030252e-02
2.209099e-02
4.385342e-02
