9.966111e-03
1.416944e-02
1.831186e-02
2.265313e-02
1.918957e-02
2.557964e-02
1.778609e-02
1.836136e-02
8.652400e-03
1.859946e-02
-7.665349e-03
1.081884e-02
-7.516049e-03
7.988959e-03
-2.016928e-03
-8.548376e-03
-1.200882e-02
5.115784e-03
-4.278990e-03
1.119836e-03
-8.600623e-03
-2.806362e-03
-1.122964e-04
-5.302240e-03
8.865135e-03
-4.299523e-03
-4.727196e-02
-4.242375e-03
3.507179e-03
-6.286132e-03
6.667038e-03
-7.874366e-03
1.913994e-03
2.879114e-03
2.542600e-03
1.555681e-03
-2.474418e-03
-2.146935e-03
8.679222e-03
5.755639e-03
-1.290546e-02
-2.132181e-02
-1.523522e-02
-1.455409e-02
-7.819999e-03
-8.598881e-03
-2.338970e-02
-9.200620e-03
-4.572747e-03
-1.232472e-02
8.320265e-02
6.999394e-02
