1.373352e-02
1.636897e-02
4.556584e-03
1.632198e-02
1.503946e-02
2.014900e-02
1.211640e-02
2.039071e-02
1.634620e-02
1.951852e-02
-1.049440e-02
1.088798e-02
5.530815e-03
4.940738e-04
9.976483e-04
1.344465e-04
3.793761e-03
2.073039e-03
-1.155033e-02
4.944852e-05
-8.658151e-03
5.453242e-03
1.880676e-03
-1.000227e-02
1.611164e-03
-4.293352e-03
-6.958883e-03
-2.559680e-02
5.295634e-03
3.826116e-03
-4.380173e-03
-2.043221e-03
-7.484236e-03
3.621104e-03
-1.241624e-02
5.264548e-03
-9.691146e-03
-1.549410e-02
-1.502195e-02
-2.006786e-03
-2.676112e-02
-1.184244e-02
-5.195090e-02
-1.375529e-02
-3.074925e-02
-1.750842e-02
-8.031662e-03
-2.636214e-02
-1.202448e-02
-1.375175e-03
9.322356e-02
6.549095e-02
