1.214642e-02
1.741290e-02
5.789782e-03
1.477412e-02
1.270757e-02
1.389336e-02
1.136088e-02
2.313701e-02
1.603241e-02
2.061725e-02
-6.622575e-03
1.451308e-02
6.407950e-03
8.771257e-04
1.811377e-03
-2.150083e-03
3.679671e-03
7.914130e-04
-1.189580e-02
1.761619e-03
-5.107304e-03
9.009085e-03
7.662774e-04
-1.134362e-02
-6.141548e-04
-5.786499e-03
-7.866560e-03
-1.442971e-02
3.322626e-03
6.329762e-03
-5.973778e-03
-1.767213e-03
-6.646766e-03
5.069700e-03
-1.270976e-02
6.249449e-03
-8.218331e-03
-1.700873e-02
-1.014964e-02
-2.156732e-03
-2.563181e-02
-9.228375e-03
-4.915751e-02
-1.157839e-02
-2.591390e-02
-1.788215e-02
-7.846930e-03
-2.556302e-02
-7.641658e-03
-6.993072e-04
1.049628e-01
7.145144e-02
