9.181903e-03
1.544468e-02
2.029870e-02
2.518916e-02
1.767903e-02
2.773385e-02
1.873002e-02
2.071047e-02
8.117937e-03
1.755841e-02
-5.418420e-03
1.052494e-02
-8.315825e-03
1.045090e-02
-7.285207e-03
-5.506484e-03
-1.216137e-02
7.773509e-03
-4.661939e-03
3.420082e-03
-9.494170e-03
-3.092363e-03
-1.279824e-04
-2.275622e-03
9.837443e-03
-4.152074e-03
-5.323663e-02
-8.599708e-03
3.857008e-03
-1.071577e-02
6.832119e-03
-1.300621e-02
4.013036e-03
3.477523e-03
2.175143e-03
1.601893e-03
-1.141984e-03
-5.025411e-03
1.139713e-02
5.898616e-03
-1.382531e-02
-1.920948e-02
-2.137594e-02
-1.398876e-02
-9.385463e-03
-9.850103e-03
-3.075073e-02
-6.322842e-03
-3.879951e-03
-1.155271e-02
9.059807e-02
7.415655e-02
