3.341447e-02
1.133568e-03
8.717036e-02
4.093302e-03
9.083142e-03
6.391682e-03
3.325269e-03
2.071594e-02
6.074237e-03
1.225783e-02
-3.633736e-03
9.606889e-03
8.793840e-03
-7.310198e-04
1.075531e-02
-5.816334e-03
-1.758551e-02
-1.337446e-02
-1.202179e-03
-5.933641e-03
-8.999466e-03
-1.809548e-03
8.139360e-03
-6.233703e-03
4.022724e-04
-8.791638e-03
-1.098111e-02
-1.216427e-02
-4.442968e-03
-1.035842e-02
-1.178581e-02
7.922534e-03
-2.000000e-01
2.261762e-02
-9.842863e-03
7.395433e-03
-1.064866e-03
-9.220125e-03
-1.091722e-02
2.978470e-03
-5.456208e-02
-2.812826e-02
4.071409e-04
-2.812826e-02
-9.300180e-03
-1.996408e-03
-2.023255e-03
-2.000000e-01
-3.033878e-03
-1.234727e-02
-2.329639e-03
5.247760e-02
