2.951381e-02
2.068089e-02
1.153998e-04
1.819143e-02
2.066820e-02
1.910827e-02
2.510941e-02
4.462959e-02
1.674106e-02
1.013513e-02
-2.985435e-02
-2.457685e-02
-7.711583e-03
4.857831e-03
1.265099e-02
6.377094e-03
-1.077699e-02
9.790429e-04
7.865857e-03
-2.652995e-02
-1.171254e-02
1.043850e-02
1.623287e-03
-1.196182e-03
1.658906e-03
-9.750745e-04
7.699560e-03
-2.075082e-03
8.187625e-03
-1.124673e-02
3.906437e-03
-3.059044e-02
5.276581e-03
-2.723193e-03
5.546761e-03
-2.370865e-03
-4.750638e-03
-1.236794e-02
-1.551119e-02
-9.773641e-03
-9.954754e-03
1.085956e-03
-4.034235e-02
-1.905858e-02
-1.525618e-02
-1.299978e-02
1.226144e-03
-4.903924e-02
-2.867580e-02
-9.485896e-03
8.024556e-02
1.029952e-01
