1.638553e-02
1.272802e-02
2.013423e-02
1.682441e-02
5.043054e-03
2.097110e-02
1.618914e-02
4.803015e-03
2.378956e-02
2.783316e-02
7.103268e-03
-2.619542e-02
-1.438988e-04
4.573223e-03
1.124536e-04
-8.915351e-03
5.838383e-03
1.203813e-03
8.837788e-03
1.386980e-03
-8.126927e-03
6.501287e-03
-6.167654e-03
5.399842e-03
-4.987460e-03
6.537738e-04
-5.842730e-03
8.727333e-03
-5.760361e-03
5.583417e-03
5.733208e-03
-5.521418e-03
-6.627821e-03
-5.470860e-03
-1.622983e-03
-1.048441e-02
5.487256e-04
-3.002852e-02
3.542210e-03
-1.753039e-02
-2.820955e-02
-1.732656e-02
-7.876834e-03
-2.139818e-02
-7.737054e-03
-9.383943e-03
-1.970939e-02
-2.570809e-02
-1.596664e-02
-3.393953e-03
8.930699e-02
6.976777e-02
