1.734741e-02
2.506219e-02
2.065327e-02
1.622302e-02
1.415653e-02
2.321260e-02
-5.719943e-03
1.363714e-02
1.660271e-02
9.446544e-03
1.426446e-03
3.678133e-03
-4.484006e-03
1.422210e-03
-4.844328e-03
2.121820e-04
6.784678e-03
5.248227e-03
3.317497e-03
9.340750e-03
7.238324e-03
-1.339570e-02
-1.291446e-02
4.007005e-03
6.023749e-03
3.440702e-03
4.128009e-03
-2.937800e-03
-1.388158e-02
-4.324802e-03
-1.064081e-02
1.745630e-04
-1.375542e-02
2.049626e-03
-1.647441e-02
7.202602e-03
1.206084e-03
-5.222225e-03
-4.192603e-03
7.817626e-03
-3.501139e-02
-3.245286e-02
-1.620717e-02
-1.659562e-02
-2.892158e-02
-2.702924e-02
-1.883127e-02
-3.827411e-02
-2.570726e-02
-1.191672e-02
7.672042e-02
9.390771e-02
