3.062327e-02
3.918549e-03
8.044889e-02
-1.776895e-03
1.290512e-02
1.378558e-02
1.300807e-02
1.891347e-02
1.330493e-03
2.393447e-02
1.278161e-03
3.310842e-03
1.895503e-03
9.341803e-03
4.801253e-03
3.182052e-03
-2.793288e-02
-1.717627e-02
1.501484e-03
-6.947592e-03
-6.677003e-03
-4.101159e-03
3.864794e-03
-8.520351e-03
6.791551e-03
-1.480163e-03
-8.747975e-03
-8.436438e-03
-3.615224e-03
-3.666477e-03
-4.550903e-03
6.001697e-04
1.056894e-03
4.996746e-03
7.324258e-03
3.393201e-03
6.452653e-03
-1.550405e-02
-4.564545e-03
-2.555043e-04
-2.785519e-02
-6.226530e-02
-2.736691e-02
-9.746120e-02
-1.038013e-02
-1.077198e-03
-1.376729e-02
-1.949769e-02
-7.409803e-03
-2.467618e-02
6.521195e-02
1.028475e-01
