1.817031e-02
2.238125e-02
9.605563e-03
2.150330e-02
1.252811e-02
2.039271e-02
1.765831e-02
2.781427e-02
2.040178e-02
1.331834e-02
-1.003172e-02
-4.455054e-03
-7.795851e-03
-5.190410e-03
8.990581e-03
-4.237086e-03
-9.684173e-03
-9.490443e-03
8.541626e-03
-1.479238e-02
-9.246314e-03
1.236540e-02
5.085036e-03
1.972902e-03
6.506147e-03
4.481814e-03
9.667478e-03
1.458336e-03
-9.440115e-03
-5.844132e-03
-2.595134e-03
-2.182730e-02
-4.083632e-03
-8.409439e-03
1.142340e-03
-1.100529e-02
8.740951e-04
-9.906660e-03
-1.552779e-04
-1.187243e-02
-1.575785e-02
-1.025461e-02
-1.886298e-02
-7.959663e-03
-1.630594e-02
-4.517112e-03
-1.084429e-02
-4.291259e-03
-4.066175e-03
-1.567583e-02
7.659941e-02
8.344212e-02
