8.473297e-03
1.281954e-02
2.134132e-02
2.690839e-02
1.822848e-02
2.644236e-02
1.765861e-02
1.916812e-02
1.185237e-02
1.726578e-02
-9.887854e-03
8.171172e-03
-9.455136e-03
7.824421e-03
-6.279018e-03
-9.938393e-03
-7.343471e-03
4.598785e-03
-7.978678e-03
-3.655409e-04
-1.055153e-02
6.577961e-05
-3.682374e-03
1.437641e-03
1.221011e-02
-7.123754e-03
-4.100068e-02
-5.412551e-03
2.027038e-03
-8.006904e-03
8.667857e-03
-9.790062e-03
4.762992e-03
-7.912830e-04
3.985966e-03
1.008196e-03
-6.064574e-04
-8.107567e-03
8.687149e-03
4.995376e-03
-6.875533e-03
-2.693544e-02
-1.627093e-02
-1.423387e-02
-6.395726e-03
-1.386338e-02
-1.389128e-02
-7.608655e-03
-4.896887e-03
-9.320012e-03
9.345033e-02
8.296338e-02
