2.287113e-02
9.124229e-03
4.766963e-02
6.195614e-04
1.498401e-02
1.488450e-02
6.442267e-03
1.509444e-02
8.742337e-03
1.601860e-02
1.644010e-04
-8.442087e-03
3.528104e-03
1.110741e-02
-3.918206e-04
5.635303e-03
-1.856555e-02
-1.763890e-02
-8.484565e-04
2.411123e-03
-1.143625e-02
-2.677433e-03
3.146946e-04
-2.061641e-03
1.086411e-03
4.776026e-03
-1.296126e-02
3.983222e-04
3.259910e-03
1.546611e-03
-4.943936e-04
4.724603e-03
-7.917323e-04
3.197520e-03
7.814297e-03
-6.283418e-04
-1.173092e-03
-1.257958e-02
-5.835443e-03
-4.609997e-03
-2.190630e-02
-2.804782e-02
-2.177693e-02
-3.681869e-02
-1.086297e-02
-8.656129e-03
-1.329546e-02
-1.650907e-02
-1.099458e-02
-1.971698e-02
4.122360e-02
6.909606e-02
