2.170746e-02
1.379901e-02
9.078781e-03
2.759924e-02
1.970578e-02
2.116972e-02
1.976401e-02
1.225005e-02
2.495757e-02
-8.522886e-03
-1.294121e-02
-1.167114e-02
-1.347703e-02
-1.244398e-02
-1.038634e-01
-7.830343e-03
-1.048851e-02
5.454658e-03
-2.386349e-02
6.763908e-04
-3.817322e-03
-6.474662e-03
1.312961e-04
-6.364235e-03
1.266073e-02
2.695016e-03
-2.247639e-03
7.808316e-03
-1.188932e-02
1.040735e-02
4.359825e-03
1.401534e-02
4.243658e-03
-2.406316e-02
3.220131e-03
-2.401395e-02
2.255163e-02
4.705269e-03
2.008508e-02
4.398128e-03
-1.511512e-03
-1.303148e-02
-2.427548e-02
-5.172847e-03
-1.390213e-02
-1.695094e-03
-2.687503e-02
-7.540546e-03
-1.981518e-02
5.730536e-03
6.393470e-02
6.149032e-02
