1.711664e-02
2.048574e-03
2.008720e-02
1.339974e-02
5.218887e-03
1.863604e-02
1.614081e-02
5.808824e-03
3.270467e-02
2.600916e-02
3.629528e-03
-6.800455e-02
-3.406591e-05
1.680057e-02
4.991482e-03
-1.041321e-02
9.707104e-03
3.052174e-04
1.270590e-02
1.895395e-04
-9.255144e-03
4.449102e-03
-1.826337e-03
3.454834e-03
-2.237998e-03
2.039760e-03
-1.295950e-03
4.104407e-03
5.815840e-05
2.157727e-03
1.709286e-03
6.989868e-03
2.930701e-03
-7.794994e-03
-5.894248e-03
-7.201408e-03
9.978549e-04
-1.382755e-02
8.238523e-04
-7.493131e-03
-3.504857e-02
-1.673566e-02
-1.625037e-02
-2.765849e-02
1.756284e-03
-4.359412e-03
-2.874156e-02
-2.351028e-02
-1.542418e-02
-1.107663e-02
9.018493e-02
8.744386e-02
