7.272880e-03
1.217230e-02
1.720800e-02
1.696106e-02
1.704220e-02
2.033885e-02
1.257650e-02
2.230161e-02
1.336223e-02
1.704687e-02
-1.204770e-02
1.420688e-02
-2.986869e-03
1.074443e-02
8.159534e-03
-2.616325e-02
-1.225068e-02
3.121244e-03
-3.536908e-03
4.305660e-03
-5.220069e-03
-3.648608e-03
-2.453917e-03
-4.144743e-03
7.364827e-03
-4.873576e-03
-9.160307e-03
-1.452296e-02
8.109918e-03
-1.502409e-02
4.194738e-03
-7.238225e-03
7.458903e-04
3.251242e-03
6.793735e-03
4.814955e-03
-3.310017e-03
-4.900338e-03
1.504003e-02
2.656546e-03
-3.728140e-02
-4.323225e-02
-2.415804e-02
-2.032703e-02
-1.487034e-02
-8.016841e-04
-5.095566e-03
-6.416809e-03
-1.571544e-02
-2.637524e-02
5.214540e-02
4.473976e-02
