2.025201e-02
1.801838e-02
5.628534e-03
1.803222e-02
1.206224e-02
2.125701e-02
1.833947e-02
2.813417e-02
1.735143e-02
1.290376e-02
-9.906635e-03
-1.502854e-03
-1.249674e-02
-5.716789e-03
5.654725e-03
-7.847780e-04
-9.184127e-03
-8.059326e-03
8.435480e-03
-1.895988e-02
-1.324450e-03
7.654922e-03
3.658789e-03
-1.213611e-03
9.732039e-03
6.686828e-04
5.645308e-03
7.425132e-03
-1.058458e-02
-7.721533e-03
-4.966091e-03
-1.950073e-02
-8.481695e-03
-1.800784e-02
-9.761667e-04
-1.475664e-02
3.301555e-03
-1.312756e-02
-6.010820e-04
-1.137593e-02
-1.448728e-02
-1.204139e-02
-1.337533e-02
-1.054912e-02
-1.991652e-02
-1.233921e-02
-2.148725e-02
-1.857912e-02
-1.267429e-02
-1.318404e-02
3.726893e-02
4.642102e-02
