1.436088e-02
1.508261e-02
1.901550e-02
1.592550e-02
6.107393e-03
1.859759e-02
1.608898e-02
1.130825e-02
2.651061e-02
2.572646e-02
6.154159e-03
-2.664195e-02
-2.647740e-04
-4.898207e-03
1.219283e-03
-8.661305e-03
3.657231e-03
-6.512305e-04
7.027060e-03
1.278798e-03
-8.635655e-03
5.689800e-03
-5.573803e-03
7.122386e-03
-8.071599e-03
-7.023053e-04
-3.773816e-03
6.369280e-03
-5.207479e-03
3.012602e-03
1.809135e-03
-5.006853e-03
-5.554504e-03
-8.390917e-03
-4.468446e-03
-1.019536e-02
7.225873e-04
-3.336487e-02
-1.575792e-03
-1.335908e-02
-2.052373e-02
-1.492213e-02
-8.609804e-03
-1.910465e-02
-8.744432e-03
-1.164433e-03
-2.375668e-02
-2.127581e-02
-1.102144e-02
-4.523839e-03
9.997584e-02
8.097647e-02
