1.134523e-02
4.808774e-03
1.171370e-02
2.833033e-02
1.293531e-02
3.998682e-03
1.495425e-02
2.476948e-02
1.546744e-02
1.758697e-02
6.371361e-03
1.021402e-02
-1.239367e-02
7.955659e-03
-1.143965e-02
-3.991459e-03
3.001354e-03
-5.685748e-03
-1.313101e-03
-2.425333e-03
4.729673e-03
-6.935244e-03
-1.684461e-02
1.904986e-03
9.110994e-03
2.709108e-03
5.739996e-03
-2.205905e-02
-1.289396e-03
2.509868e-03
9.996488e-03
-1.715278e-02
3.135869e-03
-3.368109e-03
5.856984e-03
8.971183e-03
2.427702e-03
-8.044666e-03
1.059329e-02
2.450260e-03
-7.544944e-03
-2.594443e-02
-1.503583e-02
-1.398832e-02
-2.118337e-02
-1.498555e-02
-5.403612e-02
-3.360503e-02
-2.083320e-02
-8.706750e-03
1.996386e-02
3.286161e-02
