2.022091e-02
2.323900e-02
8.130856e-03
1.577741e-02
3.106901e-02
3.571904e-02
2.098449e-02
1.097043e-02
9.880714e-03
1.868023e-02
6.723768e-03
9.373113e-04
-1.207648e-02
-2.124145e-02
-1.424832e-02
-3.547331e-02
-1.774177e-02
2.262386e-03
-8.019935e-03
4.930022e-04
-2.037941e-02
1.596161e-03
-1.049461e-03
6.770643e-03
3.896025e-04
1.787763e-03
-8.530011e-02
-1.578172e-02
1.318914e-03
-1.446782e-02
-8.538717e-03
2.690895e-03
-2.545156e-03
2.531423e-03
5.027683e-03
2.100693e-03
5.881580e-03
2.397929e-03
9.336823e-03
-2.290166e-03
-1.800598e-02
-1.511095e-02
-1.159586e-02
-1.985209e-02
-9.496202e-03
-2.836250e-02
-6.720582e-02
-1.656650e-02
5.804063e-03
-1.059521e-03
9.453145e-02
9.485917e-02
