1.831329e-02
2.906710e-02
2.502817e-02
1.836874e-02
1.969033e-02
1.044055e-02
1.669610e-02
6.751352e-03
1.417771e-02
1.823076e-02
-2.542665e-03
3.405777e-03
-6.720498e-04
-4.126134e-03
-3.120340e-03
-5.390315e-03
5.617044e-03
-1.370006e-02
-1.297269e-02
-2.025267e-02
3.741291e-03
-7.111407e-03
5.936305e-03
-6.738504e-04
-8.085785e-04
-2.442595e-03
3.361195e-03
-2.056263e-03
2.942276e-03
-1.771399e-02
1.299004e-02
5.622748e-03
-1.755303e-03
2.342671e-03
-1.201519e-02
-2.594233e-03
-6.050288e-03
-6.414012e-03
-5.435802e-02
8.070857e-03
-1.306912e-02
-2.207225e-02
-1.618904e-02
-9.894276e-03
-1.071878e-02
-2.397517e-02
-5.003393e-03
-1.392338e-02
-1.969527e-02
-1.508423e-02
8.266233e-02
7.371237e-02
