2.658561e-02
1.159794e-02
2.488849e-02
1.321791e-02
1.865844e-02
4.783552e-03
1.857277e-02
-2.165868e-03
1.742082e-02
2.727538e-02
-1.248742e-02
-9.504940e-03
-7.748206e-04
1.418581e-03
-5.159170e-03
1.808996e-03
2.107988e-03
5.812241e-03
5.393378e-03
1.074955e-02
1.307788e-02
-1.603698e-03
-1.137348e-03
2.873757e-03
3.165187e-03
-4.655108e-03
-2.818690e-03
6.970069e-03
-1.845358e-03
-2.103898e-02
-5.001883e-03
-1.015309e-02
1.127852e-02
-1.888168e-02
-5.703811e-03
-4.376698e-04
1.296145e-02
-1.575655e-02
-4.865599e-03
-4.005095e-03
3.338474e-03
-7.173723e-03
-9.420900e-03
-1.724555e-02
-3.290119e-02
-2.084014e-02
-4.165732e-04
-1.279484e-02
-1.764085e-02
-1.013949e-02
8.651635e-02
6.898363e-02
