6.607982e-03
2.036673e-02
1.447326e-02
2.976698e-02
1.384079e-02
2.094398e-02
1.455251e-02
1.567345e-02
2.302544e-02
1.125116e-02
-9.522243e-03
6.199601e-04
-1.313741e-02
7.651018e-03
-1.036553e-02
4.789313e-03
1.432863e-03
6.100577e-03
9.975318e-03
-1.905482e-03
2.849798e-03
-2.880617e-02
-1.006948e-02
6.265116e-03
-6.992063e-03
4.525582e-04
5.360251e-04
1.417089e-03
3.526800e-03
-1.158157e-02
-2.159680e-03
1.009778e-04
5.521872e-03
-8.072729e-03
1.905390e-03
-5.632740e-03
-4.456451e-02
8.095029e-03
-1.080376e-02
-8.811152e-03
-1.698937e-02
-1.343701e-02
-1.707188e-02
-2.250869e-02
-1.042303e-02
-2.386655e-02
-3.339589e-02
-2.260060e-02
-3.803244e-02
-7.139445e-03
5.881610e-02
7.244853e-02
