1.082673e-02
1.080217e-02
4.222193e-03
-8.490512e-03
1.152888e-02
1.821208e-02
2.366247e-02
1.294575e-02
8.517655e-03
8.622510e-03
-4.067837e-03
3.716911e-02
-4.074435e-03
3.786089e-03
-5.549164e-03
-7.578600e-03
3.242071e-03
3.011355e-03
-4.701614e-03
-2.632276e-03
-3.829380e-03
2.521334e-03
-3.960064e-02
-1.294999e-02
-1.223136e-03
1.935888e-04
-1.365799e-02
-7.122903e-03
-9.728749e-03
-1.648521e-02
8.163105e-04
-6.306785e-04
-1.420723e-02
7.638995e-03
5.699742e-03
-2.055170e-02
-2.664415e-02
2.018753e-02
1.565863e-02
-1.184624e-03
-5.182970e-02
-2.383749e-02
-2.171965e-02
-2.000000e-01
-1.504979e-02
-1.004645e-02
-1.538992e-02
-1.909366e-02
-4.200750e-03
-1.276886e-02
4.945397e-02
3.614571e-02
