1.875503e-02
1.053776e-02
7.419869e-03
1.858725e-02
2.348175e-02
1.641703e-02
1.729323e-02
1.619796e-02
1.784874e-02
1.858758e-02
-1.147189e-02
-9.522977e-03
-2.823027e-03
-6.215396e-03
1.446525e-02
-1.893388e-02
-2.205448e-02
9.756570e-04
-1.618458e-02
1.190634e-05
-1.876520e-03
-1.144517e-02
-8.419061e-03
-8.639993e-05
9.078437e-03
-5.311429e-03
-1.076199e-02
8.424737e-03
7.747348e-03
9.308232e-04
-1.136509e-02
6.048307e-04
-1.270597e-02
-1.045159e-02
3.563349e-03
-2.067102e-02
-2.096763e-02
-1.679982e-02
-2.578332e-03
-8.189778e-03
-1.767851e-02
-2.974366e-02
-1.887961e-02
-1.361508e-02
-3.695469e-02
-2.368957e-02
-1.945719e-02
-2.722252e-02
-2.888868e-02
-2.180174e-02
8.840775e-02
9.109810e-02
