1.540888e-02
1.077939e-02
1.640382e-02
1.573913e-02
7.571133e-03
1.595369e-02
1.702567e-02
2.208167e-02
1.950709e-02
1.758153e-02
-8.854145e-03
-3.310045e-03
-9.744988e-05
1.480741e-02
-2.705344e-02
-2.489612e-02
3.679530e-03
-4.432483e-03
-3.829778e-02
-2.530573e-02
-2.770012e-02
-7.775661e-03
-2.576752e-03
-2.493872e-03
-1.009246e-02
4.101920e-03
-1.308343e-04
-7.608802e-02
1.420346e-03
-3.087680e-02
3.965167e-03
-6.744515e-03
-5.567648e-03
-1.700564e-02
6.090208e-04
-1.481732e-02
-1.099125e-02
-9.702756e-03
3.980146e-03
-1.515545e-02
-1.937547e-02
-2.191406e-02
-1.583563e-02
-1.332257e-02
-4.582554e-02
-1.941555e-02
-7.420764e-03
-2.206321e-02
-1.925663e-02
-1.018385e-02
7.483934e-02
3.043114e-02
