8.556197e-03
1.840696e-02
2.655510e-02
2.288888e-02
1.413744e-02
1.717697e-02
1.975188e-02
3.494279e-02
2.008465e-02
1.677087e-02
-1.748813e-02
-1.351311e-03
3.344415e-04
2.047300e-02
-2.363774e-02
-2.033104e-02
1.894993e-03
-1.502980e-03
-5.434522e-02
-2.246944e-02
3.590742e-03
-9.816251e-03
3.806877e-03
5.660232e-04
-1.194783e-02
3.560734e-03
-5.984041e-03
-4.594941e-02
1.103412e-02
-3.288319e-02
4.967623e-03
-2.252423e-03
2.519391e-03
-2.742934e-02
4.719004e-03
-4.128964e-02
-1.332359e-02
1.367041e-03
2.107473e-03
-5.832999e-03
-1.900987e-02
-2.754807e-02
-1.572298e-02
-1.476306e-02
-5.552831e-02
-3.496584e-02
-2.416743e-02
-2.801314e-02
-1.768847e-02
4.342019e-03
1.131187e-01
7.755116e-02
