1.894964e-02
3.282003e-02
2.353036e-02
1.819091e-02
2.040277e-02
1.102709e-02
1.900262e-02
6.715074e-03
1.591479e-02
2.047008e-02
-1.633545e-03
5.185831e-03
8.411117e-03
-2.643598e-03
-4.289195e-03
-6.159695e-03
7.364053e-03
-9.628129e-03
-1.353456e-02
-2.083842e-02
3.099414e-03
-6.473561e-03
7.419197e-03
-3.758201e-03
-2.663331e-03
-1.882745e-03
5.653490e-03
-4.078979e-03
2.403929e-03
-1.906876e-02
5.320701e-03
5.689684e-03
7.407963e-04
1.743644e-03
-1.392119e-02
3.097321e-04
-8.385142e-03
-6.268861e-03
-6.223270e-02
6.693209e-03
-1.057973e-02
-2.365765e-02
-1.438508e-02
-4.234665e-03
-1.244056e-02
-2.162803e-02
-5.600557e-03
-1.081040e-02
-1.828428e-02
-1.384734e-02
8.817542e-02
7.568830e-02
