1.717792e-02
2.111124e-02
1.444644e-02
1.347758e-02
1.895736e-02
1.101226e-02
1.387165e-02
1.740841e-02
2.384579e-02
3.113688e-02
6.609280e-03
3.892666e-03
6.191347e-03
9.048359e-03
6.293902e-03
-2.394982e-03
3.272764e-03
-7.306559e-03
4.702276e-03
-3.066596e-02
-2.154939e-02
-8.530862e-04
-5.850481e-03
-4.577481e-03
1.278911e-02
1.234674e-02
-1.188821e-02
-6.820265e-03
4.977673e-03
5.575651e-04
-7.855220e-03
2.594915e-03
7.729858e-04
2.794055e-03
-6.075338e-03
-9.912761e-04
1.187889e-02
6.855624e-03
-1.227275e-02
-6.409642e-03
-1.251968e-02
-3.534529e-02
-9.508058e-03
-4.687873e-03
-2.589172e-02
-6.145008e-02
-6.902233e-03
-1.850972e-02
-2.219460e-02
-1.134086e-02
8.279569e-02
8.030746e-02
