2.378824e-02
1.005930e-02
2.834041e-02
1.139499e-02
1.894125e-02
4.960442e-03
1.768057e-02
-8.479659e-04
1.560370e-02
2.024539e-02
-1.125254e-02
-8.273455e-03
-2.125488e-03
8.654566e-03
-5.633966e-03
1.468243e-04
2.464936e-03
5.491667e-03
4.928628e-03
8.364839e-03
1.102063e-02
-7.356637e-04
2.714109e-04
1.841478e-03
-7.117678e-04
-3.538789e-03
-3.869632e-03
9.044269e-03
-3.581768e-03
-2.243092e-02
-3.477360e-03
-1.027158e-02
8.058647e-03
-2.321321e-02
-2.787914e-03
-6.034895e-04
1.417591e-02
-1.401991e-02
-7.970704e-03
-2.758488e-03
3.116223e-03
-7.661307e-03
-9.995243e-03
-1.342939e-02
-2.311628e-02
-2.105130e-02
-2.516319e-03
-9.017163e-03
-1.565456e-02
-9.001575e-03
8.064059e-02
8.307441e-02
