7.893438e-03
1.829950e-02
2.441683e-02
3.086287e-02
8.064282e-03
7.192532e-03
2.055614e-02
2.389095e-02
2.440484e-02
2.020523e-02
-4.710818e-03
-3.038766e-03
4.656255e-03
6.123039e-03
4.702275e-03
-1.436898e-03
2.341202e-03
-1.044920e-02
-3.213747e-03
-1.264231e-02
-1.687298e-02
-7.736793e-03
-4.504487e-04
-3.416065e-04
-1.917135e-02
-1.655541e-03
6.878415e-03
5.025296e-03
-3.892683e-03
9.388030e-04
-1.901807e-02
-1.130935e-02
-2.201167e-02
-1.420878e-02
3.512637e-03
2.320891e-03
-6.525815e-03
-1.036746e-02
-1.735523e-03
-7.577797e-03
-1.726919e-02
-1.428886e-02
-2.086477e-02
-4.185174e-02
-4.012175e-02
-2.469708e-02
-1.393036e-02
-2.132353e-02
-1.704702e-02
-3.319872e-02
7.787115e-02
8.672751e-02
