1.437306e-02
2.547796e-02
1.749437e-02
2.343424e-02
2.148038e-02
1.222826e-02
2.171020e-02
1.602521e-02
1.577161e-02
1.455833e-02
7.258569e-03
1.898558e-02
-1.661412e-02
1.003488e-03
-5.482080e-03
-9.593202e-03
-6.883103e-03
-6.706508e-03
-6.447584e-03
-6.340092e-03
-8.630822e-03
5.014764e-03
-2.020015e-03
4.448152e-03
-8.088415e-03
6.331168e-03
1.014116e-03
-6.764237e-03
7.446570e-03
3.936983e-03
4.932235e-03
1.071466e-03
8.286569e-03
2.226021e-03
-4.819368e-03
3.171940e-03
-1.205780e-03
-1.175584e-02
-1.677452e-02
-1.179788e-02
-9.599108e-03
-8.904758e-03
-2.028367e-02
-1.741585e-02
-2.076681e-02
-9.748571e-03
-1.178803e-02
-1.844665e-02
-2.501533e-02
-1.886307e-02
8.010161e-02
6.865941e-02
