1.661626e-02
9.512648e-03
1.976807e-02
1.619177e-02
9.170842e-03
1.424800e-02
1.698063e-02
2.620887e-02
2.018573e-02
1.702426e-02
-2.062243e-02
-3.057477e-03
4.045761e-03
1.975359e-02
-2.776277e-02
-1.847163e-02
-2.221488e-03
-5.646145e-05
-2.796923e-02
-3.662597e-02
-1.307346e-02
-1.239677e-02
-7.465796e-03
3.520929e-03
-9.930675e-03
5.810885e-03
-5.627605e-03
-4.328439e-02
9.356170e-03
-2.984634e-02
4.174985e-03
-1.930299e-03
-2.308932e-03
-2.212884e-02
9.252415e-04
-2.709623e-02
-7.392296e-03
-2.820035e-03
2.707226e-03
1.207957e-03
-1.677246e-02
-1.890114e-02
-2.177932e-02
-1.806403e-02
-5.289190e-02
-2.339955e-02
-2.010688e-02
-2.623712e-02
-1.464619e-02
-1.345665e-02
1.077573e-01
7.385196e-02
