1.862449e-02
1.151931e-02
1.721745e-02
1.889682e-02
2.761649e-02
1.526706e-02
1.811293e-02
1.235201e-02
1.706657e-02
1.436471e-02
-4.486153e-03
-1.402810e-02
-8.159218e-03
-1.708081e-02
1.222811e-02
-2.881065e-02
-1.344277e-02
3.853087e-03
-1.124908e-02
1.643783e-03
5.112831e-04
-8.071132e-03
-1.245122e-02
4.339204e-03
5.340072e-03
-5.687846e-03
-8.268888e-03
6.794768e-03
1.097699e-02
3.352243e-03
-9.790354e-03
2.739293e-03
-1.481803e-02
-9.063682e-03
4.507825e-03
-2.236886e-02
-2.283114e-02
-1.659187e-02
-1.176949e-02
-2.879034e-03
-2.089614e-02
-2.499465e-02
-1.864235e-02
-1.188197e-02
-3.139892e-02
-1.800172e-02
-1.996050e-02
-4.284145e-02
-2.960110e-02
-1.851269e-02
7.598593e-02
8.920202e-02
