1.614403e-02
2.017891e-02
1.406826e-02
2.453766e-02
1.732050e-02
1.531775e-02
8.052884e-03
1.801302e-02
7.956869e-03
1.482727e-02
-3.706871e-03
8.160342e-03
-3.994759e-03
-6.492556e-03
3.651992e-03
3.228734e-03
4.246319e-03
1.056988e-02
5.716840e-03
-6.583917e-04
-1.011603e-03
-6.986713e-03
-2.984503e-03
1.853389e-04
6.119476e-03
-6.782444e-03
3.118135e-03
-7.061397e-03
4.348170e-03
-1.760152e-03
-8.175673e-04
-5.975563e-05
2.035571e-03
-8.457874e-03
5.799998e-03
1.234093e-03
-1.685586e-02
5.657061e-03
1.856522e-03
-3.589075e-03
-8.461360e-03
-2.328914e-02
-1.198872e-02
-1.291249e-02
-2.366164e-02
-1.138471e-02
-9.920071e-03
-2.543441e-02
5.819516e-03
-7.943796e-03
8.572265e-02
9.697476e-02
