1.757753e-02
1.986488e-02
1.259233e-02
1.066119e-02
1.679618e-02
1.001436e-02
1.020916e-02
1.490497e-02
2.094984e-02
3.046092e-02
4.246850e-03
4.571531e-03
1.204373e-02
4.568997e-03
6.148865e-03
-1.317996e-03
1.601763e-03
-1.536934e-03
9.232944e-03
-2.033259e-02
-3.462076e-02
-7.039079e-03
2.197081e-03
-9.373356e-03
7.177088e-03
7.378919e-03
-9.103152e-03
-7.984642e-03
8.143571e-03
-3.560822e-04
-9.882760e-03
-5.397383e-03
-1.362182e-03
6.567445e-03
-1.272187e-02
-1.752523e-03
4.149864e-03
-6.775082e-04
-9.113021e-03
-7.327291e-03
-1.859277e-02
-4.500638e-02
-7.086359e-03
-1.574427e-02
-4.904202e-02
-5.492090e-02
-4.012263e-03
-6.697299e-03
-2.501586e-02
-8.929517e-03
3.936819e-02
4.885732e-02
