1.731480e-02
2.188551e-02
1.165527e-02
1.153710e-02
2.304237e-02
1.132940e-02
1.299274e-02
1.279539e-02
2.641662e-02
3.090319e-02
2.183884e-03
4.198903e-03
1.488877e-02
3.816619e-03
3.950585e-03
-1.782220e-03
7.394140e-03
-8.429673e-03
7.687657e-03
-1.868040e-02
-3.027123e-02
-3.448897e-03
-2.298738e-03
-8.503800e-03
1.214680e-02
1.201021e-02
-6.313549e-03
-2.390592e-03
1.676362e-03
3.656128e-03
-1.389018e-02
-2.221900e-03
-2.028918e-03
2.443384e-03
-1.142523e-02
-2.617102e-03
6.970703e-03
1.556777e-03
-4.952774e-03
-2.957725e-03
-1.506261e-02
-2.878684e-02
-1.602997e-02
-1.011040e-02
-4.944923e-02
-5.435470e-02
-8.668908e-03
-2.012567e-02
-2.268021e-02
-1.708522e-02
4.031936e-02
5.101229e-02
