1.026380e-02
2.186617e-02
2.791727e-02
4.725692e-02
1.229600e-02
2.348495e-02
1.639853e-02
1.633687e-02
1.627642e-02
2.253789e-02
-9.362277e-03
6.630834e-03
-3.476325e-02
2.600517e-02
-8.175312e-03
3.967082e-03
-1.886684e-02
1.822183e-02
9.253924e-03
8.616340e-03
-8.248033e-03
-2.549485e-02
-8.811967e-03
-1.021022e-02
-6.221005e-03
-2.804017e-03
-7.443516e-03
1.833277e-03
-9.008732e-03
-1.563380e-02
3.877291e-03
1.812390e-03
-6.165511e-04
-5.865479e-03
9.999236e-03
6.203793e-04
-1.857545e-02
5.477648e-03
-1.672697e-02
-4.580418e-03
-2.141737e-02
-5.233764e-03
-2.065351e-02
-2.764992e-02
-1.006944e-03
-2.936723e-02
-5.503973e-02
-9.693595e-03
-2.794809e-02
-8.044223e-02
7.700005e-02
8.299857e-02
