1.697141e-02
1.586483e-02
1.088952e-02
1.205669e-03
8.626958e-03
1.469932e-02
2.442490e-02
2.006800e-02
8.904345e-03
1.521249e-02
2.772210e-03
2.297547e-02
-2.908485e-03
3.846542e-03
-1.648560e-02
-1.654715e-03
4.555333e-03
6.434237e-03
-2.100479e-03
-4.280424e-03
1.652742e-03
1.961005e-03
-1.122506e-02
-8.106012e-03
-2.987965e-03
1.135988e-03
-1.791685e-02
-4.032732e-03
-1.598801e-02
-6.066564e-03
-2.436603e-03
1.582392e-03
-4.546967e-03
6.320199e-03
4.906509e-03
-3.229688e-03
-1.146054e-02
1.886903e-02
1.184828e-02
2.775902e-03
-2.113654e-02
-2.414979e-02
-1.396150e-02
-3.333903e-02
-1.162882e-02
-1.527122e-02
-5.348810e-03
-6.467806e-03
-3.945439e-03
-1.872200e-02
1.034729e-01
5.476511e-02
