1.858670e-02
2.501945e-02
2.611717e-02
1.782530e-02
2.459814e-02
1.390999e-02
1.272069e-02
2.025828e-02
3.815169e-02
3.959739e-02
1.271560e-03
4.537576e-03
-9.586413e-03
1.492636e-02
1.360039e-02
-2.671148e-03
9.367278e-03
-2.097257e-02
1.691455e-03
-2.152623e-02
-3.948768e-02
5.927931e-03
-1.362692e-02
-6.138187e-03
1.019097e-02
1.892199e-02
-1.550272e-02
2.478226e-03
4.134154e-03
9.594575e-03
-1.820546e-02
-1.275712e-03
2.884640e-03
-6.488764e-03
-1.656972e-02
5.641727e-03
1.058738e-02
7.505639e-03
-1.488521e-02
-1.618763e-03
-1.391341e-02
-2.000000e-01
-1.719649e-02
-7.030654e-03
-2.553771e-02
-3.906144e-02
-2.182438e-02
-2.063477e-02
-2.838924e-02
8.882172e-03
5.839475e-02
6.133145e-02
