1.828390e-02
2.238877e-02
1.575544e-02
7.116449e-03
1.761406e-02
1.000791e-02
1.776383e-02
1.681189e-02
1.569036e-02
1.440722e-02
9.616338e-03
1.904107e-02
-1.086696e-02
-7.966026e-04
-4.657669e-03
-1.201253e-02
-1.221818e-02
-7.466869e-03
-6.218353e-03
-4.418039e-03
-7.284480e-03
3.233276e-03
-1.849959e-04
6.348458e-03
-3.438301e-03
5.019397e-03
1.057444e-04
-1.767515e-02
1.218658e-02
5.833789e-04
4.745685e-03
-1.411254e-03
1.072105e-02
8.176951e-04
-3.907302e-04
4.819073e-03
1.137790e-03
-1.214399e-02
-1.600032e-02
-1.284163e-02
-1.872542e-02
-7.182129e-03
-1.867583e-02
-1.424169e-02
-3.179450e-02
-1.233675e-02
-8.128383e-03
-1.924237e-02
-2.648551e-02
-2.161228e-02
1.053412e-01
7.572439e-02
