7.611904e-03
1.808657e-02
2.119627e-02
2.694578e-02
6.508835e-03
7.192100e-03
2.078452e-02
2.333701e-02
1.968731e-02
1.864005e-02
-9.813322e-03
-4.255919e-04
4.217858e-03
1.725273e-02
5.077046e-03
5.080917e-04
1.378205e-03
-1.104948e-02
-3.382779e-03
-5.954412e-03
-1.106078e-02
-7.701412e-03
-1.148562e-05
-9.154896e-04
-1.550282e-02
1.864962e-03
4.682356e-03
3.155855e-03
-1.237621e-03
1.960497e-03
-1.386847e-02
-1.380262e-02
-1.331063e-02
-1.183563e-02
3.453991e-03
-1.821259e-05
-6.406717e-03
-1.248722e-02
-1.130554e-03
-7.723806e-03
-1.802820e-02
-1.379878e-02
-1.564053e-02
-1.570305e-02
-2.809637e-02
-2.221001e-02
-7.751599e-03
-2.489162e-02
-2.274248e-02
-1.975894e-02
7.306572e-02
7.439657e-02
