1.379719e-02
1.571560e-02
1.638476e-02
6.749824e-03
6.730285e-03
1.341102e-02
2.945199e-02
1.313745e-02
4.719470e-03
1.304434e-02
-3.939306e-04
1.067976e-02
3.436438e-03
4.507192e-04
-1.526813e-02
-3.615658e-03
-2.705156e-03
6.931731e-03
-4.132884e-03
3.691270e-03
2.256385e-03
-3.240029e-03
-3.289826e-02
-1.888124e-02
-3.742321e-03
-1.749566e-03
-1.310418e-02
-4.454168e-03
-1.228561e-02
-3.606880e-03
9.888263e-04
-5.678464e-03
-4.661869e-03
2.321050e-03
9.082759e-03
7.972714e-03
-1.242720e-02
2.177593e-02
1.173603e-02
4.025064e-03
-1.861481e-02
-2.984880e-02
-2.908010e-02
-2.496469e-02
-6.436554e-03
-1.663492e-02
-1.208039e-02
-2.152223e-03
1.453280e-05
-2.236082e-02
6.523085e-02
4.241497e-02
