1.138694e-02
1.911775e-02
2.500622e-02
2.138834e-02
7.083102e-03
9.755649e-03
2.268495e-02
2.192847e-02
1.999460e-02
2.065726e-02
-1.090506e-02
-3.199858e-03
5.567904e-03
1.545284e-02
2.091695e-03
3.101638e-03
3.367089e-03
-5.759819e-03
-3.690711e-03
-8.570251e-03
-2.973484e-04
-4.101649e-03
-3.818889e-04
-1.439697e-03
-1.140258e-02
3.965678e-03
5.122283e-03
6.584065e-03
-4.754686e-03
-9.600604e-04
-6.218465e-03
-9.360702e-03
-1.146154e-02
-1.497685e-02
3.256344e-03
-5.219586e-03
-2.436209e-03
-7.935059e-03
-1.565328e-03
-6.634245e-03
-1.292631e-02
-9.453854e-03
-1.461748e-02
-2.473923e-02
-2.885690e-02
-1.605126e-02
-7.311658e-03
-3.367486e-02
-3.759498e-02
-2.385930e-02
5.864928e-02
6.762651e-02
