1.811794e-02
2.603087e-02
1.145739e-02
2.846411e-02
1.986433e-02
1.674564e-02
5.132230e-03
1.868807e-02
7.157387e-03
1.422254e-02
-4.766380e-03
9.502495e-03
-6.840772e-03
-9.083138e-03
1.795430e-03
1.665387e-03
1.857893e-03
1.001269e-02
4.499175e-03
-3.794712e-03
-3.220092e-03
-9.428498e-03
-2.233978e-03
-9.994757e-04
6.042870e-03
-9.318500e-03
3.767368e-03
-7.847734e-03
5.138542e-03
-1.547105e-03
-4.873332e-03
4.945941e-03
8.386832e-04
-7.219189e-03
7.989757e-03
3.233328e-04
-1.029285e-02
6.197393e-03
7.386549e-05
-4.017817e-03
-9.902981e-03
-2.206413e-02
-1.341911e-02
-5.518025e-03
-2.572032e-02
-6.382961e-03
-1.028104e-02
-2.834219e-02
2.217583e-03
-1.284666e-02
7.815669e-02
9.331085e-02
