1.983738e-02
1.232353e-02
1.474779e-02
2.065725e-02
2.515785e-02
1.881169e-02
1.968488e-02
1.309073e-02
2.194290e-02
1.758794e-02
-1.323654e-02
-1.725886e-02
-5.097811e-03
-1.353109e-02
1.334338e-02
-2.246690e-02
-1.288749e-02
2.101492e-02
-1.795486e-02
6.120918e-03
8.808876e-04
-8.000565e-03
-1.773849e-02
-1.151422e-03
7.843176e-03
-5.156602e-03
-7.733627e-03
6.503095e-03
1.535604e-02
5.296453e-03
-1.127603e-02
2.561197e-03
-1.133615e-02
-8.379060e-03
2.615958e-03
-4.043236e-02
-2.245533e-02
-1.442555e-02
-2.370100e-02
2.839686e-03
-2.564635e-02
-2.492048e-02
-1.380870e-02
-8.268152e-03
-3.528659e-02
-1.909234e-02
-2.035333e-02
-4.351213e-02
-2.460265e-02
-1.309262e-02
8.560534e-02
1.024695e-01
