1.652563e-02
1.238584e-02
1.017017e-02
-3.704200e-03
9.290558e-03
1.482175e-02
2.198666e-02
1.847315e-02
8.902705e-03
1.423433e-02
9.877294e-04
2.455194e-02
-1.262076e-04
4.104909e-03
-1.257788e-02
-3.033544e-03
1.190239e-02
6.757258e-03
-6.543183e-04
-5.792273e-03
3.254405e-03
3.135075e-03
-6.564348e-03
-9.260213e-03
-5.704578e-03
2.204219e-03
-1.531751e-02
-2.583278e-03
-1.580329e-02
-5.101130e-03
-2.798094e-03
-1.243655e-04
-3.640115e-03
6.610844e-03
5.127271e-03
-8.567232e-03
-1.705447e-02
1.744424e-02
1.322295e-02
4.188691e-03
-2.289161e-02
-2.675773e-02
-1.127584e-02
-3.777711e-02
-1.513613e-02
-1.307033e-02
-4.709389e-03
-5.417374e-03
-2.542580e-03
-1.219876e-02
9.443836e-02
5.157340e-02
