2.247916e-02
8.946296e-03
1.528978e-02
1.557250e-02
2.000937e-02
9.471343e-03
1.798481e-02
5.926378e-03
1.611472e-02
1.972016e-02
-1.163159e-02
-6.444547e-03
4.138819e-03
8.164524e-03
-4.462316e-03
2.687162e-03
3.588119e-03
8.542132e-03
4.086482e-03
5.476613e-03
7.041528e-03
1.126195e-03
1.294748e-03
1.328157e-03
4.413183e-03
1.075615e-03
-1.168140e-03
1.129017e-02
-2.944638e-03
-1.898507e-02
-3.123057e-03
-1.245313e-02
1.140717e-02
-2.178294e-02
-1.131204e-03
-2.265753e-03
1.087358e-02
-1.389940e-02
-8.452394e-03
-2.833024e-03
1.149483e-03
-1.682484e-03
-1.040841e-02
-1.466821e-02
-2.236780e-02
-1.808220e-02
-8.492276e-03
-8.065082e-03
-1.356247e-02
-7.239451e-03
8.580377e-02
7.409447e-02
