1.840010e-02
2.542802e-02
2.449965e-02
1.738518e-02
2.130929e-02
1.121704e-02
1.664411e-02
5.951032e-03
1.558656e-02
1.841940e-02
-3.507454e-03
4.087977e-03
-3.247883e-03
-4.024035e-03
-2.103463e-03
-6.416626e-03
5.442559e-03
-1.331667e-02
-1.156408e-02
-1.946419e-02
3.165947e-03
-7.625962e-03
6.356214e-03
-6.595150e-04
-1.203340e-03
2.481253e-04
3.992953e-03
-6.073469e-03
2.905674e-03
-1.655753e-02
5.970615e-03
8.881919e-03
-2.237785e-03
3.901386e-03
-1.088600e-02
-2.638039e-03
-6.400691e-03
-6.236853e-03
-5.116575e-02
7.083633e-03
-1.021872e-02
-2.281323e-02
-1.775409e-02
-9.584664e-03
-9.123298e-03
-2.123999e-02
-6.446768e-03
-1.297359e-02
-1.921802e-02
-1.443483e-02
8.308546e-02
7.556689e-02
