1.154009e-02
1.235797e-02
1.012229e-02
2.037626e-02
1.840958e-02
1.657571e-02
6.903659e-03
1.801584e-02
1.743229e-02
9.720072e-03
-8.575284e-03
6.777397e-03
-6.268215e-03
-1.080882e-02
5.334919e-03
2.002660e-03
5.050298e-03
4.340819e-03
7.046253e-03
-1.408447e-03
-3.375090e-03
-1.032791e-02
-2.713121e-03
2.397826e-03
6.348470e-03
-9.467282e-03
2.418349e-04
-8.484993e-03
1.946633e-04
-1.536466e-03
-1.227211e-03
2.303637e-03
2.928416e-04
-1.773574e-03
8.342479e-03
1.437777e-03
-1.178388e-02
6.519490e-03
7.465489e-04
-3.403235e-03
-7.956836e-03
-1.729189e-02
-1.814734e-02
-1.730632e-02
-1.748872e-02
-3.664662e-03
-1.370871e-02
-3.992222e-02
-1.538314e-03
-1.210346e-02
5.355863e-02
6.564812e-02
