1.755747e-02
2.500754e-02
1.128027e-02
2.763047e-02
1.850670e-02
1.827804e-02
5.555291e-03
1.942193e-02
8.487352e-03
1.360565e-02
-4.630690e-03
8.112795e-03
-5.576351e-03
-7.585428e-03
1.533808e-03
1.890198e-03
3.086908e-03
1.028931e-02
5.606538e-03
-2.144531e-03
-2.894209e-03
-9.542828e-03
-2.026739e-03
2.906768e-04
6.186149e-03
-7.822527e-03
3.285932e-03
-8.099999e-03
4.180813e-03
-2.083917e-03
-2.428637e-03
3.798646e-03
5.983861e-04
-6.791335e-03
7.164795e-03
4.404491e-04
-1.004506e-02
5.946616e-03
1.100165e-03
-3.698094e-03
-8.488545e-03
-2.250424e-02
-1.431391e-02
-8.013590e-03
-2.010138e-02
-6.993305e-03
-1.006322e-02
-3.083549e-02
3.617136e-03
-8.697222e-03
7.615310e-02
9.473564e-02
