1.611909e-02
7.949826e-03
1.146712e-02
1.433535e-02
1.660231e-02
1.287320e-02
1.314388e-02
1.257227e-02
1.525039e-02
1.281485e-02
-9.431911e-03
-1.706227e-02
-1.117998e-02
-1.546897e-02
8.613570e-03
-2.067614e-02
-1.298259e-02
1.013494e-03
-1.244122e-02
2.794930e-03
1.268763e-03
-6.629993e-03
-9.911548e-03
1.397350e-03
5.426580e-03
-5.312766e-03
-7.627341e-03
2.390814e-03
8.349625e-03
2.746334e-03
-6.969271e-03
-1.780164e-03
-1.047102e-02
-9.733303e-03
3.495402e-03
-2.175724e-02
-2.202163e-02
-1.172156e-02
-3.038346e-02
-5.983332e-04
-1.397940e-02
-1.857965e-02
-1.808729e-02
-6.228433e-03
-2.929802e-02
-1.806645e-02
-1.993736e-02
-4.407780e-02
-2.397163e-02
-1.765511e-02
5.313823e-02
6.803101e-02
