1.620905e-02
2.409813e-02
1.746547e-02
1.417975e-02
1.905940e-02
1.288829e-02
1.936337e-02
1.581538e-02
1.682835e-02
1.140420e-02
9.676080e-03
1.862621e-02
-9.759303e-03
-1.028371e-03
-7.275454e-03
-1.176231e-02
-7.944100e-03
-6.912139e-03
-5.940088e-03
-5.494721e-03
-9.720212e-03
5.808547e-03
4.845914e-04
3.120201e-03
-4.269135e-03
6.495192e-03
5.520664e-04
-8.668759e-03
7.319259e-03
3.349687e-03
5.311587e-03
4.835021e-03
1.013977e-02
2.733586e-03
-6.524389e-03
5.563715e-03
-1.275234e-03
-8.068741e-03
-2.020586e-02
-1.157379e-02
-1.470499e-02
-8.128128e-03
-1.811917e-02
-1.415073e-02
-2.521722e-02
-1.052013e-02
-8.686630e-03
-1.919743e-02
-2.746952e-02
-2.106019e-02
9.025936e-02
7.447006e-02
