3.038092e-02
1.210796e-02
1.885129e-02
1.285451e-02
2.075871e-02
1.130589e-02
1.724328e-02
-1.537591e-03
1.609633e-02
1.860658e-02
-5.311394e-03
-6.555129e-03
-5.117367e-03
4.898882e-03
-2.738717e-03
-1.260239e-03
3.508352e-03
3.643396e-03
4.009975e-03
4.831767e-03
8.228049e-03
-7.560300e-04
-5.437787e-04
3.522231e-03
1.471461e-03
5.531778e-04
2.270636e-03
4.780116e-03
-1.593524e-03
-1.035598e-02
2.212587e-04
-1.098675e-02
1.624647e-02
-2.722351e-02
-1.013355e-03
-2.889721e-03
1.096005e-02
-1.818744e-02
-7.623898e-03
-4.838997e-03
5.785158e-04
-2.787707e-03
-8.222743e-03
-1.539429e-02
-2.635812e-02
-2.374926e-02
-2.896500e-03
-1.247982e-02
-2.080080e-02
-4.765187e-03
7.875951e-02
6.297862e-02
