1.817606e-02
1.404913e-02
9.336448e-03
-8.697968e-04
1.042161e-02
1.708606e-02
2.364693e-02
1.333816e-02
9.113954e-03
1.472180e-02
3.170113e-03
3.203012e-02
-2.515641e-03
8.803241e-03
-1.439041e-02
-5.855756e-03
1.244084e-02
6.296814e-03
3.337502e-03
-1.082879e-02
3.812250e-03
1.703648e-03
-8.298111e-03
-1.163539e-02
-7.315721e-03
2.349854e-03
-1.278446e-02
-1.330201e-03
-1.316192e-02
-6.341881e-03
-7.299893e-03
-2.679531e-03
-2.706261e-03
6.315953e-03
2.101060e-03
-8.341570e-03
-1.484628e-02
1.406066e-02
1.198976e-02
4.991112e-03
-1.087633e-02
-2.720396e-02
-2.317787e-03
-3.850821e-02
-1.622033e-02
-9.728198e-03
-2.655800e-03
-2.670568e-03
-1.672324e-03
-1.293725e-02
8.932786e-02
4.549459e-02
