1.993126e-02
1.174753e-02
1.293296e-02
1.908067e-02
3.445053e-02
1.779830e-02
1.734147e-02
1.237970e-02
2.186833e-02
1.548401e-02
-1.184517e-02
-1.715704e-02
-8.468927e-03
-2.585123e-02
1.216034e-02
-2.340179e-02
-1.625005e-02
2.793404e-03
-1.768122e-02
3.750013e-03
2.171866e-03
-9.810974e-03
-1.077838e-02
-1.972074e-03
4.427916e-03
-3.662579e-03
-6.819082e-03
7.127454e-03
1.125591e-02
2.627349e-03
-1.308372e-02
-3.077733e-03
-1.312986e-02
-1.080188e-02
2.980785e-03
-1.812242e-02
-3.275653e-02
-1.534886e-02
-1.554217e-02
-4.932860e-03
-1.609120e-02
-2.125920e-02
-1.275733e-02
-1.603887e-02
-2.368823e-02
-1.670239e-02
-1.982411e-02
-2.945831e-02
-2.276707e-02
-1.746955e-02
8.310144e-02
1.046202e-01
