4.902885e-03
2.047776e-02
1.971565e-02
3.329789e-02
1.293041e-02
2.238571e-02
1.638645e-02
1.443466e-02
2.136450e-02
1.716266e-02
-4.662217e-03
-1.414269e-04
-9.501306e-03
1.163071e-02
-1.114581e-02
2.453656e-03
-3.511768e-03
8.474562e-03
1.166283e-02
3.712517e-03
1.608872e-03
-2.010993e-02
-8.981166e-03
-5.326560e-04
-2.142738e-03
3.098351e-03
-2.846400e-03
7.195402e-04
5.793167e-03
-1.172850e-02
2.341689e-04
2.363840e-03
3.280539e-03
-5.714788e-03
2.399839e-03
-4.926374e-03
-2.788540e-02
1.155401e-02
-1.132445e-02
-6.830214e-03
-2.223899e-02
-2.464633e-02
-2.306305e-02
-2.082154e-02
-2.097575e-02
-2.391477e-02
-3.344803e-02
-2.136157e-02
-4.096593e-02
-2.748690e-02
8.386293e-02
9.571287e-02
