4.090521e-02
1.387989e-02
1.591938e-02
1.395758e-02
2.182688e-02
1.019211e-02
1.679531e-02
-1.500223e-03
1.667093e-02
2.831659e-02
-3.400368e-03
-7.036172e-03
-6.090931e-03
4.405335e-03
-5.898727e-03
-3.177006e-03
1.784340e-03
2.956936e-03
7.699289e-03
-5.239644e-04
8.128521e-03
-5.273035e-03
-1.307820e-03
4.708156e-03
-5.875265e-03
1.333574e-03
4.264648e-03
4.945047e-03
-2.372928e-03
-7.691588e-03
3.249208e-03
-1.599223e-02
1.957369e-02
-4.198548e-02
1.220546e-04
-9.418030e-04
1.244246e-02
-1.859813e-02
-8.330254e-03
-5.712562e-03
4.671718e-04
-1.741605e-03
-1.592870e-02
-1.391112e-02
-2.106154e-02
-2.668477e-02
-6.422671e-03
-1.234473e-02
-2.487450e-02
-4.838183e-03
5.717791e-02
5.682039e-02
