9.035678e-03
1.879174e-02
1.737447e-02
1.391166e-02
1.859894e-02
2.061725e-02
7.866511e-04
1.777344e-02
1.245706e-02
-3.838310e-03
-9.867579e-03
-1.070940e-02
-3.135645e-03
5.760688e-02
-2.123504e-02
2.084282e-03
-2.288170e-03
3.624631e-03
4.196553e-03
9.689540e-03
-3.888460e-03
9.309684e-03
2.153064e-03
1.266780e-02
2.347153e-03
-1.629312e-03
-8.654875e-04
-9.039525e-03
-1.436739e-02
-4.950928e-03
-5.974982e-03
-7.747809e-03
1.457595e-03
8.312549e-03
-6.819606e-03
7.010991e-03
7.435337e-03
1.870911e-02
-2.790331e-04
3.791318e-03
-3.118817e-03
-1.337203e-02
-1.593001e-02
-1.235539e-02
-1.358734e-02
-1.394624e-02
-6.890295e-03
-3.405693e-02
-1.888266e-02
-1.029732e-02
7.248543e-02
2.661846e-02
