1.364491e-02
2.279875e-02
1.380825e-02
1.303004e-02
1.881991e-02
9.379045e-03
1.713514e-02
1.528569e-02
1.577123e-02
1.306345e-02
9.524582e-03
2.039220e-02
-8.964927e-03
-7.013087e-04
-6.171392e-03
-1.554066e-02
-1.000508e-02
-8.006050e-03
-7.627655e-03
-5.162130e-03
-9.735603e-03
5.344854e-03
4.373279e-04
2.135277e-03
-3.993554e-03
6.445465e-03
1.920796e-04
-8.690642e-03
8.002010e-03
3.111995e-03
4.902529e-03
2.668413e-03
9.781985e-03
3.956289e-03
-7.301191e-03
4.097437e-03
-2.480852e-03
-7.571211e-03
-2.053512e-02
-1.356247e-02
-1.350955e-02
-9.488415e-03
-1.831492e-02
-2.065166e-02
-3.435144e-02
-9.220601e-03
-9.430497e-03
-1.742719e-02
-2.234262e-02
-1.785474e-02
4.009021e-02
5.057484e-02
