1.888030e-02
1.269407e-02
1.339189e-02
1.023411e-02
1.816160e-02
5.447661e-03
1.560551e-02
-4.886724e-03
1.558147e-02
1.363552e-02
-3.998970e-03
-8.832833e-03
-9.029660e-03
1.602900e-02
-6.335070e-03
6.705295e-04
1.258415e-03
3.015374e-03
-8.563867e-04
2.605885e-03
1.331893e-02
-6.806168e-03
-3.308726e-03
4.259834e-03
-1.445440e-02
-8.591089e-03
6.867154e-03
9.073500e-03
-3.727725e-03
-1.473804e-02
5.600715e-03
-1.780943e-02
1.294724e-02
-1.437448e-02
-2.708647e-03
-4.946653e-03
7.473054e-03
-2.491502e-02
-1.109168e-02
-5.394101e-03
1.990769e-03
-1.100187e-02
-7.098877e-03
-8.283024e-03
-1.364762e-02
-2.356444e-02
5.844528e-03
-1.347361e-02
-1.123367e-02
-1.157041e-02
6.232971e-02
5.280705e-02
