1.673580e-02
9.974107e-03
8.145459e-03
1.289534e-02
2.299036e-02
1.544114e-02
1.209154e-02
1.383073e-02
1.692771e-02
1.249741e-02
-1.053474e-02
-1.522381e-02
-2.516380e-02
-2.459198e-02
6.685211e-03
-1.572497e-02
-1.494149e-02
-3.044326e-03
-2.062630e-02
3.868053e-03
4.832307e-03
-1.389030e-03
-1.047424e-04
-9.137057e-03
7.141910e-03
-3.428977e-03
-9.701678e-03
8.473062e-03
8.230198e-03
2.135311e-03
-1.198812e-02
-2.327889e-03
1.209773e-04
-2.073970e-02
4.334316e-03
-9.407521e-03
-1.704426e-02
-1.908136e-02
-6.029222e-02
4.646178e-03
-1.399210e-02
-1.628650e-02
-9.271069e-03
-1.241125e-02
-1.669426e-02
-2.001131e-02
-2.121741e-02
-2.344377e-02
-3.830718e-02
-1.555796e-02
7.034328e-02
9.236391e-02
