1.961394e-02
2.625041e-02
1.147180e-02
1.272722e-02
2.138269e-02
9.818621e-03
8.714648e-03
1.148003e-02
2.635782e-02
3.281846e-02
1.007398e-02
8.587556e-03
2.209438e-02
9.289354e-03
1.404356e-03
-3.997000e-03
5.894893e-04
-3.883556e-03
1.623357e-03
-3.565513e-02
8.293430e-03
-1.464584e-03
-1.185431e-02
-1.197633e-02
4.857163e-03
8.750234e-03
-8.459352e-03
1.486380e-03
5.922270e-03
7.603907e-03
-8.653737e-03
-6.811823e-03
-1.773536e-04
8.609457e-03
-2.316342e-02
-1.411380e-03
7.805644e-03
7.477268e-03
-1.868029e-02
-3.913017e-03
-1.682064e-02
-1.849783e-02
-1.679988e-02
-1.004677e-02
-3.418916e-02
-2.000000e-01
-7.171600e-03
-1.743344e-02
-2.805461e-02
-2.000000e-01
4.515212e-02
4.522725e-02
