1.186421e-02
2.680174e-02
1.385099e-02
1.574721e-02
2.004628e-02
2.157784e-02
7.350128e-03
1.639343e-02
1.209640e-02
4.933262e-03
-1.270843e-02
-8.491758e-03
-2.819895e-03
5.353213e-02
-3.113649e-02
1.973365e-03
-2.221660e-03
1.905625e-03
3.375820e-03
4.841974e-03
1.808620e-04
8.351147e-03
4.366651e-03
9.947001e-03
-1.228740e-03
4.231801e-04
-4.498728e-03
-1.379215e-03
-1.544914e-02
-6.629619e-03
-6.863014e-03
-5.864074e-03
1.319995e-03
1.187927e-02
-3.356741e-03
4.136648e-03
3.107930e-03
1.357733e-02
-2.197424e-03
-7.567854e-05
-1.216877e-03
-7.958677e-03
-9.264504e-03
-7.588263e-03
-1.224799e-02
-1.441531e-02
-8.978206e-03
-2.764170e-02
-1.940169e-02
-8.353032e-03
7.171911e-02
2.005905e-02
