1.445884e-02
1.923944e-02
1.145470e-02
2.622120e-02
1.833729e-02
1.753913e-02
7.580273e-03
2.131877e-02
7.379324e-03
1.237241e-02
-6.713486e-03
1.020148e-02
-3.454383e-03
-7.250426e-03
2.409553e-03
1.044718e-03
3.960551e-03
8.296569e-03
8.393354e-03
-5.561975e-04
-3.512475e-03
-1.045371e-02
-3.978436e-04
3.398352e-03
6.122858e-03
-4.204409e-03
2.223458e-03
-9.775258e-03
5.376784e-03
-3.007427e-03
-2.696837e-03
3.520506e-03
2.301878e-03
-6.248747e-03
9.801116e-03
4.406998e-04
-1.270453e-02
3.787772e-03
-9.694896e-04
-5.899670e-03
-8.124400e-03
-1.881255e-02
-1.693312e-02
-7.538409e-03
-2.290866e-02
-9.635558e-03
-9.987629e-03
-2.574269e-02
-6.555514e-04
-1.026169e-02
8.128532e-02
9.131185e-02
