5.942960e-03
2.002837e-02
2.410197e-02
3.387707e-02
1.368978e-02
2.102058e-02
1.434420e-02
1.304595e-02
2.051275e-02
1.737581e-02
-7.517121e-03
-2.789161e-03
-8.362871e-03
1.706549e-02
-1.208869e-02
1.436050e-03
-8.495835e-03
5.053028e-03
1.038633e-02
6.630100e-03
-1.829025e-05
-2.024892e-02
-9.790604e-03
-2.171444e-03
-1.452644e-03
3.202958e-03
-4.551790e-03
1.412329e-03
2.536527e-03
-1.169100e-02
2.901598e-03
1.644540e-03
4.494037e-03
-4.750964e-03
2.574416e-03
-1.408851e-03
-2.216566e-02
1.027087e-02
-1.138374e-02
-5.615652e-03
-2.259092e-02
-2.062128e-02
-1.980480e-02
-2.052069e-02
-1.908198e-02
-1.351743e-02
-3.995117e-02
-1.319257e-02
-3.757056e-02
-2.500988e-02
7.676434e-02
8.489016e-02
