7.082700e-03
2.159342e-02
1.825521e-02
2.679994e-02
7.095242e-03
1.256710e-02
2.301270e-02
2.878357e-02
2.096257e-02
1.999541e-02
-9.363600e-03
-7.083714e-03
9.180281e-03
4.558373e-03
-3.478236e-03
4.461681e-03
1.082689e-02
-8.449637e-03
-1.149572e-03
-5.242541e-03
-3.835925e-03
-4.771267e-03
6.563983e-04
-2.084933e-03
-2.584211e-02
4.095125e-03
3.200418e-03
6.022555e-03
-5.852590e-03
2.526403e-03
-1.676283e-02
-1.182936e-02
-1.027085e-02
-1.002574e-02
3.578518e-03
-4.209056e-03
-3.094150e-03
-9.086939e-03
-3.752559e-03
-7.754018e-03
-1.765846e-02
-3.628796e-03
-1.315498e-02
-7.322781e-03
-2.744416e-02
-1.956297e-02
-6.224924e-03
-3.094448e-02
-4.337548e-02
-4.740164e-02
6.444760e-02
7.728720e-02
