9.687965e-03
2.655509e-02
1.471336e-02
1.597520e-02
2.034843e-02
2.102194e-02
1.327858e-03
1.733352e-02
1.275339e-02
2.395195e-03
-1.554715e-02
-9.625876e-03
-3.790782e-03
5.363564e-02
-2.523130e-02
1.786831e-03
-3.992388e-03
1.103059e-03
2.567514e-03
8.014825e-03
-1.080843e-03
8.905701e-03
5.004348e-03
1.027807e-02
-4.080555e-04
2.727391e-04
-3.948081e-03
-7.551916e-03
-1.136157e-02
-6.077685e-03
-7.450828e-03
-6.649248e-03
1.412651e-03
1.128161e-02
-3.102143e-03
4.790123e-03
3.410341e-03
1.769947e-02
-2.175203e-03
4.256947e-03
-1.740570e-03
-7.703252e-03
-1.120822e-02
-8.922230e-03
-1.162637e-02
-1.811862e-02
-6.517226e-03
-3.156677e-02
-1.909028e-02
-9.813246e-03
7.306453e-02
1.898034e-02
