1.127035e-02
2.140672e-02
2.775777e-02
2.747787e-02
9.009302e-03
1.171692e-02
2.517126e-02
3.047833e-02
1.393677e-02
2.149001e-02
-1.221561e-02
-2.085456e-03
4.324517e-03
7.611681e-03
9.012225e-03
-8.771115e-04
3.790256e-03
-2.088122e-02
-1.679972e-02
-9.784920e-03
-1.377141e-02
-6.352700e-03
5.893163e-03
-4.244473e-04
-1.071724e-02
6.379429e-04
1.498254e-02
1.183039e-02
1.070677e-02
6.163726e-04
-1.693258e-02
-2.339838e-02
-2.644543e-02
-1.220025e-02
3.176959e-03
-4.663111e-03
-5.745925e-03
-8.158430e-03
-6.495014e-03
-1.473792e-02
-2.179031e-02
-1.271765e-02
-2.314021e-02
-3.743166e-02
-2.106411e-02
-1.146254e-02
-5.874010e-03
-1.187214e-02
-2.529763e-02
-2.863519e-02
4.974286e-02
6.495308e-02
