1.711172e-02
2.605825e-02
2.807312e-02
1.300055e-02
2.298874e-02
1.019597e-02
1.219886e-02
7.985089e-03
1.000182e-02
1.615804e-02
-4.088781e-03
9.163311e-03
-3.110072e-03
-9.686559e-03
-9.061051e-03
-2.020788e-03
3.740150e-03
-1.206576e-02
-1.868839e-02
-2.175409e-02
3.379451e-03
-1.109713e-02
5.366277e-03
-1.088295e-04
-7.686975e-03
-6.563454e-04
7.501797e-04
-6.399249e-03
1.294844e-03
-1.003774e-02
1.398626e-02
3.348640e-03
-3.725490e-03
2.907185e-03
-1.220256e-02
-6.256126e-03
-1.216807e-02
-9.035842e-03
-5.362087e-02
9.826332e-03
-1.717189e-02
-1.706370e-02
-1.173457e-02
-5.726844e-03
-1.288450e-02
-1.955656e-02
-1.223673e-02
-1.904034e-02
-1.832210e-02
-1.599958e-02
2.315276e-02
5.764177e-02
