1.493456e-02
2.412504e-02
1.753951e-02
1.898663e-02
2.196661e-02
1.276682e-02
1.998436e-02
1.548880e-02
1.573527e-02
1.370553e-02
1.080152e-02
1.737924e-02
-6.491137e-03
5.793017e-04
-7.272673e-03
-1.598459e-02
-1.214630e-02
-5.423179e-03
-4.713724e-03
-5.244476e-03
-8.542039e-03
4.656797e-03
1.803671e-03
4.365164e-03
-5.979507e-03
7.008696e-03
2.906169e-03
-1.327752e-02
9.664267e-03
2.928837e-03
5.979343e-03
2.551577e-03
9.627211e-03
1.302205e-03
-4.673634e-03
5.089606e-03
-4.207757e-04
-1.003203e-02
-2.888311e-02
-8.683356e-03
-2.111467e-02
-7.175757e-03
-1.772069e-02
-1.223204e-02
-1.345020e-02
-1.320704e-02
-1.235493e-02
-1.866896e-02
-3.337624e-02
-2.044550e-02
7.693964e-02
6.756448e-02
