1.121861e-02
2.561941e-02
2.012297e-02
2.086434e-02
2.215717e-02
2.450958e-02
-4.979577e-03
3.378239e-03
2.053982e-02
1.910420e-02
-1.181148e-02
-1.919844e-02
-6.615539e-03
5.266509e-02
-3.113926e-02
9.293351e-03
1.425465e-03
9.512639e-03
6.976579e-03
1.326683e-04
1.123238e-02
1.262168e-02
7.344638e-03
-7.728658e-03
6.141345e-03
-8.310661e-03
-9.779033e-03
-1.180868e-02
-1.769834e-02
-2.246753e-03
-2.013299e-03
-1.476596e-02
-9.212333e-03
9.777600e-03
-6.217188e-03
1.661839e-02
1.419598e-03
2.428569e-02
-9.258666e-03
-6.151900e-03
-1.315305e-02
1.837334e-03
-5.270736e-03
6.075478e-03
6.225540e-03
-1.001423e-02
-2.383439e-02
-3.337854e-02
-2.037146e-02
-2.777587e-03
3.345171e-02
5.665094e-03
