3.927207e-03
2.216805e-02
2.351266e-02
2.960596e-02
2.120079e-02
2.452595e-02
1.332183e-02
1.315307e-02
2.410923e-02
1.141862e-02
-1.685589e-02
-2.995221e-04
-1.660753e-02
1.413025e-02
-3.167309e-02
-4.280441e-04
-1.200181e-02
6.015071e-03
9.057053e-03
-6.058732e-03
-4.305439e-03
-2.615129e-02
-1.027153e-02
-7.910744e-03
6.066106e-04
3.090956e-03
-6.643031e-03
4.229189e-03
4.702151e-03
-1.196352e-02
-5.706060e-03
2.963112e-03
5.727290e-03
-1.275583e-04
5.434589e-03
-2.253153e-02
-1.873451e-02
7.537653e-03
-2.377884e-03
-8.653945e-03
-1.302411e-02
-3.203707e-02
-1.604938e-02
-1.945500e-02
-3.966518e-02
-2.076126e-02
-4.837278e-02
-2.297550e-02
-2.624656e-02
-3.011305e-02
5.121246e-02
6.680891e-02
