1.858804e-02
3.268928e-02
2.512061e-02
1.991199e-02
1.538039e-02
9.938607e-03
1.873721e-02
1.190641e-02
1.410781e-02
1.988350e-02
-5.327743e-03
3.040551e-03
6.035298e-03
-5.393366e-03
-3.718384e-03
-1.104854e-02
4.548588e-03
-1.661267e-02
-1.000656e-02
-2.617498e-02
-5.185864e-04
-2.364825e-03
7.973014e-03
8.172384e-05
5.673623e-03
-3.011967e-03
4.195129e-03
-4.481546e-03
5.815201e-04
-2.599666e-02
1.189013e-02
-1.505132e-03
5.416150e-04
-3.994083e-03
-7.225139e-03
-8.380405e-03
-2.261723e-03
-5.843966e-03
-6.979584e-02
1.197072e-02
-1.894254e-02
-1.688003e-02
-1.333591e-02
-1.651893e-02
-7.479300e-03
-2.378978e-02
-7.802464e-03
-1.606719e-02
-2.400845e-02
-1.778199e-02
6.195102e-02
6.945584e-02
