6.649014e-03
1.985306e-02
1.931886e-02
3.528634e-02
1.240744e-02
2.193380e-02
1.618252e-02
1.304061e-02
2.324932e-02
1.720409e-02
-1.048802e-02
1.880672e-03
-7.894930e-03
1.120892e-02
-2.958594e-02
-7.761567e-04
-8.944690e-03
7.335697e-03
1.162450e-02
4.551686e-03
2.022657e-03
-2.131203e-02
-1.167763e-02
2.936994e-03
-5.843573e-04
6.279415e-03
-6.678395e-03
2.598219e-06
3.097447e-03
-1.259274e-02
1.757316e-03
1.285265e-03
4.353802e-03
-2.653383e-03
4.377303e-03
-3.165897e-03
-2.088116e-02
7.591635e-03
-1.264879e-02
-3.284085e-03
-2.691963e-02
-2.359683e-02
-1.725027e-02
-2.429044e-02
-2.192781e-02
-1.042988e-02
-4.453382e-02
-1.204612e-02
-4.190462e-02
-3.010859e-02
8.046439e-02
8.804857e-02
