1.893752e-02
1.340003e-02
1.530715e-02
1.949694e-02
2.578741e-02
1.443345e-02
1.424963e-02
1.323675e-02
1.821872e-02
1.455171e-02
-7.341539e-03
-1.220777e-02
-8.022808e-03
-1.336346e-02
1.290825e-02
-2.277972e-02
-1.311019e-02
3.553765e-03
-1.186388e-02
3.464700e-03
1.683458e-04
-9.267381e-03
-1.357004e-02
4.677899e-03
5.886071e-03
-4.467801e-03
-6.935082e-03
4.553580e-03
1.309258e-02
3.820944e-03
-1.181366e-02
-2.566016e-04
-1.193913e-02
-9.732765e-03
5.685787e-03
-2.721151e-02
-2.388400e-02
-1.399198e-02
-1.837394e-02
-3.510696e-03
-1.903791e-02
-1.832863e-02
-1.392205e-02
-9.506903e-03
-3.043550e-02
-1.830721e-02
-1.796914e-02
-3.472193e-02
-2.223470e-02
-1.920769e-02
8.388665e-02
9.736320e-02
