1.221028e-02
2.248155e-02
1.386269e-02
1.736559e-02
1.830482e-02
1.832881e-02
5.543004e-03
1.287749e-02
9.222427e-03
7.305536e-03
-1.705133e-02
-8.863423e-03
-5.101997e-03
5.380742e-02
-3.331763e-02
2.500971e-03
-4.076404e-03
3.369540e-03
1.281064e-03
4.031896e-03
-8.922481e-04
7.798313e-03
4.748561e-03
7.707371e-03
2.441426e-04
-3.120002e-03
-3.114948e-03
-1.149601e-03
-1.839794e-02
-6.980452e-03
-1.051432e-02
-6.187832e-03
-1.287315e-03
7.758832e-03
-5.765448e-03
1.274579e-03
4.482278e-04
1.100604e-02
-3.419596e-03
2.880346e-04
-4.152003e-03
-6.558485e-03
-8.352068e-03
-5.800693e-03
-1.005709e-02
-1.846110e-02
-1.163285e-02
-2.638131e-02
-2.420213e-02
-1.024233e-02
3.731441e-02
1.924230e-04
