1.726222e-02
2.151956e-02
1.425514e-02
1.267880e-02
1.971415e-02
1.180717e-02
1.379846e-02
1.662617e-02
2.417618e-02
3.082145e-02
5.599394e-03
5.220591e-03
8.386997e-03
5.460365e-03
5.719016e-03
-2.963837e-03
2.652856e-03
-5.178264e-03
4.428024e-03
-2.352120e-02
-2.145574e-02
-1.802738e-03
-7.491353e-03
-6.001499e-03
1.166374e-02
1.222193e-02
-1.009977e-02
-5.582120e-03
4.740796e-03
3.825928e-04
-9.964586e-03
1.845965e-03
1.687825e-04
1.371122e-03
-7.005124e-03
-2.176491e-03
1.013430e-02
7.538661e-03
-1.387452e-02
-5.946662e-03
-1.264068e-02
-2.971403e-02
-9.302588e-03
-1.586121e-03
-2.726939e-02
-5.287838e-02
-6.763683e-03
-1.728584e-02
-2.194246e-02
-1.213764e-02
8.386901e-02
8.394165e-02
