1.173239e-02
2.786119e-02
1.523111e-02
1.545706e-02
1.926520e-02
2.109515e-02
2.878702e-03
1.726858e-02
1.025393e-02
7.042848e-03
-1.397992e-02
-9.733808e-03
-5.004436e-03
5.882583e-02
-2.288004e-02
2.716974e-03
-3.459722e-03
6.462792e-04
2.873676e-03
2.580440e-03
-2.633971e-04
8.967364e-03
3.689114e-03
9.975789e-03
7.685563e-04
-5.052291e-04
-5.424519e-03
3.535813e-03
-1.221271e-02
-4.031004e-03
-5.635733e-03
-8.977864e-03
3.829831e-03
7.410662e-03
-2.478687e-03
3.154826e-03
4.727037e-03
1.641261e-02
-2.019871e-03
-8.293448e-04
-4.698749e-03
-8.776721e-03
-1.107275e-02
-1.053748e-02
-1.281668e-02
-1.764677e-02
-1.319595e-02
-2.563926e-02
-1.910162e-02
-1.065530e-02
6.924274e-02
1.813037e-02
