6.788888e-03
1.929841e-02
2.522683e-02
3.479389e-02
1.352558e-02
2.210678e-02
1.518356e-02
1.337891e-02
2.223996e-02
1.748271e-02
-8.493922e-03
-4.481560e-03
-7.801542e-03
1.755091e-02
-2.024195e-02
3.039912e-03
-8.858696e-03
6.584008e-03
1.205060e-02
6.847075e-03
-1.839232e-03
-1.934097e-02
-1.143844e-02
-4.415228e-03
-2.665536e-03
2.644353e-03
-3.066448e-03
7.198559e-04
4.614603e-03
-1.050338e-02
1.973305e-03
1.181719e-03
4.287074e-03
-5.443183e-03
1.621704e-03
1.806993e-03
-2.796483e-02
9.824036e-03
-9.789994e-03
-6.003432e-03
-2.003345e-02
-2.273273e-02
-1.876312e-02
-2.120393e-02
-2.239895e-02
-1.518577e-02
-5.062330e-02
-1.475054e-02
-2.915277e-02
-3.366633e-02
7.393531e-02
7.703098e-02
