1.641288e-02
2.105527e-02
1.254200e-02
2.593071e-02
1.796372e-02
1.570882e-02
6.331557e-03
1.984952e-02
6.968359e-03
1.354146e-02
-5.380376e-03
9.488356e-03
-1.705362e-03
-4.958311e-03
3.388087e-03
2.232028e-03
3.794209e-03
8.483790e-03
8.544160e-03
-1.349078e-03
-4.186742e-03
-6.669111e-03
-4.779983e-04
1.366421e-03
6.371737e-03
-7.031292e-03
3.536163e-03
-8.950391e-03
3.404441e-03
-2.213325e-03
-2.210611e-03
2.362980e-03
2.755243e-03
-4.715870e-03
7.875759e-03
1.666688e-03
-1.355277e-02
4.915319e-03
-6.502611e-04
-5.090420e-03
-7.868708e-03
-1.958339e-02
-1.529848e-02
-1.308169e-02
-2.140276e-02
-8.802477e-03
-1.040258e-02
-2.653269e-02
1.602563e-03
-9.349687e-03
8.352729e-02
9.401301e-02
