1.790985e-02
2.606174e-02
1.882524e-02
1.998957e-02
1.951506e-02
1.324138e-02
1.875604e-02
1.668152e-02
1.693526e-02
1.240561e-02
8.272971e-03
1.433936e-02
-1.173728e-02
-9.339452e-04
-6.500123e-03
-1.209126e-02
-8.460067e-03
-5.628662e-03
-7.225515e-03
-6.762627e-03
-7.192573e-03
4.665492e-03
5.267720e-04
4.110920e-03
-4.430246e-03
6.779652e-03
1.567776e-03
-4.740969e-03
8.157522e-03
4.582485e-03
5.138003e-03
2.156921e-03
8.456771e-03
3.271268e-03
-7.438397e-03
4.462219e-03
-4.543523e-04
-9.234653e-03
-1.827447e-02
-1.105909e-02
-1.084336e-02
-7.281732e-03
-1.967104e-02
-1.452496e-02
-2.396592e-02
-1.064126e-02
-8.283553e-03
-1.993053e-02
-2.708794e-02
-2.092927e-02
9.155472e-02
7.832225e-02
