1.014182e-02
1.963924e-02
2.493656e-02
2.520352e-02
7.594971e-03
7.254409e-03
2.424167e-02
2.656494e-02
2.095553e-02
2.348266e-02
-1.322402e-02
-3.387925e-03
2.873174e-03
1.644369e-02
1.476347e-03
2.871190e-03
6.952638e-03
-1.448551e-02
-2.932562e-03
-5.821792e-03
-8.218192e-03
-8.864619e-03
-3.634665e-04
-3.465666e-03
-1.817085e-02
3.329471e-03
2.855877e-03
5.395959e-03
-7.902941e-04
3.572635e-03
-9.604454e-03
-1.314590e-02
-1.342454e-02
-1.536279e-02
2.706677e-03
5.753215e-03
-7.316574e-03
-1.371336e-02
-2.926177e-03
-1.246737e-02
-1.993265e-02
-3.298534e-03
-1.228427e-02
-2.690209e-02
-3.051865e-02
-1.290710e-02
-9.491189e-03
-2.915771e-02
-1.625710e-02
-1.856889e-02
9.413685e-02
7.319954e-02
