1.756360e-02
2.634035e-02
2.358920e-02
1.716932e-02
1.848710e-02
9.754918e-03
1.652013e-02
6.597329e-03
1.446727e-02
1.879323e-02
-3.449170e-03
2.981767e-03
-1.480599e-03
-4.195328e-03
-4.375805e-03
-8.991156e-03
4.581702e-03
-1.444185e-02
-1.379004e-02
-2.106693e-02
5.045696e-03
-5.053716e-03
4.409417e-03
2.587977e-04
-1.308499e-03
-3.274334e-03
3.173633e-03
-5.653584e-03
2.790764e-03
-2.203293e-02
1.145923e-02
6.928230e-03
-2.061451e-03
1.280103e-03
-1.462929e-02
-2.936628e-03
-7.385329e-03
-7.380755e-03
-6.564554e-02
7.804037e-03
-1.352978e-02
-2.243921e-02
-1.565481e-02
-7.294660e-03
-1.011057e-02
-2.140527e-02
-6.408470e-03
-1.260835e-02
-1.952467e-02
-1.579128e-02
7.148282e-02
6.476606e-02
