1.052431e-02
3.466600e-02
1.702926e-02
1.421148e-02
2.135186e-02
2.082214e-02
1.676157e-02
1.644812e-02
1.358931e-02
2.677585e-03
-6.235407e-03
-8.497767e-03
-1.924200e-03
4.797494e-02
-1.092745e-02
3.256760e-03
-3.616297e-03
5.638900e-03
-5.633340e-04
7.148406e-03
-3.513417e-04
7.046854e-03
6.072689e-03
9.237178e-03
-9.562519e-04
2.054532e-03
-3.800577e-03
1.053123e-03
-2.898440e-02
-2.168269e-03
-7.064472e-03
-5.453791e-03
2.135280e-03
8.988124e-03
-3.513272e-03
7.441823e-03
3.544585e-03
7.704430e-03
8.519529e-05
9.971460e-04
-7.331074e-03
-6.135761e-03
-8.608276e-03
-1.124065e-02
-1.207224e-02
-1.926291e-02
-1.358378e-02
-2.077670e-02
-1.974765e-02
-1.130852e-02
6.576660e-02
2.549004e-02
