1.697444e-02
2.151522e-02
1.337084e-02
1.150870e-02
2.111235e-02
1.233145e-02
1.242562e-02
1.718308e-02
2.456474e-02
3.096407e-02
5.266946e-03
4.806085e-03
8.405381e-03
5.479607e-03
5.584353e-03
-3.200270e-03
3.130363e-03
-4.243387e-03
5.044217e-03
-2.341309e-02
-2.196772e-02
-5.618801e-04
-6.316277e-03
-6.437157e-03
1.174725e-02
1.191486e-02
-1.110676e-02
-4.650443e-03
5.158356e-03
6.523788e-04
-9.465804e-03
1.748954e-03
-1.020217e-04
1.881556e-03
-7.635440e-03
-1.157536e-03
8.094982e-03
6.828040e-03
-1.582960e-02
-4.785875e-03
-1.238728e-02
-2.958909e-02
-1.140529e-02
-6.229233e-03
-2.619244e-02
-4.970974e-02
-6.239835e-03
-1.852918e-02
-2.262149e-02
-1.023237e-02
8.234143e-02
8.219543e-02
