2.364711e-02
2.916786e-02
1.934513e-02
2.151102e-02
1.857187e-02
1.565302e-02
1.610813e-02
1.688670e-02
1.955349e-02
1.118852e-02
1.046203e-02
2.919130e-02
-1.612861e-02
4.440397e-03
-6.677566e-03
-1.593641e-02
-1.067453e-02
-8.396295e-03
-8.482002e-03
-1.816979e-03
-1.499610e-02
9.783998e-03
4.170868e-03
-1.235867e-04
-2.891059e-03
7.863304e-03
-1.557451e-04
-1.968838e-03
6.652187e-03
1.605390e-03
5.355251e-03
8.756880e-03
9.251371e-03
3.465492e-03
-7.692702e-03
6.057307e-03
-2.857456e-03
-7.663857e-03
-2.115803e-02
-2.036746e-02
-1.833760e-02
-8.712335e-03
-1.974250e-02
-1.658676e-02
-2.526740e-02
-1.172206e-02
-7.136272e-03
-2.458494e-02
-3.145057e-02
-2.676287e-02
7.547781e-02
8.947467e-02
