5.870275e-03
2.018918e-02
2.420308e-02
3.319931e-02
1.333230e-02
2.059300e-02
1.393631e-02
1.299952e-02
2.033223e-02
1.673961e-02
-7.227776e-03
-2.522645e-03
-9.596279e-03
1.809984e-02
-1.127503e-02
1.830416e-03
-8.431788e-03
5.126968e-03
1.017050e-02
6.517746e-03
4.023090e-04
-2.043056e-02
-9.864492e-03
-2.688089e-03
-1.233046e-03
3.297653e-03
-4.427511e-03
1.563191e-03
2.434581e-03
-1.108631e-02
2.490571e-03
1.757980e-03
4.173192e-03
-4.729943e-03
2.641834e-03
-3.465022e-03
-2.254694e-02
1.003222e-02
-1.096843e-02
-5.464083e-03
-2.236471e-02
-2.029814e-02
-2.094735e-02
-2.028860e-02
-1.806227e-02
-1.435570e-02
-3.986600e-02
-1.311614e-02
-3.715825e-02
-2.334080e-02
7.096706e-02
8.101136e-02
