1.301175e-02
2.903396e-02
1.951309e-02
1.498256e-02
2.189474e-02
1.946447e-02
1.550749e-02
1.581156e-02
1.670520e-02
1.399658e-04
-9.533635e-03
-7.692080e-03
-1.916176e-03
3.251446e-02
-1.249701e-03
-4.312154e-03
-1.951940e-03
8.881480e-03
1.056803e-03
6.876065e-03
-1.809011e-03
5.481520e-03
5.254053e-03
1.400521e-02
-3.748010e-03
-1.147530e-03
-3.986180e-03
1.311550e-03
-2.664886e-02
-4.117055e-03
-7.066447e-03
-6.706246e-03
2.648392e-03
1.088651e-02
-1.948405e-03
4.020640e-03
3.764383e-03
6.768971e-03
-1.827230e-03
4.521132e-03
-2.934718e-03
-4.582073e-03
-7.887460e-03
-1.042446e-02
-1.552339e-02
-2.643602e-02
-9.863695e-03
-2.866004e-02
-1.983819e-02
-4.147519e-03
6.885995e-02
3.405791e-02
