1.848150e-02
9.804377e-03
2.495173e-02
1.460392e-02
1.054670e-02
1.376825e-02
1.522864e-02
2.366250e-02
1.998979e-02
1.859445e-02
-1.150143e-02
-2.415018e-03
-1.240572e-03
1.198694e-02
-2.229798e-02
-1.877945e-02
1.105077e-03
2.372296e-03
-2.116742e-02
-2.072074e-02
-2.600030e-02
-8.785833e-03
-3.873048e-03
1.423433e-03
-9.282957e-03
4.946200e-03
-1.721475e-03
-3.467097e-02
-2.596668e-04
-3.247009e-02
4.345983e-03
-4.878577e-03
-3.002466e-03
-1.924843e-02
1.062184e-03
-2.621407e-02
-8.710772e-03
-6.334693e-03
4.506260e-03
-1.195954e-02
-1.450951e-02
-1.780143e-02
-1.844646e-02
-1.763612e-02
-4.643083e-02
-1.978657e-02
-1.832578e-02
-1.531547e-02
-2.051879e-02
-3.441119e-03
8.929385e-02
6.525695e-02
