1.708965e-02
2.164566e-02
1.333955e-02
2.760034e-02
1.774223e-02
1.702395e-02
6.655922e-03
1.838965e-02
7.389730e-03
1.654753e-02
-1.071645e-03
1.076080e-02
3.697782e-03
-4.215191e-03
5.185348e-03
1.417793e-03
1.289145e-04
9.282135e-03
7.310697e-03
-2.418637e-04
-1.962726e-03
-7.498896e-03
-2.033168e-03
7.337307e-04
6.184282e-03
-7.116055e-03
2.930574e-03
-6.954779e-03
-2.847322e-04
-2.736391e-04
-4.981385e-03
2.895675e-03
2.101287e-03
-6.136373e-03
7.697972e-03
3.169225e-03
-2.271333e-02
4.855049e-03
1.911532e-03
-4.083883e-03
-9.151086e-03
-2.464284e-02
-1.661525e-02
-1.302119e-02
-2.474460e-02
-7.105394e-03
-1.043765e-02
-2.234122e-02
-1.471631e-03
-1.281398e-02
7.989244e-02
8.689614e-02
