1.698338e-02
2.194542e-02
1.390489e-02
1.111804e-02
2.191506e-02
1.260736e-02
1.172840e-02
1.686949e-02
2.609100e-02
3.089724e-02
5.047261e-03
5.259441e-03
8.499507e-03
5.385049e-03
4.885833e-03
-4.477047e-03
4.452092e-03
-2.555698e-03
4.065358e-03
-2.690917e-02
-2.620669e-02
3.477551e-04
-4.427481e-03
-8.035909e-03
1.452375e-02
1.275580e-02
-9.654762e-03
-2.306788e-03
3.554932e-03
6.882095e-04
-1.023087e-02
1.472678e-03
5.790280e-04
1.267063e-03
-1.046995e-02
-3.384731e-04
9.385077e-03
8.145910e-03
-1.959671e-02
-5.828564e-03
-1.320277e-02
-2.926016e-02
-1.160139e-02
-4.487445e-03
-2.776653e-02
-5.015482e-02
-6.316644e-03
-2.142028e-02
-2.466748e-02
-1.181067e-02
8.588597e-02
8.003222e-02
