1.096458e-02
2.877743e-02
1.404854e-02
1.619096e-02
1.994286e-02
2.087297e-02
6.489032e-03
1.646971e-02
1.184461e-02
5.172036e-03
-1.469915e-02
-8.872468e-03
-2.750408e-03
5.458963e-02
-2.819524e-02
1.864274e-03
-2.370309e-03
1.435109e-03
3.402704e-03
5.739770e-03
-1.168154e-04
8.484166e-03
4.597934e-03
9.875832e-03
-5.664910e-05
3.823173e-04
-4.383628e-03
-6.915352e-04
-1.306355e-02
-5.168429e-03
-5.581270e-03
-6.508901e-03
1.580702e-03
9.831941e-03
-2.902466e-03
3.417824e-03
2.733937e-03
1.364916e-02
-1.907115e-03
1.084854e-03
-3.140734e-03
-7.197826e-03
-9.770293e-03
-8.885933e-03
-1.184493e-02
-1.648979e-02
-1.083637e-02
-2.828196e-02
-1.609826e-02
-8.644110e-03
7.049292e-02
2.071547e-02
