6.574818e-03
1.973143e-02
1.797721e-02
2.708137e-02
8.485108e-03
8.599239e-03
2.088223e-02
2.648946e-02
2.707284e-02
1.749844e-02
-4.952467e-03
-7.563278e-03
1.102951e-02
3.942065e-03
1.125772e-03
-2.411891e-03
3.238469e-03
-1.520797e-02
-1.543086e-03
-1.288127e-02
-1.643253e-02
-7.827882e-03
5.958805e-05
-4.664832e-04
-2.317486e-02
-2.517914e-03
6.979285e-03
5.009326e-03
2.407996e-03
-1.251173e-05
-2.779821e-02
-1.210555e-02
-2.442477e-02
-1.700526e-02
3.775971e-03
3.199838e-03
-6.406262e-03
-6.366208e-03
-2.365432e-03
-1.105445e-02
-1.610155e-02
-1.487654e-02
-1.778052e-02
-5.381631e-02
-5.932451e-02
-2.575616e-02
-1.790538e-02
-3.043873e-02
-4.512606e-02
-5.571472e-02
8.495534e-02
9.228512e-02
