1.989227e-02
9.980831e-03
2.538076e-02
1.636355e-02
2.225178e-02
5.253696e-03
1.538456e-02
8.151009e-03
1.415987e-02
2.334742e-02
-1.272361e-02
-6.359252e-03
-1.310268e-03
5.235091e-03
-4.442456e-03
3.827953e-03
3.070343e-03
1.052910e-02
3.938743e-03
5.586898e-03
1.303121e-02
1.542433e-03
2.832072e-03
2.019765e-03
3.844770e-03
4.595332e-03
-5.284321e-03
1.205312e-02
-2.534777e-03
-2.612050e-02
-4.975885e-03
-1.026308e-02
1.115287e-02
-2.208980e-02
-2.633377e-03
-2.866207e-03
1.566769e-02
-4.943231e-03
-1.298764e-02
-4.248174e-03
1.327170e-03
-5.633171e-03
-9.672345e-03
-1.510884e-02
-2.356077e-02
-2.625312e-02
-9.328375e-03
-9.861084e-03
-1.501082e-02
-9.691931e-03
8.748034e-02
7.474302e-02
