1.614482e-02
2.862782e-02
2.378342e-02
1.858394e-02
1.825056e-02
1.002767e-02
1.834425e-02
5.925820e-03
1.414854e-02
1.916102e-02
-2.043561e-03
1.738841e-03
-5.641486e-04
-4.236020e-03
-5.964639e-03
-8.872284e-03
4.214768e-03
-1.448182e-02
-1.048726e-02
-1.946601e-02
5.378335e-03
-5.018781e-03
4.235698e-03
7.528260e-04
-9.127058e-04
-4.488324e-03
3.910611e-03
-2.106901e-03
4.157035e-03
-2.229171e-02
1.551816e-02
5.717261e-03
2.465866e-04
1.422388e-03
-1.121658e-02
-2.806201e-03
-5.268410e-03
-8.602493e-03
-4.169223e-02
7.873150e-03
-1.248877e-02
-2.200479e-02
-1.559718e-02
-8.219536e-03
-1.083441e-02
-2.325029e-02
-5.162962e-03
-1.230222e-02
-1.984801e-02
-1.605482e-02
8.119791e-02
6.812442e-02
