2.147783e-02
4.099578e-03
8.027172e-03
1.580401e-02
2.095425e-02
1.596525e-02
2.265724e-02
1.416710e-02
1.627025e-02
1.925570e-02
-1.638275e-02
-1.148620e-02
-1.050297e-02
-8.107602e-03
5.916684e-03
-4.381857e-02
-1.775137e-02
-4.760181e-03
-1.532238e-02
1.961059e-03
-2.063434e-03
-1.111973e-02
-9.544225e-03
3.058624e-03
7.237413e-03
-8.302481e-03
-8.912533e-03
3.079581e-03
3.920965e-03
3.651266e-03
-1.688429e-02
-5.444761e-03
-1.135587e-02
-6.261946e-03
3.505275e-03
-2.303363e-02
-4.652379e-02
-3.024302e-02
-3.230542e-02
-1.636406e-03
-1.438130e-02
-1.954602e-02
-3.409148e-02
-1.909674e-02
-3.622161e-02
-1.195200e-02
-1.857678e-02
-5.155320e-02
-3.667306e-02
-3.440662e-02
5.923548e-02
6.027330e-02
