1.674500e-02
9.001785e-03
1.966061e-02
1.490496e-02
2.128521e-02
1.335016e-02
1.773415e-02
5.250733e-03
1.533031e-02
1.177876e-02
-1.059879e-02
-6.137063e-03
-1.117941e-03
5.602650e-03
-4.079614e-03
2.916144e-03
5.591502e-03
1.048789e-02
3.649078e-03
1.366942e-03
9.218573e-03
2.194746e-03
3.515001e-03
2.632827e-03
5.195203e-03
1.652752e-03
-4.716446e-04
7.565644e-03
-3.118244e-03
-1.603510e-02
-1.379938e-03
-1.511580e-02
9.368464e-03
-3.300069e-02
1.568093e-03
-1.890902e-03
1.294790e-02
-1.775755e-02
-1.035105e-02
-1.693960e-03
3.394440e-03
2.343204e-03
-8.361048e-03
-2.190844e-02
-1.708966e-02
-2.899540e-02
-5.586750e-03
-8.729307e-03
-1.950028e-02
-1.048996e-02
7.968464e-02
7.288389e-02
