1.778876e-02
1.033063e-02
1.213928e-02
1.725150e-02
2.446133e-02
1.484891e-02
1.565904e-02
1.287587e-02
1.765698e-02
1.470341e-02
-9.951011e-03
-1.500121e-02
-7.490698e-03
-1.561079e-02
1.262760e-02
-2.512004e-02
-1.364412e-02
5.067389e-03
-1.252849e-02
3.141007e-03
1.206140e-03
-7.435719e-03
-1.274795e-02
1.316534e-03
5.836400e-03
-4.396929e-03
-8.144579e-03
5.479537e-03
1.133670e-02
3.073041e-03
-1.171869e-02
-6.962247e-04
-1.192360e-02
-8.341342e-03
3.629407e-03
-2.435024e-02
-2.369226e-02
-1.234230e-02
-2.164127e-02
-2.532921e-03
-1.652270e-02
-2.049903e-02
-1.549903e-02
-1.026395e-02
-2.921313e-02
-2.056507e-02
-1.864241e-02
-3.365318e-02
-2.212428e-02
-1.841013e-02
7.752542e-02
8.880951e-02
