6.380596e-03
1.771292e-02
2.527532e-02
3.061125e-02
6.812390e-03
1.177573e-02
2.250791e-02
2.475348e-02
1.948296e-02
1.647173e-02
-1.065473e-02
-4.158713e-03
9.577775e-03
1.441518e-02
1.826965e-03
1.666464e-03
8.316572e-04
-6.020830e-03
-4.407182e-03
-2.622163e-03
-6.760693e-03
-5.411837e-03
5.024660e-04
2.782959e-04
-1.695578e-02
3.859655e-03
4.909957e-03
4.203846e-03
-3.639448e-03
2.939444e-03
-1.619443e-02
-1.391252e-02
-1.525228e-02
-9.716149e-03
2.057879e-03
-2.683842e-03
-5.855778e-03
-9.557869e-03
3.777883e-04
-8.034049e-03
-1.867644e-02
-1.032983e-02
-1.454018e-02
-3.053660e-02
-2.604089e-02
-2.153618e-02
-9.134602e-03
-2.437630e-02
-3.121068e-02
-2.472821e-02
6.683767e-02
7.657881e-02
