1.663679e-02
2.141833e-02
1.398044e-02
1.189741e-02
2.082022e-02
1.232894e-02
1.236047e-02
1.745994e-02
2.422399e-02
3.063172e-02
5.210175e-03
4.454869e-03
7.420194e-03
5.982487e-03
5.461344e-03
-3.046454e-03
2.977620e-03
-4.759125e-03
5.078668e-03
-2.446446e-02
-2.227547e-02
-6.293252e-04
-5.588920e-03
-6.413373e-03
1.158713e-02
1.147822e-02
-1.126579e-02
-5.063268e-03
5.175472e-03
5.061558e-04
-8.636324e-03
1.088557e-03
7.363488e-05
1.959149e-03
-7.439591e-03
-1.017402e-03
8.257907e-03
6.146390e-03
-1.567222e-02
-5.197167e-03
-1.281243e-02
-3.011095e-02
-1.172639e-02
-6.550103e-03
-2.613079e-02
-5.017920e-02
-6.508551e-03
-1.922559e-02
-2.153221e-02
-1.017138e-02
7.799921e-02
7.940918e-02
