1.808884e-02
2.902591e-02
2.964815e-02
1.661552e-02
1.780942e-02
1.093157e-02
8.504355e-03
8.552073e-03
9.203018e-03
2.801912e-02
-7.419189e-03
1.799171e-02
-1.904871e-04
-1.189073e-02
-5.211551e-03
-6.777348e-03
1.004278e-02
-1.729965e-03
-4.483352e-02
-1.919363e-02
7.366408e-03
-7.076796e-03
1.556973e-02
-1.032567e-02
-9.058265e-03
-2.433647e-03
5.287642e-03
-2.075550e-03
5.753398e-03
-2.009670e-02
-4.751414e-03
1.018002e-02
-9.685379e-04
-8.540761e-03
-3.840615e-02
2.646949e-03
-1.198953e-02
-1.447123e-02
-2.000000e-01
6.184191e-03
-1.544356e-02
-2.397633e-02
-1.349000e-02
-7.755754e-03
-9.559982e-03
-6.362392e-02
-1.314668e-02
-1.822513e-02
-2.180725e-02
-1.527936e-02
1.853698e-02
9.879765e-02
