1.636338e-02
1.406302e-02
1.180016e-02
7.399293e-03
9.301266e-03
1.577075e-02
2.250279e-02
1.971016e-02
7.739375e-03
1.467216e-02
3.508278e-03
1.283980e-02
1.523647e-03
4.892557e-03
-1.109328e-02
-3.235701e-03
3.225639e-03
4.978407e-03
-2.582751e-03
-3.267960e-04
2.677641e-03
3.535598e-04
-9.917639e-03
-7.689492e-03
-3.383475e-03
1.977775e-03
-1.692984e-02
-7.836251e-04
-1.493703e-02
-2.360608e-03
-1.959413e-03
2.003832e-03
-3.551854e-03
6.058072e-03
4.595840e-03
2.366373e-03
-1.311142e-03
1.694314e-02
1.209751e-02
2.247298e-03
-1.994345e-02
-2.252405e-02
-2.343961e-02
-3.252351e-02
-9.343840e-03
-1.522016e-02
-7.235116e-03
-1.046933e-02
-7.295161e-03
-1.931123e-02
9.391853e-02
6.429958e-02
