9.884429e-03
3.925974e-02
1.204263e-02
1.395694e-02
2.508153e-02
1.751647e-02
3.572760e-03
1.266125e-02
1.843067e-02
3.802708e-03
-1.457223e-02
-4.100755e-03
-9.319057e-03
6.627276e-02
-2.508381e-02
9.156855e-03
-4.254508e-04
4.810627e-03
9.227770e-03
7.819070e-03
1.007684e-02
1.078156e-02
4.374536e-03
5.548156e-03
5.120854e-03
-1.204385e-03
5.255131e-04
-9.532319e-03
-1.793905e-02
-1.080834e-03
-7.309165e-03
7.166530e-05
-1.185570e-03
1.085803e-02
-4.409436e-03
4.929148e-03
7.019544e-03
2.295055e-02
-8.104800e-05
2.293295e-03
3.655240e-03
-1.012168e-02
-8.420549e-03
-2.236381e-03
-7.063180e-03
-1.866997e-02
-1.844180e-02
-2.443742e-02
-2.066247e-02
-1.483222e-02
6.888024e-02
1.277276e-02
