1.739368e-02
1.564943e-02
1.334424e-02
9.833193e-03
9.382664e-03
1.511388e-02
2.316300e-02
1.915274e-02
6.853705e-03
1.550522e-02
8.369444e-04
1.330476e-02
2.647266e-03
6.967858e-03
-1.110528e-02
-3.810271e-03
2.814873e-03
5.471061e-03
-1.941206e-03
-6.526657e-05
3.850420e-03
4.380886e-04
-7.751926e-03
-8.430480e-03
-3.801788e-03
1.295434e-03
-1.831951e-02
-2.037940e-03
-1.154268e-02
-3.904817e-03
-5.193403e-04
2.331820e-04
-4.936215e-03
4.901238e-03
4.407302e-03
2.393502e-03
-2.461568e-03
1.748911e-02
1.169300e-02
2.329581e-03
-1.951306e-02
-2.224234e-02
-2.412071e-02
-3.214816e-02
-8.169010e-03
-1.620440e-02
-6.559054e-03
-1.091200e-02
-7.202355e-03
-2.076895e-02
9.818322e-02
6.450152e-02
