2.013773e-02
2.290272e-02
1.171970e-02
1.046477e-02
2.281024e-02
1.280551e-02
1.081711e-02
1.787157e-02
2.603070e-02
3.460775e-02
7.331605e-03
6.231799e-03
7.603867e-03
4.796530e-03
5.953025e-03
-4.172148e-03
4.064718e-03
-2.660909e-03
6.173260e-03
-3.047257e-02
-2.465621e-02
2.342906e-05
-5.259329e-03
-8.549110e-03
1.550665e-02
1.136769e-02
-1.488634e-02
-4.936170e-03
4.115196e-03
-3.412630e-04
-9.009433e-03
-7.811176e-05
1.097320e-03
2.186532e-03
-1.390409e-02
-2.805882e-03
1.023999e-02
7.695135e-03
-1.986036e-02
-4.132130e-03
-1.541735e-02
-3.181066e-02
-1.943979e-02
-2.715011e-03
-3.835611e-02
-7.928065e-02
-5.939789e-03
-2.587859e-02
-2.394618e-02
-9.995613e-03
8.749798e-02
8.998769e-02
