1.648084e-02
2.119026e-02
1.306492e-02
2.593367e-02
1.764383e-02
1.541717e-02
5.972673e-03
1.965653e-02
6.801929e-03
1.414412e-02
-2.997289e-03
9.437254e-03
1.407449e-04
-4.099442e-03
3.882986e-03
2.084003e-03
3.030636e-03
1.041698e-02
6.768387e-03
-6.285041e-04
-3.874082e-03
-7.340197e-03
-8.075654e-04
1.514649e-03
7.129326e-03
-6.605450e-03
2.804092e-03
-7.958447e-03
3.872143e-03
-1.672404e-03
-1.763644e-03
2.410477e-03
2.294163e-03
-5.693141e-03
7.437528e-03
1.883949e-03
-1.532435e-02
4.718940e-03
-9.313071e-04
-5.288992e-03
-7.226253e-03
-2.220823e-02
-1.373838e-02
-1.250152e-02
-2.194529e-02
-9.524258e-03
-1.020640e-02
-2.341864e-02
2.468206e-03
-8.380614e-03
8.179147e-02
9.077328e-02
