1.304823e-02
2.115077e-02
1.510394e-02
1.112646e-02
2.298980e-02
1.203764e-02
-2.094459e-03
7.284912e-03
1.455919e-02
1.053363e-02
-7.926694e-03
-7.001539e-03
-2.220972e-02
6.520927e-02
-2.928665e-02
1.641980e-02
6.417770e-03
4.178007e-03
1.761350e-02
9.767635e-04
1.053407e-02
1.135301e-02
4.478290e-04
4.952657e-03
-2.607227e-03
-1.103208e-02
6.566715e-03
-2.301995e-02
-3.246071e-02
3.010279e-03
-2.964632e-02
7.968221e-03
4.873152e-05
1.757068e-02
2.327521e-03
7.594630e-03
1.170066e-02
3.368413e-02
2.230237e-03
4.153111e-04
-6.461480e-03
-1.932992e-02
-5.297431e-03
-9.277721e-03
-3.738186e-02
-6.891137e-02
-4.885843e-02
-3.673767e-02
-2.107335e-02
-2.783619e-02
7.815947e-02
1.880927e-02
