2.283160e-02
9.752695e-03
2.094936e-02
1.390656e-02
1.952956e-02
7.637524e-03
1.652939e-02
6.222874e-03
1.500798e-02
1.940682e-02
-1.111333e-02
-5.896395e-03
-7.431291e-04
7.363025e-03
-4.041685e-03
2.141309e-03
2.828387e-03
7.383260e-03
2.810661e-03
6.596808e-03
9.452664e-03
1.848631e-03
7.155103e-04
1.729735e-03
2.675605e-03
5.425624e-04
-3.696433e-03
8.704559e-03
-3.574423e-03
-1.424130e-02
-3.963271e-03
-8.515158e-03
7.579585e-03
-2.257103e-02
-1.574074e-03
-1.638576e-03
1.019368e-02
-1.113607e-02
-7.835357e-03
-3.583606e-03
2.747139e-03
-4.366217e-03
-1.137011e-02
-1.252902e-02
-1.907120e-02
-2.057851e-02
-7.321767e-03
-7.930343e-03
-1.691907e-02
-7.624183e-03
8.699243e-02
7.738147e-02
