1.758048e-02
1.406639e-02
1.394170e-02
2.017976e-02
2.676884e-02
1.444566e-02
1.652699e-02
1.189831e-02
1.884943e-02
1.686298e-02
-8.613192e-03
-1.792949e-02
-7.630087e-03
-1.318978e-02
1.363797e-02
-2.308515e-02
-1.417343e-02
1.122546e-02
-1.330718e-02
4.615371e-03
1.303471e-03
-1.208267e-02
-1.829570e-02
5.835450e-04
4.048608e-03
-5.201220e-03
-6.551353e-03
4.136889e-03
1.538450e-02
4.363049e-03
-1.292399e-02
-9.587844e-05
-1.360398e-02
-7.621855e-03
1.637549e-03
-2.534856e-02
-2.825161e-02
-6.997554e-03
-3.080275e-02
-1.476714e-04
-1.893416e-02
-1.858002e-02
-1.474250e-02
-1.060670e-02
-3.694997e-02
-1.921582e-02
-1.784428e-02
-4.166681e-02
-1.599846e-02
-2.119235e-02
8.337229e-02
9.037658e-02
