1.544865e-02
2.664295e-02
1.690213e-02
1.637467e-02
2.073378e-02
1.058749e-02
2.080296e-02
1.588667e-02
1.591952e-02
1.424568e-02
7.179875e-03
2.337809e-02
-1.211873e-02
3.143365e-04
-5.723993e-03
-5.450613e-03
-1.084619e-02
-9.273643e-03
-7.860442e-03
-5.098540e-03
-1.081993e-02
3.886621e-03
-2.435525e-03
3.549698e-03
-7.144323e-03
6.797412e-03
-5.853309e-04
-2.627678e-03
7.646376e-03
5.152500e-03
5.749580e-03
1.512420e-03
7.872918e-03
3.616720e-03
-1.696620e-03
2.709508e-03
-1.080780e-03
-9.626706e-03
-2.123537e-02
-1.013103e-02
-1.477014e-02
-9.184570e-03
-1.823417e-02
-1.177844e-02
-2.808762e-02
-1.246643e-02
-9.706685e-03
-1.808398e-02
-4.630761e-02
-2.192204e-02
7.532077e-02
8.705352e-02
