1.611302e-02
2.468870e-02
1.851417e-02
1.504389e-02
2.089197e-02
1.383218e-02
1.970328e-02
1.630003e-02
1.605175e-02
1.203789e-02
1.069011e-02
1.621021e-02
-9.209997e-03
2.722847e-04
-7.250255e-03
-1.158298e-02
-8.736826e-03
-5.662597e-03
-4.876144e-03
-5.718244e-03
-7.810014e-03
5.059246e-03
5.170357e-04
3.471012e-03
-5.595147e-03
6.237177e-03
1.884165e-03
-8.823171e-03
7.895212e-03
2.916654e-03
5.262243e-03
3.803970e-03
9.493235e-03
2.631646e-03
-5.837040e-03
5.853407e-03
-1.130511e-03
-9.540329e-03
-2.311045e-02
-1.031896e-02
-1.309847e-02
-6.488720e-03
-1.979587e-02
-1.413871e-02
-2.387143e-02
-1.009950e-02
-9.971218e-03
-1.930906e-02
-2.764849e-02
-2.118113e-02
9.669577e-02
7.962716e-02
