1.749571e-02
2.178591e-02
1.367500e-02
2.593912e-02
1.803053e-02
1.672372e-02
5.436541e-03
1.908944e-02
7.957077e-03
1.441788e-02
-3.509001e-03
8.689723e-03
-4.354936e-03
-6.279493e-03
2.325122e-03
2.233281e-03
2.958699e-03
9.779482e-03
5.770868e-03
-1.319973e-03
-4.103590e-03
-6.848620e-03
-2.868347e-03
1.708981e-03
6.627643e-03
-7.629314e-03
4.251966e-03
-7.028555e-03
2.990678e-03
-2.789563e-03
-2.080026e-03
2.431580e-03
2.298365e-03
-6.205760e-03
6.985541e-03
1.410879e-03
-1.163626e-02
6.284719e-03
-9.541704e-05
-4.610059e-03
-8.209592e-03
-2.099264e-02
-1.189454e-02
-1.269133e-02
-2.286445e-02
-8.752093e-03
-1.030821e-02
-2.559052e-02
4.165143e-03
-8.650041e-03
8.216989e-02
9.443056e-02
