1.370437e-02
1.628179e-02
2.036777e-02
1.710743e-02
1.322711e-02
1.341411e-02
1.680053e-02
1.601821e-02
1.592560e-02
1.551704e-02
-2.184168e-02
-4.611643e-03
1.793864e-03
3.328729e-03
-1.469536e-02
-2.024385e-02
-4.272923e-03
-3.451375e-03
-2.463541e-02
-4.218152e-02
-9.541121e-03
-3.103456e-03
-3.757281e-03
1.506792e-03
-1.373498e-02
2.897874e-03
-5.576996e-03
-4.304488e-02
-1.746349e-03
-4.117447e-02
-1.220488e-03
-2.516310e-03
-4.454773e-03
-2.864037e-02
-2.305832e-04
-4.356534e-02
-1.665287e-02
-5.486922e-03
1.446307e-03
-1.064267e-02
-1.852706e-02
-1.199550e-02
-5.885518e-03
-2.190069e-02
-4.981547e-02
-2.005084e-02
-1.090564e-02
-1.725418e-02
-1.705074e-02
-1.212286e-02
7.050047e-02
3.526573e-02
