2.537883e-02
8.550187e-03
1.931907e-02
1.344469e-02
1.883338e-02
9.906838e-03
1.567290e-02
1.213885e-02
1.479802e-02
2.109617e-02
-9.653791e-03
-7.375468e-03
-3.814537e-03
1.093812e-02
2.617161e-05
4.146627e-03
1.911458e-03
9.225743e-03
2.343405e-03
3.321576e-03
7.426718e-03
3.164961e-03
2.351593e-04
2.003336e-03
-8.381313e-06
-3.077468e-04
-4.108070e-03
6.871833e-03
-5.227484e-03
-1.138023e-02
-2.917375e-03
-1.148312e-02
8.282594e-03
-2.134286e-02
-2.950868e-03
7.786335e-04
1.195358e-02
-1.890140e-02
-6.773369e-03
-9.633468e-04
3.457888e-03
-3.595661e-03
-8.761312e-03
-1.325333e-02
-8.135763e-03
-1.907872e-02
-4.653889e-03
-6.429752e-03
-2.215599e-02
-7.703888e-03
6.588555e-02
6.993917e-02
