1.645352e-02
2.185097e-02
1.220154e-02
2.282447e-02
1.805520e-02
1.735204e-02
5.591302e-03
1.905755e-02
7.089782e-03
1.297283e-02
-5.005012e-03
9.584746e-03
-2.737471e-03
-6.446253e-03
5.708405e-03
2.430412e-03
4.399951e-03
1.130769e-02
7.302408e-03
-1.835251e-03
-4.847736e-03
-4.923113e-03
-1.696695e-03
-1.394288e-04
6.136377e-03
-8.192449e-03
3.677334e-03
-8.798515e-03
2.070684e-03
-2.689179e-03
-2.839314e-03
1.403988e-04
3.675003e-03
-4.979637e-03
7.337481e-03
2.580211e-03
-1.401020e-02
5.600249e-03
-1.360006e-04
-5.397589e-03
-6.694460e-03
-2.163085e-02
-1.473559e-02
-7.830689e-03
-2.213145e-02
-1.101817e-02
-9.835888e-03
-1.749024e-02
5.526536e-03
-6.284910e-03
8.144906e-02
9.340223e-02
