1.815210e-02
1.090020e-02
1.223506e-02
1.706803e-02
2.796461e-02
1.337505e-02
1.369710e-02
1.231680e-02
1.666752e-02
1.459606e-02
-9.696437e-03
-1.234933e-02
-7.412168e-03
-1.663348e-02
1.144058e-02
-2.345422e-02
-1.468182e-02
3.662559e-03
-1.204762e-02
3.821515e-03
1.766188e-03
-8.489205e-03
-1.336494e-02
1.974799e-03
7.103447e-03
-3.907246e-03
-7.116365e-03
4.436623e-03
1.180364e-02
5.238596e-03
-1.156214e-02
6.291532e-04
-1.100661e-02
-8.270506e-03
3.563576e-03
-2.701887e-02
-2.403773e-02
-1.526332e-02
-1.889223e-02
-4.370583e-03
-1.652461e-02
-1.803986e-02
-1.456722e-02
-1.015898e-02
-3.144461e-02
-1.828028e-02
-1.804669e-02
-3.447937e-02
-2.194400e-02
-2.005325e-02
8.831120e-02
9.624191e-02
