1.196376e-02
1.116560e-02
2.432197e-02
1.580496e-02
1.164045e-02
1.485679e-02
1.560854e-02
2.575141e-02
1.876983e-02
1.692670e-02
-1.029414e-02
-2.568772e-03
3.475227e-03
1.889404e-02
-2.443684e-02
-1.770580e-02
-1.605998e-03
3.994482e-04
-2.546695e-02
-1.637711e-02
-1.225532e-02
-8.321724e-03
-3.395406e-03
1.440076e-03
-9.468326e-03
2.859247e-03
-3.692675e-03
-3.469596e-02
2.432359e-03
-2.269029e-02
3.954373e-03
-4.081984e-03
-2.421934e-03
-1.853595e-02
1.431926e-03
-2.358292e-02
-1.153821e-02
-6.376548e-03
5.311218e-03
-6.307345e-03
-1.505729e-02
-2.060657e-02
-1.902505e-02
-1.855732e-02
-5.208929e-02
-2.177823e-02
-1.643075e-02
-1.785908e-02
-1.368398e-02
-4.277227e-03
1.116950e-01
7.410152e-02
