1.615679e-02
2.104906e-02
1.278901e-02
2.585854e-02
1.760282e-02
1.552665e-02
6.090379e-03
1.961980e-02
7.021748e-03
1.395803e-02
-3.218198e-03
9.299416e-03
2.711648e-04
-4.143656e-03
3.834580e-03
1.973109e-03
2.936475e-03
1.049846e-02
6.422448e-03
-6.769297e-04
-3.656425e-03
-7.401044e-03
-1.034484e-03
1.182868e-03
7.192995e-03
-6.419972e-03
2.615604e-03
-8.214704e-03
3.928152e-03
-1.737652e-03
-2.088805e-03
2.531792e-03
1.978368e-03
-5.703666e-03
7.560082e-03
1.681174e-03
-1.534039e-02
4.760196e-03
-8.554892e-04
-5.199533e-03
-7.190858e-03
-2.250331e-02
-1.330130e-02
-1.238465e-02
-2.175614e-02
-9.795374e-03
-1.040742e-02
-2.364655e-02
2.286036e-03
-8.613384e-03
8.172114e-02
9.027861e-02
