1.564433e-02
1.267104e-02
1.135652e-02
6.101836e-03
9.574384e-03
1.598822e-02
2.087076e-02
1.918425e-02
7.768593e-03
1.388044e-02
2.737872e-03
1.288618e-02
1.887624e-03
4.563164e-03
-1.313300e-02
-3.187048e-03
2.809197e-03
4.173420e-03
-1.914363e-03
-1.600201e-03
1.934541e-03
4.835934e-04
-1.445703e-02
-6.729159e-03
-3.429391e-03
2.166848e-03
-1.767191e-02
-8.491995e-04
-1.454027e-02
-1.679316e-03
-2.528404e-03
2.331587e-03
-3.632353e-03
5.756462e-03
5.025673e-03
1.675528e-03
-2.802692e-03
1.584011e-02
1.237842e-02
2.106407e-03
-1.963740e-02
-2.641725e-02
-2.347418e-02
-3.226086e-02
-1.064022e-02
-1.507271e-02
-6.956884e-03
-1.044876e-02
-7.665167e-03
-1.982569e-02
8.126746e-02
5.798315e-02
