1.145951e-02
2.651453e-02
1.390398e-02
1.548932e-02
1.951317e-02
1.935605e-02
7.162453e-03
1.581877e-02
1.105183e-02
5.118931e-03
-1.350155e-02
-9.377121e-03
-3.088105e-03
5.441042e-02
-3.044158e-02
1.500329e-03
-1.993342e-03
1.160484e-03
2.090718e-03
5.149925e-03
-2.889257e-05
8.006074e-03
4.679184e-03
1.028869e-02
-1.258500e-03
2.173283e-04
-5.003405e-03
-8.767524e-04
-1.540935e-02
-4.444905e-03
-4.047302e-03
-6.023008e-03
1.396006e-04
9.201969e-03
-1.515727e-03
3.342359e-03
2.847770e-03
1.296563e-02
-2.114660e-03
8.680431e-04
-3.751168e-03
-7.233181e-03
-9.051702e-03
-9.349174e-03
-1.377368e-02
-1.846478e-02
-1.130319e-02
-2.479514e-02
-1.625859e-02
-8.838914e-03
6.075151e-02
1.743365e-02
