1.880104e-02
3.307808e-02
2.049536e-02
1.883462e-02
2.018536e-02
1.162944e-02
1.621366e-02
1.007731e-02
1.476402e-02
1.896903e-02
-5.224712e-03
3.902952e-03
8.259003e-03
-7.473735e-04
-4.630830e-03
-4.195666e-03
4.248684e-03
-1.747572e-02
-1.400518e-02
-2.309598e-02
3.427451e-03
-5.673727e-03
8.072068e-03
-2.860235e-04
1.496175e-03
-2.685034e-03
4.103827e-03
-4.514996e-03
3.003963e-03
-2.002525e-02
1.168896e-02
2.161981e-03
-8.947992e-04
-2.071209e-03
-2.440279e-03
-6.378744e-03
-4.590854e-03
-7.390877e-03
-5.819078e-02
1.293420e-02
-1.611691e-02
-1.964029e-02
-1.286832e-02
-9.382044e-03
-1.003042e-02
-2.070961e-02
-7.267067e-03
-1.386780e-02
-2.062285e-02
-1.795839e-02
9.534676e-02
7.442206e-02
