1.771161e-02
1.099233e-02
1.129236e-02
1.779898e-03
9.387515e-03
1.571847e-02
1.958847e-02
2.013865e-02
8.478251e-03
1.261657e-02
1.087883e-04
1.173638e-02
2.011743e-03
3.180664e-03
-1.555257e-02
-7.036826e-03
5.163891e-03
5.543302e-03
-2.377322e-03
-2.000190e-03
2.529455e-03
3.846326e-03
-2.357146e-02
-6.156517e-03
-4.459165e-03
3.330363e-04
-2.936820e-02
-4.048799e-04
-1.397943e-02
-3.182339e-04
-9.494973e-04
3.661251e-03
-3.432027e-03
7.030866e-03
3.960872e-03
2.475738e-03
-1.422890e-03
1.465130e-02
1.246734e-02
-5.708018e-04
-2.258356e-02
-3.061224e-02
-2.206792e-02
-3.185442e-02
-1.050636e-02
-2.169899e-02
-9.654366e-03
-6.050402e-03
-1.445546e-02
-2.135896e-02
7.863078e-02
5.971973e-02
