1.689352e-02
1.018809e-02
1.555841e-02
1.393146e-02
1.789308e-02
2.736813e-03
1.393874e-02
2.112775e-03
1.250933e-02
1.218333e-02
-1.334510e-02
-6.712918e-03
-7.110945e-03
1.230798e-02
-2.870413e-03
3.445951e-03
-9.366761e-04
7.531366e-03
2.329133e-03
3.909344e-03
8.760097e-03
-3.093119e-04
-8.947314e-04
5.912906e-04
-6.795214e-03
-4.266878e-04
8.343220e-04
1.082019e-02
-5.541291e-03
-1.138716e-02
-2.588989e-03
-1.533460e-02
3.689075e-03
-2.508348e-02
-1.269786e-04
-4.368029e-03
6.661507e-03
-1.278933e-02
-9.151346e-03
-5.200700e-03
2.828837e-03
-4.877508e-03
-1.281211e-02
-1.161735e-02
-1.621940e-02
-1.858691e-02
-7.935541e-03
-6.039585e-03
-1.254363e-02
-8.854086e-03
5.842215e-02
4.180135e-02
