1.761704e-02
1.767365e-02
1.416921e-02
9.420896e-03
8.023962e-03
1.394464e-02
2.483150e-02
1.956148e-02
5.531903e-03
1.603367e-02
1.712697e-03
1.364109e-02
3.846230e-03
6.043794e-03
-1.457266e-02
-2.583798e-03
3.509743e-03
7.195449e-03
-1.535817e-03
2.652317e-04
3.958425e-03
-1.204754e-04
-5.937956e-03
-8.440420e-03
-4.141704e-03
1.609325e-03
-1.713178e-02
-1.308849e-03
-1.373934e-02
-3.495150e-03
-5.875388e-04
-1.519756e-04
-4.912767e-03
3.418013e-03
5.418458e-03
3.198604e-03
-3.636152e-03
1.956280e-02
1.207580e-02
3.553928e-03
-2.017125e-02
-2.456588e-02
-1.933593e-02
-3.155835e-02
-9.829535e-03
-1.876388e-02
-7.632113e-03
-1.053730e-02
-6.962699e-03
-2.048001e-02
9.837799e-02
6.577963e-02
