1.895728e-02
1.066644e-02
1.630627e-02
1.813277e-02
2.223761e-02
1.458197e-02
1.297718e-02
1.314352e-02
1.897343e-02
1.608270e-02
-1.307157e-02
-1.307221e-02
-7.483355e-03
-1.025796e-02
1.030491e-02
-2.621597e-02
-1.839246e-02
3.740475e-04
-8.886434e-03
5.722413e-03
1.484823e-03
-1.584563e-02
-1.829661e-02
2.648575e-03
5.632265e-03
-4.871661e-03
-8.323978e-03
4.043608e-03
1.057839e-02
4.723769e-03
-1.336171e-02
8.613368e-04
-1.558878e-02
-7.504564e-03
5.247800e-03
-2.776673e-02
-3.178564e-02
-1.695390e-02
-2.826191e-02
-5.801057e-03
-1.833874e-02
-1.599284e-02
-1.675755e-02
-1.220317e-02
-2.463569e-02
-1.734942e-02
-2.168832e-02
-3.830787e-02
-2.551645e-02
-2.083044e-02
8.352761e-02
9.782179e-02
