2.464494e-02
4.291202e-02
1.352282e-02
1.422350e-02
2.570892e-02
2.240721e-02
1.685751e-02
1.185940e-02
2.006021e-02
1.825826e-02
3.203969e-03
1.317590e-02
-7.700365e-03
-6.096903e-03
-2.160226e-02
9.637367e-03
4.585324e-03
4.992255e-03
5.584905e-03
-4.634764e-04
-4.278733e-03
-9.240032e-04
-3.419067e-04
3.040010e-03
-4.571433e-03
-4.111501e-03
2.886758e-03
2.679807e-03
5.164126e-03
-6.214460e-03
-3.612441e-03
-5.887601e-04
2.821797e-03
-5.236739e-03
-2.676711e-05
4.556367e-04
-4.315932e-03
7.264490e-03
9.873174e-03
5.411475e-03
-2.542856e-02
-2.594002e-02
-3.243084e-02
-4.578070e-02
-1.232856e-02
-1.202633e-02
-2.374167e-02
-1.325375e-02
-1.702434e-02
7.357121e-04
7.306643e-02
7.762035e-02
