2.153218e-02
3.332211e-02
1.116684e-02
1.414207e-02
2.792059e-02
2.184111e-02
1.576388e-02
1.123372e-02
1.798174e-02
1.984773e-02
4.061049e-03
1.221300e-02
-3.692507e-03
-1.828889e-03
-2.110114e-02
7.567317e-03
3.826938e-03
6.793639e-03
4.642935e-03
-1.566092e-03
-4.509431e-03
-2.384306e-03
1.710364e-03
4.325308e-03
-3.593089e-03
-2.841023e-03
4.155729e-03
3.322533e-03
3.778244e-03
-7.107865e-03
-4.729913e-03
1.112449e-03
3.448859e-03
-3.172219e-03
4.575659e-04
-8.987579e-04
-5.099187e-03
9.386986e-03
1.153159e-02
5.586844e-03
-2.195107e-02
-1.349477e-02
-2.960979e-02
-3.697677e-02
-1.213911e-02
-1.100985e-02
-2.052665e-02
-1.780674e-02
-1.667420e-02
8.572384e-05
9.021373e-02
8.284003e-02
