1.399664e-02
9.208263e-03
1.535072e-03
4.804755e-02
8.144078e-03
1.633418e-02
1.305038e-02
1.670252e-02
2.831788e-02
1.228030e-02
6.255696e-04
-5.410345e-03
1.254459e-03
5.114420e-03
-1.347242e-02
5.547227e-03
-3.021157e-02
8.825749e-05
2.130991e-03
-2.715958e-03
-9.463733e-04
1.298429e-03
-5.378038e-03
2.934881e-03
5.842942e-03
1.620717e-03
-1.164396e-02
1.716153e-03
-5.703537e-03
9.480786e-03
7.054004e-03
-8.315028e-03
-1.469082e-02
-1.927523e-03
4.729812e-03
-3.043110e-04
2.094729e-04
-1.924247e-03
3.281829e-03
-3.961085e-04
-1.912298e-02
-1.728954e-02
-1.450060e-02
-2.922567e-02
-2.877056e-02
-1.918411e-02
-1.206527e-02
-3.055331e-02
-1.985211e-02
-4.336441e-02
5.720540e-02
8.190548e-02
