1.859962e-02
1.445653e-02
1.973020e-02
3.240246e-02
2.073984e-02
1.186022e-02
1.615938e-02
1.640523e-02
1.834865e-02
1.228114e-02
-1.267409e-02
-6.210262e-03
7.574298e-03
1.133283e-02
1.056302e-03
4.842753e-04
2.467007e-03
3.263580e-03
-1.816085e-03
-2.492410e-03
-1.403665e-03
5.828042e-03
-6.339109e-03
-4.849246e-02
6.598135e-03
-1.062125e-02
-1.375534e-02
1.405974e-03
-1.281729e-02
-2.215104e-02
-1.018553e-02
-1.416638e-02
-2.102456e-02
7.290968e-04
-2.830124e-03
5.263847e-04
-2.299823e-02
-2.691986e-02
-1.244396e-03
-1.407365e-02
-7.049402e-02
-4.469980e-03
-2.967637e-02
-2.645561e-02
-5.920823e-02
-2.990487e-02
-5.007340e-02
-7.461141e-03
-3.709022e-02
-1.435068e-02
3.885345e-02
4.181383e-02
