2.159646e-02
1.643190e-02
4.141188e-03
1.061103e-02
1.569944e-02
1.526890e-02
2.295242e-02
1.472813e-02
5.715380e-03
2.325875e-02
-3.700782e-02
-8.434333e-03
3.765025e-03
3.842942e-02
-1.435179e-02
-3.408728e-03
-1.337366e-03
-8.619333e-03
-1.594903e-02
6.504803e-03
-1.511966e-03
-6.076289e-03
-1.231948e-02
6.441014e-03
-1.166348e-02
-2.044397e-02
-9.943669e-03
1.247411e-03
-9.925427e-03
2.027775e-03
7.056685e-03
-2.450822e-02
6.931590e-03
-1.423272e-02
-6.800215e-03
6.254636e-03
-7.195402e-04
-8.041039e-03
-6.329261e-03
1.245044e-02
-2.455118e-02
-9.340553e-03
-7.966039e-03
-2.236911e-02
-1.496431e-02
-1.094664e-02
-3.282198e-02
-3.860903e-03
-1.996015e-02
-9.315647e-03
8.770211e-02
4.426652e-02
