1.813584e-02
2.325093e-02
1.355129e-02
1.463972e-02
1.737028e-02
2.036063e-02
2.019145e-02
1.791423e-02
4.854278e-03
1.556896e-02
-1.458560e-02
3.599494e-03
7.692713e-03
1.016699e-03
7.307108e-04
5.074157e-03
-3.967537e-03
-1.298538e-02
5.706552e-03
-2.726671e-03
-1.193454e-02
-7.502925e-03
3.046374e-03
-4.372150e-02
-1.984379e-03
1.244648e-03
-6.347117e-04
-3.228918e-04
-2.465449e-02
-1.724184e-03
2.654028e-03
-3.307452e-03
6.558006e-03
4.527361e-03
-6.986617e-03
7.167321e-03
3.390845e-03
2.216849e-03
-1.593361e-03
1.200178e-03
-1.293828e-02
-4.099751e-02
-1.972422e-02
-2.090682e-02
-1.863132e-02
-4.413454e-03
-3.252580e-02
-2.674154e-02
-1.116014e-03
-1.260199e-02
7.416174e-02
7.417006e-02
