1.963229e-02
1.808038e-02
2.107960e-02
3.062080e-02
1.926741e-02
1.793803e-02
2.017252e-02
1.768720e-02
1.688613e-02
1.640986e-02
-6.898082e-03
1.511206e-03
9.598720e-03
1.629049e-02
3.046313e-03
-8.890835e-04
6.005515e-03
7.893834e-04
-6.590890e-03
-4.883096e-04
-2.567239e-03
3.730080e-03
-3.428891e-03
-4.109452e-02
8.317603e-03
-1.643101e-02
-1.699535e-02
1.681131e-03
-3.951117e-03
-1.936072e-02
-1.685833e-02
-1.268920e-02
-3.312664e-02
3.770954e-03
-7.260967e-03
1.511613e-04
-4.279948e-03
-2.266617e-02
3.179931e-04
-9.603503e-03
-9.036432e-02
2.191622e-03
-3.177316e-02
-2.160229e-02
-2.864967e-02
-3.299739e-02
-3.259040e-02
-7.572130e-03
-2.585881e-02
-1.604894e-02
6.323670e-02
6.411297e-02
