2.110015e-02
3.587741e-02
1.378792e-02
1.437636e-02
2.729109e-02
2.226790e-02
1.601530e-02
1.095924e-02
1.912819e-02
2.082239e-02
2.514660e-03
1.463487e-02
-4.772887e-03
-1.099218e-03
-2.304417e-02
6.375646e-03
2.488235e-03
5.742602e-03
9.720197e-04
-3.161596e-03
-2.996846e-03
-3.043015e-03
1.661512e-03
5.492892e-03
-4.119917e-03
-1.717653e-03
3.590538e-03
2.396836e-03
3.271631e-03
-6.946278e-03
-5.695104e-03
1.207701e-03
3.576305e-03
-3.759050e-03
2.961590e-03
-7.077670e-04
-2.749988e-03
7.039839e-03
7.288103e-03
3.757973e-03
-2.058818e-02
-1.564735e-02
-2.881845e-02
-3.398774e-02
-1.122564e-02
-1.130629e-02
-2.149361e-02
-1.729575e-02
-1.770087e-02
6.987764e-04
8.638467e-02
7.773542e-02
