1.508489e-02
1.054735e-02
-1.983022e-03
3.430305e-02
1.358365e-02
1.536480e-02
1.211858e-02
1.811657e-02
3.093074e-02
1.321707e-02
1.651614e-03
-6.661786e-03
3.187688e-03
5.390236e-03
-1.309826e-02
5.747821e-03
-2.505481e-02
2.111118e-03
2.979458e-03
-1.847682e-03
-6.588439e-04
3.177060e-04
-7.422940e-03
-1.649464e-04
6.161103e-03
1.210568e-03
-8.841929e-03
1.722367e-03
-7.564127e-03
8.907466e-03
9.941860e-03
-7.768291e-03
-1.210701e-02
-9.562506e-04
5.219470e-03
3.061362e-03
-1.024289e-03
-2.719631e-03
7.249595e-03
-5.553875e-04
-1.792151e-02
-1.010430e-02
-1.381677e-02
-3.766754e-02
-3.282987e-02
-1.815456e-02
-1.453886e-02
-3.357419e-02
-1.932325e-02
-5.422495e-02
6.044815e-02
7.967808e-02
