1.894235e-02
1.864833e-02
1.983837e-02
1.153680e-02
9.098095e-03
1.761704e-02
-1.007654e-03
1.115942e-02
1.500720e-02
1.200897e-02
5.505545e-03
2.456243e-03
-7.097166e-03
2.506494e-03
-9.704641e-03
-1.242071e-02
-2.614643e-03
8.734170e-03
9.002449e-03
4.230584e-03
1.365718e-02
-1.363046e-02
2.337047e-03
4.728942e-03
-8.183770e-03
3.665261e-03
6.809948e-03
-4.830390e-03
6.141733e-03
-6.725538e-03
7.296108e-03
-4.206697e-02
6.945525e-03
6.352416e-03
-1.490773e-02
-4.746711e-03
-1.976581e-03
-1.908604e-02
-1.826817e-02
-1.394229e-03
-2.952892e-02
-1.614856e-02
-3.025611e-02
-2.567558e-02
-3.371495e-02
-1.243315e-02
-1.437344e-02
-5.312022e-03
-1.722025e-02
-2.628093e-02
7.686040e-02
6.984705e-02
