1.797485e-02
2.226636e-02
1.142946e-02
1.865410e-02
1.499938e-02
2.050366e-02
1.037230e-02
1.182307e-02
-2.528915e-03
8.349335e-03
-4.363930e-02
4.094334e-03
1.205708e-03
4.049041e-03
1.214932e-03
-2.591625e-03
-1.234970e-03
-9.249935e-03
-1.268691e-03
-1.948977e-03
-9.561157e-04
-5.147180e-03
5.969895e-03
-2.830275e-02
9.976287e-03
-5.141155e-03
-9.377674e-03
2.499771e-03
-8.223976e-03
4.281538e-03
-5.164446e-03
1.627455e-03
-3.898447e-03
-1.074800e-04
-3.706646e-03
-5.146179e-03
-2.721527e-02
-1.015321e-02
-6.240755e-03
3.250678e-03
-4.317947e-02
-6.458661e-03
-1.523825e-02
-4.974654e-02
-2.272752e-02
-1.994548e-02
-1.062755e-02
-3.481495e-02
-3.148697e-02
-1.674721e-02
8.206778e-02
5.441810e-02
