2.196892e-02
1.290217e-02
5.644190e-03
7.424796e-03
2.163669e-02
6.427233e-03
1.493727e-02
2.549517e-02
2.656806e-02
1.820048e-02
-4.047930e-03
-4.752793e-03
-4.527409e-03
-9.197136e-03
8.059678e-03
4.122629e-03
-7.711090e-03
1.002861e-02
-9.263579e-04
-9.921101e-03
-2.360674e-02
1.078908e-03
-6.002940e-03
5.210574e-04
3.505219e-03
-1.072241e-03
-1.251995e-02
1.011397e-03
5.748906e-03
2.839202e-03
3.970759e-03
-3.974429e-04
8.567665e-04
-5.687901e-03
9.839011e-03
-3.318546e-02
-7.660190e-03
-2.210787e-04
9.089419e-03
-2.460970e-03
-4.092307e-02
-2.006710e-02
-1.082575e-03
-3.604994e-02
-2.664103e-02
-3.111216e-02
-1.343337e-02
-2.715418e-02
-3.448731e-02
-3.111669e-02
7.899159e-02
7.520379e-02
