2.181473e-02
1.622902e-02
2.297483e-02
1.043001e-02
6.382977e-03
2.112546e-02
-1.474415e-04
1.326375e-02
1.392574e-02
1.300669e-02
8.399887e-03
3.911812e-03
-8.632220e-04
5.098639e-03
-8.913556e-03
-1.175616e-02
-1.919776e-03
5.333130e-03
7.700643e-03
4.266691e-03
1.359588e-02
-1.738454e-02
3.212080e-03
3.766492e-03
-4.872115e-03
3.953846e-03
6.128297e-03
-5.072642e-03
5.793904e-03
-9.229515e-03
6.457157e-03
-4.384423e-02
8.178881e-03
7.054457e-03
-1.531113e-02
-4.960832e-03
-2.664802e-03
-1.597755e-02
-2.243906e-02
-4.777928e-03
-1.629565e-02
-1.612974e-02
-1.926517e-02
-2.778773e-02
-2.518625e-02
-1.736197e-02
-1.199360e-02
-5.254662e-03
-1.656381e-02
-2.399296e-02
7.952519e-02
7.457730e-02
