1.506996e-02
1.426710e-02
1.879149e-02
1.042739e-02
4.475940e-03
1.705235e-02
1.111090e-03
1.465390e-02
1.083670e-02
1.133927e-02
7.623142e-03
6.286504e-03
4.643655e-03
4.411531e-03
-8.723215e-03
-1.312026e-02
-6.198628e-04
3.073650e-03
8.346168e-03
4.965930e-03
8.280453e-03
-2.757799e-02
-1.255553e-03
4.242581e-03
-1.466144e-02
3.121268e-03
5.156734e-03
-1.018360e-02
4.849003e-03
-1.199934e-02
6.826700e-03
-4.738543e-02
8.532941e-03
4.127221e-03
-1.832100e-02
8.585130e-04
-7.670343e-04
-1.674267e-02
-2.411228e-02
-4.960266e-03
-1.306541e-02
-1.244963e-02
-2.397405e-02
-3.258771e-02
-2.652322e-02
-1.527943e-02
-1.659302e-02
-6.801634e-03
-1.357923e-02
-2.735390e-02
4.751062e-02
5.328524e-02
