2.406876e-02
1.013850e-02
6.792554e-03
3.129725e-03
2.458320e-02
4.940352e-03
1.530861e-02
2.632854e-02
2.939653e-02
1.422929e-02
-7.360766e-03
-9.263065e-03
-2.681721e-03
-1.149513e-02
7.746160e-03
3.291641e-03
-6.973183e-03
1.319641e-02
8.649490e-04
-1.123678e-02
-1.959375e-02
-1.057153e-03
-6.545897e-03
-2.966753e-03
9.762912e-03
2.737912e-03
-1.168710e-02
-2.204779e-03
8.011429e-03
4.151432e-05
6.041524e-03
-1.801872e-03
3.868935e-03
-1.041102e-02
9.203937e-03
-4.164347e-02
-8.473884e-04
-3.442044e-03
1.014857e-02
-1.629839e-03
-4.377873e-02
-2.400778e-02
6.048718e-05
-4.958363e-02
-3.206576e-02
-3.212453e-02
-9.645847e-03
-2.270558e-02
-3.995493e-02
-3.446970e-02
7.994947e-02
8.377459e-02
