1.950088e-02
2.000336e-02
2.181450e-02
1.022753e-02
6.705710e-03
1.840896e-02
6.480661e-04
1.113030e-02
1.500725e-02
1.211961e-02
8.157963e-03
3.499424e-03
-6.269709e-03
3.386966e-03
-7.624815e-03
-1.204699e-02
-1.659333e-03
6.441386e-03
8.908457e-03
4.280055e-03
1.244404e-02
-1.612108e-02
2.360538e-03
4.628615e-03
-4.988965e-03
3.531205e-03
5.381333e-03
-5.499321e-03
5.330744e-03
-6.964845e-03
7.405502e-03
-4.574355e-02
7.360066e-03
5.497998e-03
-1.430902e-02
-3.228232e-03
-1.867163e-03
-1.698444e-02
-1.940796e-02
-3.314830e-03
-2.125762e-02
-1.739484e-02
-2.061591e-02
-2.475271e-02
-2.816212e-02
-1.192034e-02
-1.175052e-02
-3.412037e-03
-1.720942e-02
-2.324596e-02
7.580674e-02
7.100408e-02
