1.833138e-02
2.546648e-02
9.221633e-03
1.308353e-02
2.044211e-02
1.739797e-02
1.662222e-02
1.950113e-02
7.422411e-03
1.696942e-02
-1.584381e-02
-1.954018e-03
1.165018e-02
6.126581e-03
1.227585e-03
1.111671e-02
-8.104956e-03
-1.563928e-02
7.392307e-03
-1.195413e-04
-9.186919e-03
-1.443794e-02
1.680769e-03
-5.395924e-02
-2.711478e-03
3.597939e-03
-2.337336e-03
-1.005680e-03
-2.465292e-02
-5.399374e-03
3.102458e-03
-2.639473e-03
9.531026e-03
4.613257e-03
-9.296614e-03
6.016370e-03
8.221545e-03
1.731754e-03
1.109916e-03
-1.873147e-04
-1.133573e-02
-3.863111e-02
-1.664168e-02
-3.345651e-02
-1.606055e-02
-5.352309e-03
-5.547058e-02
-2.721840e-02
2.236439e-03
-1.138822e-02
7.268735e-02
7.398812e-02
