1.595544e-02
7.446449e-03
7.252547e-03
9.024223e-03
2.563638e-02
5.893274e-03
1.407589e-02
2.803129e-02
3.787544e-02
8.191622e-03
-1.227029e-02
-5.216080e-03
-1.186997e-02
-1.629587e-02
1.223203e-02
3.248536e-03
-8.150521e-03
8.631565e-03
-3.364516e-04
-1.468980e-02
-1.219899e-02
2.330072e-03
-1.551397e-02
-6.417207e-03
1.799199e-03
-4.903999e-03
-8.184175e-03
-1.860802e-03
8.102645e-03
1.169864e-03
4.766827e-03
-9.270615e-03
1.396657e-03
-8.538041e-03
1.094153e-02
-2.321044e-02
-5.265349e-03
-5.681325e-03
1.714309e-02
-3.239955e-04
-4.365714e-02
-2.271337e-02
-3.527158e-03
-2.000000e-01
-5.239745e-02
-4.426849e-02
-5.801468e-03
-2.333385e-02
-4.590650e-02
-3.958131e-02
5.986375e-02
7.297167e-02
