1.390234e-02
9.155494e-03
5.712247e-05
5.382613e-02
7.032310e-03
1.676245e-02
1.333889e-02
1.838234e-02
2.980023e-02
1.195628e-02
1.701046e-03
-2.902802e-03
3.911107e-03
3.908971e-03
-2.055565e-02
4.297466e-03
-2.796855e-02
3.068580e-03
2.571967e-03
-1.035957e-03
-9.238449e-04
1.105137e-03
-7.048431e-03
3.030058e-03
8.649901e-03
-9.534845e-04
-1.162923e-02
6.696158e-04
-2.180075e-03
1.103103e-02
7.186759e-03
-6.396074e-03
-1.978888e-02
9.292920e-04
3.772676e-03
2.597081e-04
-1.301565e-03
-2.900679e-03
7.647291e-03
-5.831802e-04
-2.896654e-02
-1.671161e-02
-1.371471e-02
-2.700393e-02
-2.486209e-02
-2.171868e-02
-1.289619e-02
-2.877629e-02
-2.088130e-02
-3.522918e-02
5.586138e-02
7.798237e-02
