2.050310e-02
5.104291e-02
1.574159e-02
1.964403e-02
1.922909e-02
3.237372e-02
3.686445e-02
2.550473e-02
1.827481e-04
1.895084e-02
-5.321582e-02
-7.606181e-03
1.216991e-02
-2.062391e-05
-1.782626e-03
1.660082e-03
-3.404641e-03
-1.575129e-02
8.325157e-03
-9.121880e-03
-1.184000e-02
-4.171763e-03
1.928632e-02
-4.301459e-02
-5.658506e-03
-1.722051e-03
-3.585164e-03
3.857903e-03
-3.713775e-02
-1.310206e-02
-9.127504e-05
-1.118394e-02
6.876012e-03
-1.827102e-03
-1.091200e-02
1.348048e-02
5.651817e-05
-2.628314e-03
-1.059199e-02
-7.541697e-03
-2.850255e-02
-7.676702e-02
-2.169766e-02
-2.147534e-02
-3.384623e-02
-7.633945e-03
-2.144905e-02
8.172744e-03
2.318999e-02
-4.770950e-02
7.529791e-02
1.019840e-01
