2.082736e-02
1.589640e-02
2.171038e-02
1.334688e-02
3.338440e-04
2.308797e-02
2.408279e-03
1.600474e-02
1.843994e-02
1.130187e-02
9.269505e-03
4.418247e-03
4.260170e-03
8.947429e-03
-1.133122e-02
-1.079022e-02
-2.591696e-04
5.300391e-03
3.445122e-03
3.983128e-03
7.655302e-03
-3.000648e-02
5.468872e-03
1.515704e-02
-1.755900e-02
4.553380e-03
3.548418e-03
-2.503220e-03
4.347394e-03
-8.472536e-03
1.052926e-02
-7.358974e-02
5.819572e-03
-3.014465e-03
-1.508741e-02
9.959646e-03
-1.493925e-03
-2.655026e-02
-2.651170e-02
1.577563e-05
-1.283228e-02
-1.508749e-02
-2.399402e-02
-5.486538e-02
-5.978588e-02
-1.236541e-02
-2.129006e-02
-3.266307e-04
-1.479437e-02
-2.533780e-02
3.865762e-02
5.694666e-02
