1.772850e-02
7.319258e-04
1.477974e-02
1.018538e-02
3.742020e-03
2.060243e-02
5.736269e-03
1.741412e-02
1.897675e-02
3.169131e-02
-4.060044e-03
7.298447e-03
-6.982304e-03
8.767350e-03
6.224349e-03
-9.386948e-03
6.402922e-03
-9.300284e-03
-4.363949e-03
4.298921e-03
-6.937564e-03
-4.040803e-02
-2.456247e-05
-1.310872e-03
-5.437482e-03
-4.554978e-03
-3.422958e-03
1.090823e-02
-9.450439e-03
-1.834041e-03
8.725065e-03
1.540336e-03
-1.078336e-02
9.894279e-03
1.917367e-03
4.600513e-03
7.885293e-03
-8.667940e-03
-1.493626e-02
-8.474910e-03
-3.842813e-03
-1.357776e-02
-9.490052e-03
-1.293612e-02
-1.360791e-02
-2.175714e-02
-2.498268e-02
1.028722e-03
-1.821422e-02
-2.030517e-02
7.479089e-02
8.508036e-02
