2.085149e-02
2.681753e-02
2.480828e-02
1.281233e-02
1.727466e-02
1.840230e-02
1.607014e-02
8.874964e-03
4.842991e-03
2.383120e-02
4.655656e-03
-5.231623e-03
-4.747288e-03
-3.161363e-02
4.665967e-03
9.764206e-04
7.094138e-03
-4.582718e-02
-7.725237e-03
7.637944e-04
2.790036e-04
8.692758e-03
-1.381160e-02
4.187951e-03
4.127278e-03
4.004410e-03
-7.308190e-03
-2.767364e-02
-7.309899e-03
1.370366e-05
7.475965e-03
-1.287112e-02
-1.408393e-02
4.254503e-03
4.701181e-03
-8.890669e-03
4.007258e-03
-4.174375e-03
3.274791e-03
-4.770238e-03
-2.379985e-02
-3.156809e-02
-2.051982e-02
-9.461290e-03
-5.340752e-03
-1.248101e-02
-3.037914e-03
-2.388446e-02
-1.196800e-02
4.661691e-03
7.516654e-02
8.315920e-02
