2.058661e-02
1.617152e-02
3.942248e-03
1.089124e-02
1.519801e-02
1.516026e-02
2.196440e-02
1.516556e-02
6.317376e-03
2.254999e-02
-2.515820e-02
-9.395191e-03
-2.121846e-03
3.654550e-02
-1.961008e-02
-4.453776e-03
-1.609466e-03
-8.061462e-03
-1.016302e-02
3.461811e-03
-2.334683e-03
-5.826707e-03
-1.528284e-02
6.931113e-03
-1.176458e-02
-2.408023e-02
-9.475393e-03
1.849447e-03
-7.206795e-03
2.067253e-03
7.469680e-03
-3.073441e-02
6.247195e-03
-1.339685e-02
-5.465719e-03
6.542020e-03
-1.543751e-03
-1.057785e-02
-7.032900e-03
1.014859e-02
-2.414167e-02
-1.533412e-02
-8.777777e-03
-1.892801e-02
-1.263620e-02
-1.056008e-02
-3.048463e-02
-4.488148e-03
-1.785162e-02
-9.339919e-03
8.333458e-02
4.449936e-02
