1.552353e-02
1.250782e-02
2.240130e-02
2.421179e-02
2.754272e-02
1.292676e-02
1.920649e-02
9.762146e-03
-1.213467e-03
1.561648e-02
1.098292e-02
1.281631e-03
3.628585e-04
-4.722932e-03
-1.390946e-03
-4.610520e-03
-8.392887e-03
5.385126e-04
-2.434419e-02
4.370236e-03
6.520816e-03
7.677625e-03
-4.753623e-03
-1.673019e-03
-2.723205e-03
-6.023296e-03
1.086654e-03
-6.952713e-03
-2.918426e-02
-7.639455e-02
-2.993622e-02
-1.977483e-02
-2.914539e-02
-2.831695e-02
-6.401415e-03
-7.044495e-03
3.699286e-03
-6.034218e-02
-6.416392e-03
1.209793e-02
-3.032008e-02
-1.448120e-02
-1.360667e-02
-1.743334e-03
-2.373895e-02
-3.223903e-02
-1.171512e-02
1.771958e-03
-1.238214e-02
-2.302024e-02
8.801204e-02
9.622130e-02
