1.813856e-02
2.151590e-02
6.715318e-03
6.075801e-03
1.638799e-02
2.065767e-02
1.149543e-02
9.479644e-03
4.093282e-03
7.406381e-03
-3.103255e-02
3.685543e-03
2.906579e-03
3.350417e-03
1.759929e-03
-1.395112e-03
3.018431e-03
5.342146e-03
2.132098e-03
-4.922930e-03
-1.090626e-02
-9.403638e-03
8.081380e-03
-2.721676e-02
1.215802e-02
-5.542084e-03
-1.197220e-02
8.874126e-04
-1.280120e-02
3.659434e-03
4.701762e-05
-1.946838e-05
-6.913502e-03
-5.245505e-04
3.512347e-04
8.844612e-03
-9.935021e-03
-9.005641e-03
-9.570521e-03
2.819056e-03
-2.680798e-02
-8.456683e-04
-2.646265e-02
-2.099862e-02
-7.792746e-03
-1.601155e-02
-9.475703e-03
-3.877590e-02
-9.608778e-03
-6.164111e-03
7.481774e-02
8.199479e-02
