2.593060e-02
2.074293e-02
2.388718e-02
1.456104e-02
4.139061e-03
2.236822e-02
-5.298874e-04
1.172852e-02
1.564942e-02
1.308642e-02
9.746091e-03
1.135786e-03
-8.085351e-03
3.511812e-03
-7.281211e-03
-1.229086e-02
1.238053e-03
7.079602e-03
7.507998e-03
4.764589e-03
1.579312e-02
-1.837084e-02
3.718883e-03
1.698592e-02
-1.009605e-02
4.247619e-03
3.227707e-03
-5.843747e-03
6.612409e-03
-1.078428e-02
1.084147e-02
-5.114167e-02
7.220205e-03
2.864703e-03
-1.197972e-02
3.879077e-03
-2.281621e-03
-1.871072e-02
-2.512431e-02
-1.861247e-03
-1.198333e-02
-1.596159e-02
-2.562200e-02
-2.608553e-02
-4.223655e-02
-1.876776e-02
-1.390564e-02
-2.124424e-03
-1.443397e-02
-2.432478e-02
7.784275e-02
7.690734e-02
