2.026029e-02
3.909582e-03
1.483969e-02
1.421468e-02
4.630087e-03
2.050147e-02
1.420467e-02
1.384449e-02
1.783812e-02
2.297314e-02
-5.072722e-04
3.815657e-03
-7.455984e-03
1.110783e-02
2.341771e-03
-2.101038e-02
6.070576e-03
-6.041014e-03
-4.341807e-03
3.247202e-03
-9.094536e-03
-5.380244e-02
-4.732262e-04
-5.905676e-03
-5.996552e-03
-2.523917e-03
-7.636376e-03
1.494549e-02
-1.394597e-02
-9.910145e-04
5.203117e-03
1.216545e-03
-1.093608e-02
5.084825e-03
4.046105e-03
6.564337e-03
1.619042e-02
-2.055395e-02
-1.795214e-02
-2.852816e-03
-2.887081e-03
-1.095235e-02
-1.602545e-02
-2.947046e-02
-9.496168e-04
-1.679471e-02
-2.363082e-02
1.989797e-03
-3.167521e-02
-1.299081e-02
4.578736e-02
5.636698e-02
