1.640692e-02
2.567558e-02
1.273524e-02
1.247046e-02
1.749176e-02
1.986944e-02
1.921879e-02
1.753885e-02
9.304432e-03
1.316638e-02
-1.335127e-02
-3.847942e-03
7.772957e-03
-3.019655e-03
2.277148e-03
3.154225e-03
-2.661446e-03
-2.558520e-02
3.996058e-03
-1.473736e-02
-1.468949e-02
-7.379030e-03
2.797009e-03
-7.045623e-02
-3.213410e-03
-1.588790e-03
-2.480966e-03
1.734329e-03
-3.385132e-02
-2.218986e-03
1.127699e-02
-1.069273e-02
7.266021e-03
1.471401e-03
-9.349202e-03
8.609481e-03
5.405352e-03
2.708372e-03
2.107321e-03
-1.135409e-02
-1.804765e-02
-5.162690e-02
-1.570262e-02
-1.928424e-02
-2.025521e-02
-1.732831e-02
-5.926954e-02
-1.738298e-02
-2.391191e-03
-1.500335e-02
5.104261e-02
5.658016e-02
