2.046040e-02
2.904662e-02
1.449594e-02
1.237045e-02
3.082480e-02
2.473698e-02
1.251430e-02
8.700157e-03
1.811422e-02
2.126726e-02
4.248629e-04
1.685254e-02
-1.400883e-03
1.194209e-02
-2.653513e-02
9.385836e-03
2.281948e-03
9.358549e-03
-3.033563e-04
-3.048409e-03
-7.195600e-03
-3.702785e-03
3.141264e-03
1.260635e-03
-3.755523e-03
-5.482893e-03
3.168859e-04
3.215753e-03
7.772345e-03
-2.963259e-03
-8.013387e-03
3.273454e-03
5.470569e-03
-4.936964e-03
8.708643e-03
-4.185889e-03
3.528024e-04
1.879528e-04
7.502770e-03
5.169288e-03
-2.052652e-02
-1.550752e-02
-3.179435e-02
-3.385534e-02
-1.384569e-02
-1.784028e-02
-2.587693e-02
-1.446401e-02
-1.749937e-02
-1.830392e-03
8.802814e-02
7.856620e-02
