2.235704e-02
1.285525e-02
7.429497e-03
8.542347e-03
2.243269e-02
7.530180e-03
1.493549e-02
2.579298e-02
2.867561e-02
1.830482e-02
-4.621149e-03
-6.002723e-03
-3.863853e-03
-9.231835e-03
7.383626e-03
4.340684e-03
-7.402922e-03
1.008905e-02
-4.686011e-04
-1.124695e-02
-2.145304e-02
1.179065e-03
-4.548429e-03
7.499990e-04
3.661081e-03
-9.476075e-04
-1.063422e-02
2.895937e-03
4.824803e-03
3.111926e-03
5.910081e-03
-7.207450e-05
-4.529757e-04
-5.039486e-03
1.022295e-02
-3.733089e-02
-7.360394e-03
-1.102634e-03
8.776809e-03
-8.800740e-04
-4.348741e-02
-2.251475e-02
-1.669908e-03
-3.103109e-02
-2.752620e-02
-2.937102e-02
-1.084293e-02
-2.940008e-02
-2.442452e-02
-2.828148e-02
8.615387e-02
8.343344e-02
