2.191500e-02
2.817113e-02
2.129144e-02
1.162719e-02
1.661722e-02
1.856716e-02
1.799076e-02
8.600944e-03
4.514444e-03
2.262625e-02
6.496342e-03
-1.688166e-03
-6.647426e-03
-3.542630e-02
4.690158e-03
-4.207587e-03
6.199654e-03
-3.852883e-02
-4.539425e-03
3.149855e-03
-4.639883e-04
6.962873e-03
-1.264162e-02
1.537251e-03
3.429650e-03
1.996523e-03
-4.822805e-03
-3.509736e-02
-6.100189e-03
7.804784e-04
7.128019e-03
-9.951620e-03
-1.176622e-02
2.942276e-03
2.657220e-03
-1.318853e-02
1.400314e-03
-4.151182e-03
2.358819e-03
-2.117058e-03
-2.286077e-02
-2.393643e-02
-2.029734e-02
-8.369363e-03
-6.516409e-03
-1.759953e-02
-3.547586e-03
-2.888318e-02
-1.403335e-02
7.163836e-03
5.510485e-02
7.581784e-02
