2.329290e-02
3.759465e-02
1.303054e-02
1.498830e-02
2.198635e-02
2.314099e-02
1.273232e-02
1.440957e-02
1.735358e-02
1.592925e-02
2.920895e-03
1.389596e-02
-4.802123e-03
1.443438e-02
-2.496876e-02
7.513103e-03
-2.410995e-04
4.808142e-03
4.993690e-03
-1.259891e-03
1.959036e-03
-2.251940e-03
-1.092692e-03
1.955698e-03
6.345120e-04
-5.393703e-03
2.681087e-03
5.042593e-03
5.422288e-03
-8.932441e-03
-5.910731e-03
2.762790e-03
6.791199e-03
-1.047817e-02
-1.634165e-04
2.668857e-03
-6.142877e-04
-1.798763e-03
7.901299e-03
9.150633e-03
-3.758625e-02
-1.493323e-02
-2.032322e-02
-3.278184e-02
-1.035235e-02
-9.613525e-03
-1.774617e-02
-1.859408e-02
-2.094529e-02
5.621363e-03
9.569561e-02
8.247970e-02
