2.165280e-02
1.403965e-02
6.156820e-03
7.546393e-03
2.582410e-02
6.923965e-03
1.843540e-02
2.624174e-02
2.712482e-02
2.064082e-02
-5.259049e-03
-1.043059e-02
-6.507318e-03
-1.197261e-02
2.985701e-03
1.834714e-03
-6.994472e-03
1.006561e-02
-3.405637e-03
-8.972527e-03
-2.887034e-02
1.594924e-03
-8.392920e-03
2.697938e-03
1.284069e-03
-3.739590e-03
-1.345860e-02
2.549532e-03
3.694196e-03
4.790559e-03
5.855584e-03
-2.141890e-03
-1.431575e-03
-7.668192e-03
1.083240e-02
-2.922161e-02
-5.466309e-03
3.082400e-03
9.472062e-03
-3.067153e-03
-5.866022e-02
-1.918126e-02
5.452385e-03
-3.168264e-02
-2.619837e-02
-2.567271e-02
-2.769197e-03
-2.645859e-02
-3.112983e-02
-3.510749e-02
9.121351e-02
7.880794e-02
