2.100526e-02
8.117529e-03
1.452807e-02
1.537788e-02
3.376311e-03
2.296718e-02
1.336362e-02
1.297443e-02
1.751167e-02
2.741547e-02
-5.703705e-03
6.623571e-03
-1.088290e-02
3.562253e-03
5.098160e-03
-1.214050e-02
1.046299e-03
-9.104525e-03
-2.779942e-03
1.077042e-02
-3.852207e-03
-3.871922e-02
3.924490e-04
-3.508004e-03
-7.107166e-03
-4.940035e-03
-8.470123e-03
1.001052e-02
-5.014366e-03
-1.393896e-03
9.378726e-03
2.563479e-03
-7.971983e-03
9.377280e-03
-2.747504e-03
3.150020e-03
8.347766e-03
-1.025386e-02
-1.242109e-02
-8.752217e-03
-2.067053e-03
-7.059751e-03
-8.408029e-03
-1.262689e-02
-1.855925e-02
-2.623394e-02
-2.135311e-02
-5.172535e-03
-1.516127e-02
-2.485763e-02
8.319959e-02
8.810962e-02
