2.027006e-02
1.124994e-02
1.288586e-02
1.646016e-02
5.075126e-03
2.142350e-02
1.153892e-02
1.687806e-02
2.045935e-02
3.133454e-02
-2.452579e-03
4.011214e-03
-5.215307e-03
1.946700e-03
8.134542e-03
-1.004865e-02
4.296796e-03
-8.348054e-03
-8.124378e-03
5.188723e-03
-1.444670e-02
-4.371437e-02
5.173391e-03
-4.305893e-03
-3.402744e-03
-1.985094e-03
-3.286083e-03
1.679030e-02
-1.172817e-02
7.724301e-04
4.851610e-03
5.194475e-03
-1.387668e-02
1.302027e-02
6.844057e-03
6.713897e-03
1.374063e-02
-1.180341e-02
-1.584202e-02
-6.220180e-03
-5.343004e-03
-1.214041e-02
-1.362135e-02
-1.089870e-02
-1.096585e-02
-2.347395e-02
-2.803869e-02
-3.652125e-03
-2.135772e-02
-2.839299e-02
8.678568e-02
9.638694e-02
