2.795130e-02
6.811792e-03
-1.330566e-03
2.499613e-03
1.707793e-02
-6.088431e-03
2.032616e-02
2.306148e-02
2.896654e-02
1.285384e-02
-2.016694e-02
-2.270906e-02
5.486908e-03
-1.325581e-03
-1.402939e-03
9.565384e-05
4.233650e-03
9.011486e-03
1.633697e-03
7.462837e-03
-2.787238e-02
-6.106462e-03
-1.299430e-02
4.531221e-03
-6.695460e-03
7.676482e-04
-3.658363e-02
-5.476198e-03
5.100551e-03
5.172645e-03
4.239445e-03
-1.215345e-02
-3.151178e-03
-9.700644e-03
6.778415e-03
-4.141427e-02
-2.922290e-02
-6.660334e-03
1.487232e-03
-8.649439e-03
-7.280765e-02
-9.322295e-03
-4.778244e-03
-6.259024e-02
-1.747477e-02
-4.521150e-02
-1.715893e-02
-5.747915e-02
-3.026046e-02
-3.071067e-02
8.735126e-02
8.386484e-02
