1.920377e-02
2.058899e-02
2.174403e-02
1.102538e-02
6.413674e-03
1.926068e-02
8.156176e-04
1.102113e-02
1.477640e-02
1.381859e-02
1.331263e-02
2.679353e-03
-3.988688e-03
4.533410e-03
-1.183178e-02
-1.231666e-02
-5.832008e-03
5.643811e-03
9.080936e-03
4.727215e-03
1.371644e-02
-1.611145e-02
1.970188e-03
-1.133240e-04
-2.860891e-03
4.270406e-03
7.929070e-03
-5.480612e-03
3.979109e-03
-7.566684e-03
5.128456e-03
-4.548829e-02
6.610354e-03
9.648898e-03
-1.404270e-02
-4.973541e-03
-2.104614e-03
-1.488601e-02
-2.057215e-02
-2.341830e-03
-2.163176e-02
-1.674040e-02
-1.770656e-02
-2.639432e-02
-3.234703e-02
-1.749878e-02
-1.218639e-02
-1.332100e-04
-1.654100e-02
-2.402090e-02
8.481805e-02
7.616051e-02
