1.865565e-02
9.027645e-03
1.658211e-02
1.396252e-02
4.295655e-03
2.031931e-02
2.368444e-03
1.921616e-02
1.819890e-02
2.453677e-02
-2.277790e-03
4.059584e-03
-6.163619e-03
1.015802e-02
9.769212e-03
-8.723488e-03
4.898954e-03
-1.229637e-02
-6.811851e-03
6.744584e-03
-7.307663e-03
-5.218932e-02
-2.080685e-03
-1.818679e-03
-4.332786e-03
2.734833e-03
-1.141969e-03
1.226734e-02
-1.257235e-02
-2.511037e-03
7.340989e-03
1.656735e-03
-9.478032e-03
1.125071e-02
3.901405e-03
5.313034e-03
1.421604e-02
-1.313870e-02
-1.520041e-02
-1.129033e-02
-4.354680e-03
-1.450639e-02
-1.099740e-02
-9.942306e-03
-2.353073e-02
-5.698415e-02
-2.550932e-02
2.754839e-03
-1.665211e-02
-2.362769e-02
7.149783e-02
8.060512e-02
