2.269354e-02
1.407509e-02
5.723569e-03
8.081432e-03
2.437433e-02
7.413951e-03
1.681904e-02
2.602853e-02
2.930330e-02
1.853707e-02
-3.100438e-03
-5.333725e-03
-4.803783e-03
-8.899566e-03
5.534744e-03
3.507156e-03
-6.935015e-03
9.165673e-03
-4.987654e-05
-9.560158e-03
-2.205080e-02
7.558740e-04
-6.711405e-03
1.253038e-03
3.056345e-03
-2.580593e-03
-1.275707e-02
4.131846e-03
6.010809e-03
3.489792e-03
6.937531e-03
-1.805115e-04
-4.713206e-04
-6.742784e-03
1.063311e-02
-2.674940e-02
-5.697146e-03
1.080805e-03
1.000183e-02
-2.102448e-03
-4.105582e-02
-2.445455e-02
-5.460619e-04
-4.482958e-02
-2.686245e-02
-2.991886e-02
-3.634242e-03
-2.716390e-02
-3.163798e-02
-3.448237e-02
9.004854e-02
8.216457e-02
