1.511897e-02
1.220033e-02
-2.378435e-03
2.164877e-02
1.441202e-02
1.310232e-02
1.201285e-02
1.844866e-02
3.329443e-02
1.440568e-02
3.527076e-03
-5.112072e-03
4.135843e-03
7.977050e-03
-1.418922e-02
4.335451e-03
-3.335492e-02
2.435272e-04
1.094764e-03
-1.888364e-03
1.885377e-03
1.269277e-04
-7.359852e-03
-1.935665e-03
5.903208e-03
1.939294e-03
-1.172214e-02
2.500456e-03
-4.152086e-03
1.225609e-02
9.744834e-03
-5.289790e-03
-1.671741e-02
-2.561538e-03
5.114747e-03
3.807599e-03
-9.144057e-04
-7.196293e-03
9.680051e-03
4.661449e-04
-1.565951e-02
-9.892088e-03
-1.223377e-02
-2.926423e-02
-4.887552e-02
-1.929724e-02
-1.274247e-02
-3.925508e-02
-1.638220e-02
-5.870363e-02
5.061210e-02
6.775987e-02
