1.574136e-02
1.474720e-02
8.056007e-03
1.358113e-02
1.360459e-02
2.175624e-02
8.690170e-03
1.565716e-03
-1.621347e-04
8.656854e-03
-3.246025e-02
7.234454e-03
-4.365353e-03
5.986537e-03
1.036236e-02
1.481463e-03
5.026597e-04
-7.422529e-03
-4.650380e-03
-2.333529e-03
-4.532277e-03
-9.469993e-03
-8.679734e-03
-3.615057e-02
1.017170e-02
5.635058e-03
-8.042891e-03
1.726616e-03
-1.552229e-02
2.170069e-03
1.477809e-04
-1.786121e-02
-1.541957e-02
-1.113726e-02
-2.232734e-03
1.450591e-02
-2.225802e-02
-2.711943e-02
-1.146982e-02
5.615439e-03
-3.047214e-02
-5.198740e-03
-2.376090e-02
-6.782747e-02
-3.070381e-02
-2.441975e-02
-6.251803e-03
-3.305107e-02
-6.103253e-02
-1.132641e-02
5.735906e-02
3.752460e-02
