1.777659e-02
1.886388e-02
1.078484e-02
1.542265e-02
1.457728e-02
1.919074e-02
1.025780e-02
8.724693e-03
2.241029e-03
1.047976e-02
-2.663924e-02
6.276543e-03
-1.324958e-04
5.591000e-03
1.267018e-03
-9.901505e-04
-4.559387e-04
6.212334e-05
-8.267826e-04
-3.704278e-03
-3.195417e-03
-6.573615e-03
4.217082e-03
-3.210084e-02
8.343528e-03
-7.856280e-03
-7.174330e-03
3.295257e-03
-1.014841e-02
2.977284e-03
-6.161295e-03
-2.310896e-03
-7.850751e-03
-1.000835e-02
1.742041e-03
1.113966e-03
-1.700150e-02
-1.492572e-02
-5.783408e-03
5.593269e-03
-2.816306e-02
-6.918416e-03
-1.254606e-02
-4.363954e-02
-2.292015e-02
-1.939956e-02
-8.740250e-03
-2.866457e-02
-2.715775e-02
-1.404965e-02
6.795241e-02
5.901267e-02
