2.020618e-02
2.314724e-02
1.982887e-02
1.166519e-02
1.751951e-02
2.158320e-02
2.338785e-02
1.863516e-02
-5.668165e-04
1.516450e-02
2.500628e-03
4.433176e-04
5.186630e-03
6.061026e-04
4.752028e-03
5.398334e-03
-1.690912e-03
-2.243972e-02
1.635376e-03
2.920649e-04
-1.702279e-02
2.927213e-03
-3.134159e-03
-4.224590e-02
1.649537e-03
-2.680033e-04
-3.527314e-03
1.493943e-03
-2.331232e-02
1.904180e-04
7.675333e-03
-3.672141e-03
-1.255407e-03
5.063043e-03
-1.461146e-02
8.441195e-03
-8.589748e-04
5.249711e-03
-3.312483e-03
-1.222541e-03
-1.588105e-02
-3.531253e-02
-1.704573e-02
-1.572265e-02
-2.232887e-02
-7.754071e-03
-2.951680e-02
-2.761786e-02
-1.322123e-02
-2.385539e-02
6.271334e-02
6.357583e-02
