1.704735e-02
1.912701e-02
5.506147e-03
1.806309e-02
1.057313e-02
1.784652e-02
1.836929e-02
1.985180e-02
1.206862e-02
2.703371e-02
-3.783977e-02
-1.272862e-02
5.388056e-05
4.263433e-02
-1.321966e-02
-1.246873e-02
-2.540948e-03
-9.653842e-03
1.507803e-03
1.001419e-02
1.032139e-02
-1.389571e-03
-1.795757e-02
4.948677e-03
-9.932026e-03
-4.427011e-02
-1.049426e-02
3.210871e-03
-8.051831e-03
-1.337548e-02
7.350671e-03
-2.364768e-02
2.172861e-03
-4.211581e-05
-9.581844e-03
9.132119e-04
-7.057805e-04
-8.902268e-03
-4.085719e-03
7.680456e-03
-1.348129e-02
8.156405e-04
-1.500072e-02
-2.228909e-02
-1.826778e-02
-1.881605e-02
-6.140945e-02
-6.975200e-03
-1.742089e-02
-1.421043e-02
9.740253e-02
6.047907e-02
