2.386602e-02
3.617639e-02
1.550686e-02
1.089199e-02
2.136007e-02
2.802935e-02
3.627777e-02
2.010869e-02
1.588559e-03
3.771905e-02
-8.275036e-03
-5.953865e-03
9.215001e-03
-6.472422e-03
8.782826e-03
5.640383e-03
-8.920106e-03
-3.510337e-02
-5.287706e-03
3.642703e-04
-1.648273e-02
3.523063e-03
-3.609098e-03
-2.000000e-01
-1.000048e-03
-1.576429e-03
3.204422e-03
-1.464366e-03
-3.012658e-02
-5.039996e-03
-8.108238e-03
-2.199668e-02
1.352712e-04
1.756528e-02
-1.701383e-02
8.962394e-03
-2.722970e-03
7.577621e-03
2.004000e-05
-1.469096e-02
-3.668836e-02
-2.000000e-01
-3.964371e-02
-3.324816e-03
-2.086232e-02
-1.241584e-02
-3.194233e-02
-6.867071e-03
-3.496687e-03
-2.026743e-02
3.315568e-02
4.736995e-02
