1.948169e-02
1.838968e-02
8.158588e-03
1.055479e-02
1.694368e-02
2.113310e-02
1.009272e-02
4.389919e-03
5.018143e-03
1.096261e-02
-1.950630e-02
6.952711e-03
-1.875926e-03
3.612437e-03
6.182451e-04
-2.550028e-04
5.818203e-04
-1.111024e-03
-7.229616e-04
-6.807496e-03
-6.369626e-03
-6.758304e-03
2.596327e-03
-3.237390e-02
9.625784e-03
-8.179597e-03
-5.367193e-03
4.770370e-03
-8.127477e-03
2.911754e-03
-8.189761e-03
-7.214575e-04
-1.052261e-02
-1.982800e-02
2.675557e-04
6.437277e-03
-1.965927e-02
-1.684161e-02
-3.767326e-03
8.023601e-03
-2.275342e-02
-7.926153e-03
-9.540071e-03
-3.606551e-02
-1.196372e-02
-2.156291e-02
-8.086250e-03
-3.316308e-02
-2.337885e-02
-1.787296e-02
8.326008e-02
6.780351e-02
