1.769093e-02
5.984442e-03
1.470151e-02
1.191712e-02
6.589323e-03
2.003908e-02
1.048236e-02
1.725868e-02
1.952809e-02
3.146141e-02
-5.148650e-03
7.614437e-03
-7.356430e-03
4.150791e-03
8.164984e-03
-1.192383e-02
7.358241e-03
-6.784386e-03
-5.333976e-03
4.180369e-03
-1.020021e-02
-3.914087e-02
1.325730e-04
9.643653e-04
-4.139094e-03
1.373887e-05
2.602688e-03
1.042470e-02
-1.088225e-02
-8.270372e-04
5.955438e-03
9.815370e-03
-8.965754e-03
6.870860e-03
2.036049e-03
6.106436e-03
1.044529e-02
-9.841954e-03
-1.389580e-02
-9.550171e-03
-2.587041e-03
-2.788092e-03
-1.067027e-02
-1.669837e-02
-1.609603e-02
-2.331155e-02
-1.965089e-02
4.203373e-04
-1.895020e-02
-2.361604e-02
8.773163e-02
9.372883e-02
