2.219908e-02
1.904204e-02
2.066441e-02
2.876134e-02
2.167846e-02
1.696691e-02
2.100547e-02
1.439931e-02
1.661773e-02
1.847615e-02
-8.883035e-03
8.580314e-04
8.440424e-03
1.378660e-02
3.821040e-03
7.086474e-03
5.137104e-03
5.374833e-03
-2.335262e-02
-2.676598e-03
1.251734e-03
2.138939e-03
-3.644289e-03
-4.637367e-02
5.239836e-03
-9.972963e-03
-5.883025e-03
1.648730e-03
-2.634500e-02
-2.134197e-02
-1.199775e-02
-9.555057e-03
-4.826315e-02
5.069008e-03
-1.141652e-02
2.091550e-03
-3.999410e-02
-4.431253e-02
3.925682e-03
-1.266359e-02
-6.029251e-02
1.221012e-03
-4.025618e-02
-2.116042e-02
-6.085154e-02
-2.342731e-02
-3.723553e-02
-6.666515e-03
-3.562681e-02
-1.146090e-02
5.941241e-02
6.181356e-02
