1.835531e-02
1.735966e-02
6.746246e-03
1.208892e-02
1.771745e-02
1.946854e-02
1.015944e-02
4.091544e-03
5.180144e-03
1.098760e-02
-2.071027e-02
6.995787e-03
-2.306681e-03
2.545796e-03
1.411924e-03
-1.212866e-03
-1.180269e-03
-3.372752e-03
-6.110803e-04
-2.264491e-03
-1.855217e-03
-5.617838e-03
1.604513e-03
-2.722331e-02
9.259015e-03
-9.565654e-03
-6.374262e-03
4.713540e-03
-6.957313e-03
2.960591e-03
-1.495852e-02
-1.556971e-03
-7.615839e-03
-2.497002e-02
-9.119248e-04
5.968727e-03
-2.383714e-02
-1.576827e-02
-5.494604e-03
6.837086e-03
-1.558029e-02
-6.946844e-03
-9.708635e-03
-4.707159e-02
-1.430102e-02
-2.055956e-02
-1.114845e-02
-3.396414e-02
-2.334062e-02
-2.092660e-02
7.736732e-02
6.471262e-02
