2.147156e-02
7.303484e-03
4.031536e-03
4.196081e-03
1.195921e-02
1.468893e-02
1.975990e-02
1.144290e-02
7.053091e-03
2.069530e-02
-2.514079e-02
-1.146712e-02
-2.006451e-03
2.015874e-02
-1.880181e-02
-4.137769e-04
-4.110486e-04
-1.699465e-02
-1.295399e-02
2.176913e-03
-8.981511e-03
-1.284457e-02
-1.459890e-02
7.422019e-03
-1.357736e-02
-2.301671e-02
-8.614827e-03
-8.645327e-04
-9.211574e-03
4.306471e-03
7.354307e-03
-3.105948e-02
6.169862e-03
-1.264333e-02
-5.762020e-03
2.521929e-03
-4.411605e-03
-1.141336e-02
-7.718800e-03
6.497677e-03
-2.314383e-02
-1.070703e-02
-1.004248e-02
-1.837489e-02
-2.390564e-02
-1.092647e-02
-2.721884e-02
-5.128705e-03
-2.574207e-02
-9.970142e-03
5.200768e-02
2.935098e-02
