1.975816e-02
2.022921e-02
1.058926e-02
1.363864e-02
1.556364e-02
2.092325e-02
1.076366e-02
9.376272e-03
1.766887e-03
1.085116e-02
-2.538286e-02
7.468005e-03
3.181320e-04
6.511403e-03
2.399159e-03
-1.000661e-03
-5.045921e-04
-2.057390e-04
-7.938411e-04
-3.344624e-03
-2.598264e-03
-6.224404e-03
3.393148e-03
-3.268930e-02
9.755211e-03
-6.536243e-03
-7.461664e-03
3.532630e-03
-9.965233e-03
2.417294e-03
-6.534767e-03
-3.263471e-03
-9.056689e-03
-1.172822e-02
2.282838e-03
1.385575e-03
-1.701966e-02
-1.591199e-02
-4.896785e-03
5.766781e-03
-2.601119e-02
-6.712735e-03
-9.280071e-03
-3.872149e-02
-2.161817e-02
-1.957703e-02
-9.946011e-03
-2.744325e-02
-2.537743e-02
-1.368619e-02
7.853962e-02
6.667582e-02
