1.408381e-02
1.107109e-02
1.708713e-02
2.101332e-02
1.268004e-02
2.045747e-02
2.624421e-02
9.735592e-03
4.144728e-03
1.442720e-02
1.001713e-02
5.451341e-03
1.086411e-03
-6.200422e-03
2.895432e-03
-2.775313e-03
-1.022153e-02
-5.410814e-03
-1.065330e-02
7.691058e-03
2.349248e-03
8.745886e-03
-9.307243e-03
-6.886595e-04
6.803105e-03
1.664477e-03
7.292972e-04
-4.740211e-03
-9.855364e-03
-7.151916e-02
-9.468578e-03
-9.611255e-03
-1.677971e-02
-1.518924e-02
-5.408531e-03
3.806045e-04
2.470971e-03
-3.916638e-02
5.729440e-05
1.927206e-03
-1.805051e-02
-1.610640e-02
-1.648228e-02
-1.001210e-02
-1.999212e-02
-5.047290e-02
-1.309931e-03
-1.944452e-02
-1.805585e-02
-1.640513e-02
7.361063e-02
8.611680e-02
