1.519968e-02
2.228738e-02
1.458196e-03
6.753261e-03
1.913506e-02
1.701981e-02
1.936788e-02
1.327419e-02
4.780211e-03
2.423118e-02
-9.358077e-02
-1.270478e-02
5.961466e-03
2.031396e-02
-8.444841e-03
-4.854478e-03
2.275018e-04
-1.014114e-02
-2.303274e-02
8.230478e-03
-6.556514e-03
-1.040202e-02
-2.438364e-02
3.517380e-03
-6.511420e-03
-3.441658e-02
-6.515277e-03
-1.773517e-03
-1.008684e-02
5.745495e-03
6.181910e-03
-4.338093e-02
5.159752e-03
-1.387101e-02
-4.642392e-03
2.477047e-03
-5.001791e-03
-7.421302e-03
-1.212453e-02
1.371662e-02
-2.616956e-02
-5.202582e-03
-1.135835e-02
-2.446614e-02
-2.408502e-02
-1.423424e-02
-5.798690e-02
-3.894271e-03
-6.294716e-02
-6.212759e-03
4.439248e-02
2.726292e-02
