2.312202e-02
1.798511e-02
2.195082e-02
2.890674e-02
2.260262e-02
2.044670e-02
2.183618e-02
1.771436e-02
2.043475e-02
2.099063e-02
-4.382047e-03
-1.401362e-03
9.943109e-03
1.210577e-02
3.526288e-03
5.314500e-03
8.001668e-03
1.601430e-03
-1.140298e-02
-2.366764e-03
-1.633837e-03
3.975355e-03
-1.448622e-03
-8.116388e-02
5.114295e-03
-1.520666e-02
-8.752324e-03
5.540174e-04
-8.341966e-03
-1.974512e-02
-1.388788e-02
-1.191175e-02
-5.503650e-02
8.498695e-03
-1.028653e-02
5.018804e-03
-1.633059e-02
-2.595422e-02
1.340676e-03
-8.852174e-03
-7.847418e-02
-2.827067e-03
-2.837868e-02
-2.015821e-02
-3.982463e-02
-2.911766e-02
-4.566744e-02
-8.537221e-03
-1.309653e-02
-1.023099e-02
8.829528e-02
8.828890e-02
