1.699529e-02
4.538925e-04
1.514499e-02
1.234533e-02
3.743593e-03
1.539234e-02
6.431059e-03
1.733971e-02
1.811440e-02
3.460393e-02
-7.861368e-04
5.068558e-03
-6.945854e-03
8.560792e-03
6.399012e-03
-9.379491e-03
5.933367e-03
-8.371725e-03
-3.441601e-03
3.056375e-03
-6.318793e-03
-5.000620e-02
-1.377302e-04
-1.735991e-03
-3.981820e-03
-4.250728e-03
-3.203685e-03
1.103280e-02
-1.093467e-02
-1.273012e-03
8.423532e-03
1.697770e-03
-1.084949e-02
1.178582e-02
1.905149e-03
4.453361e-03
8.050906e-03
-1.001087e-02
-1.573424e-02
-8.594001e-03
-4.538890e-03
-1.254716e-02
-1.085391e-02
-1.010045e-02
-1.675021e-02
-2.208364e-02
-2.294806e-02
-1.314567e-03
-1.921664e-02
-1.849967e-02
6.452659e-02
7.831399e-02
