1.468628e-02
4.267819e-04
1.929147e-03
3.171981e-02
-1.467234e-03
1.395125e-02
1.481529e-02
1.560716e-02
3.557939e-02
1.017684e-02
5.926687e-03
-2.511687e-02
3.304858e-03
8.170551e-03
-2.363512e-02
3.515369e-03
-4.570727e-02
-1.388833e-02
-3.332364e-03
-1.328729e-03
9.506808e-04
6.765941e-03
-5.100911e-03
4.261644e-03
7.184329e-03
8.049376e-03
-1.662623e-02
1.391521e-03
-5.179844e-03
1.157499e-02
1.489903e-03
-6.347233e-03
-2.572354e-02
3.712654e-04
6.974534e-03
-3.565679e-03
3.295653e-03
-3.780553e-03
1.907809e-05
-3.615553e-03
-2.685550e-02
-3.219327e-02
-1.441001e-02
-4.023020e-02
-3.793741e-02
-4.734663e-02
-1.060675e-02
-1.753039e-02
-1.400237e-02
-7.238566e-02
4.368802e-02
8.900053e-02
