1.918598e-02
1.542947e-02
5.538913e-03
1.266485e-02
1.957408e-02
1.571834e-02
2.219728e-02
1.507784e-02
5.059357e-03
2.390466e-02
-5.409604e-02
-1.002957e-02
3.613322e-03
4.321870e-02
-1.212081e-02
-6.568421e-03
-1.529049e-03
-7.872312e-03
-1.694804e-02
9.959230e-03
-1.554003e-03
-8.727682e-03
-1.250261e-02
5.631267e-03
-9.163653e-03
-2.284112e-02
-7.320894e-03
7.151595e-04
-7.033714e-03
2.114857e-03
7.707944e-03
-2.673834e-02
5.424205e-03
-8.681932e-03
-5.648908e-03
8.737556e-03
1.002364e-03
-6.843036e-03
-3.235653e-03
1.332327e-02
-4.832543e-02
-9.659011e-03
-3.545022e-03
-2.410973e-02
-9.853656e-03
-1.456867e-02
-3.590109e-02
-4.280680e-03
-3.482451e-02
-8.638776e-03
7.520463e-02
3.563248e-02
