2.056819e-02
1.408510e-02
2.157647e-02
2.966438e-02
2.051375e-02
1.656026e-02
1.598714e-02
1.423567e-02
1.837175e-02
1.238555e-02
-5.047677e-03
-3.456875e-03
8.117571e-03
1.269573e-02
3.258927e-03
2.195055e-03
9.102601e-03
5.165041e-03
-8.034187e-03
-7.400663e-04
-3.997052e-03
4.593227e-03
-1.180854e-03
-5.182502e-02
1.047340e-02
-1.545822e-02
-1.308337e-02
-8.937623e-04
-1.072103e-02
-1.812620e-02
-1.114196e-02
-1.414338e-02
-4.034927e-02
4.949180e-03
-9.111309e-03
-1.245902e-03
-4.118551e-03
-2.582583e-02
2.190139e-03
-4.149884e-03
-7.114153e-02
2.002934e-04
-2.368044e-02
-1.761821e-02
-2.529967e-02
-2.194276e-02
-2.771218e-02
-5.385254e-03
-2.263275e-02
-1.680331e-02
6.744871e-02
7.467173e-02
