9.801413e-03
6.848586e-03
-1.303113e-03
1.694397e-02
1.887610e-02
1.353977e-02
1.241638e-02
1.984929e-02
2.733034e-02
1.419922e-02
-2.138960e-03
-1.111724e-02
1.682027e-03
5.916513e-03
-1.436762e-02
3.328245e-03
-3.308522e-02
-1.685284e-03
1.675225e-03
-5.387037e-03
-8.453119e-04
-2.188650e-03
-1.536157e-02
2.519621e-03
7.815159e-03
-9.621191e-04
-1.538976e-02
-1.927708e-04
-2.021197e-03
7.306616e-03
6.413123e-03
-1.294728e-02
-3.104716e-02
-1.006631e-02
1.714028e-03
5.060520e-03
-5.449740e-03
-1.144434e-02
8.148694e-03
4.069087e-03
-1.652826e-02
-8.485584e-03
-1.224917e-02
-3.634154e-02
-9.243387e-03
-2.652929e-02
-1.053362e-02
-5.075041e-02
-1.774773e-02
-2.000000e-01
3.596085e-02
5.604474e-02
