2.080841e-02
2.940743e-02
2.927690e-02
1.152314e-02
2.165856e-02
1.855662e-02
1.529412e-02
9.648715e-03
3.819572e-03
2.334004e-02
6.994336e-03
-8.103387e-04
-1.393570e-03
-3.385531e-02
4.466431e-03
-4.606440e-04
5.294283e-03
-3.382427e-02
-1.482943e-02
1.397788e-03
-1.924150e-04
7.227447e-03
-1.755920e-02
1.046585e-02
-5.057429e-03
1.069054e-03
-6.292731e-03
-4.299918e-02
-1.098045e-02
5.861188e-03
3.087006e-03
-8.238515e-03
-2.095480e-02
1.639432e-03
5.653505e-03
-5.097620e-03
7.875760e-03
-3.883101e-03
3.668514e-03
-7.071553e-04
-2.236315e-02
-4.362419e-02
-1.489742e-02
-4.813862e-03
-8.461544e-03
-5.103757e-03
-6.074497e-03
-1.624455e-02
-1.744174e-02
-1.353762e-03
8.426650e-02
8.246694e-02
