1.237709e-02
1.620300e-02
8.369606e-03
1.104948e-02
1.336498e-02
1.702521e-02
1.988590e-02
1.950337e-02
1.707265e-02
2.701790e-02
-4.105581e-02
-1.587186e-02
1.156675e-02
6.355621e-02
-1.231627e-03
-6.839183e-03
-8.898819e-03
-3.257079e-02
6.138528e-03
2.411362e-03
-2.615975e-03
2.452840e-02
-2.396415e-02
5.428590e-03
-1.079834e-02
-3.571638e-02
-1.176861e-02
-1.541583e-03
-2.485993e-02
-1.118077e-02
8.192520e-03
-2.350580e-02
-9.789796e-05
-1.355143e-03
-7.188022e-03
8.500334e-04
-3.981259e-03
-3.426925e-03
-4.378917e-03
4.435002e-04
-2.684662e-04
6.114573e-04
-9.800739e-03
-2.318685e-02
-1.902005e-02
-1.914136e-02
-5.269172e-02
-1.020405e-02
-1.912108e-02
-1.311239e-02
9.998287e-02
5.021414e-02
