1.355558e-02
8.637591e-03
2.762198e-03
4.167679e-02
4.082716e-03
1.647810e-02
1.324732e-02
1.562162e-02
3.035757e-02
1.091148e-02
7.005243e-04
-6.870391e-03
2.842825e-04
6.613532e-03
-1.672227e-02
6.043329e-03
-2.639177e-02
-1.406915e-03
1.872933e-03
-1.780414e-03
-1.942705e-03
2.553239e-03
-5.175640e-03
3.982272e-03
5.360457e-03
1.674564e-03
-1.694043e-02
1.505477e-03
-8.068403e-03
1.314907e-02
6.530830e-03
-7.921926e-03
-1.374653e-02
-3.427535e-04
4.943620e-03
2.345918e-04
1.276813e-03
1.033638e-04
7.681466e-03
-2.691232e-04
-2.330123e-02
-1.315080e-02
-1.319908e-02
-2.814825e-02
-2.795620e-02
-1.713059e-02
-1.117750e-02
-2.836882e-02
-1.857183e-02
-5.129092e-02
6.051721e-02
8.396585e-02
