2.365956e-02
1.312365e-02
8.486152e-03
6.697668e-03
2.037089e-02
7.399064e-03
1.507496e-02
2.574656e-02
2.662599e-02
2.023175e-02
-2.864040e-03
-9.562130e-03
-2.702836e-03
-9.126490e-03
6.203088e-03
5.334770e-03
-7.950533e-03
9.008997e-03
-1.424434e-03
-9.123419e-03
-2.117396e-02
9.779774e-04
-5.766243e-03
2.463784e-03
3.288701e-03
-1.639735e-03
-1.248349e-02
-1.000423e-03
3.097236e-03
3.703499e-03
4.957161e-03
-1.653056e-03
-1.888464e-03
-7.641458e-03
9.493570e-03
-3.453268e-02
-8.081512e-03
1.291631e-03
1.135295e-02
-7.630604e-04
-4.899225e-02
-1.597469e-02
1.360027e-03
-3.342906e-02
-2.568292e-02
-3.129216e-02
-2.109902e-02
-3.204037e-02
-2.108662e-02
-3.678965e-02
8.973921e-02
8.645369e-02
