2.158069e-02
2.102485e-02
2.159376e-02
2.919692e-02
1.874720e-02
1.798098e-02
1.806857e-02
1.666552e-02
1.730818e-02
1.502656e-02
-5.281094e-03
-4.874748e-04
7.771843e-03
1.164998e-02
5.701751e-03
1.106277e-03
8.632371e-03
4.466733e-03
-5.419428e-03
-1.260587e-03
-7.919877e-04
2.444364e-03
-2.751855e-03
-3.945495e-02
9.071931e-03
-1.555005e-02
-5.649438e-03
6.821076e-04
-6.266568e-03
-1.513938e-02
-1.294617e-02
-6.099732e-03
-4.661803e-02
8.333529e-03
-6.876974e-03
3.469471e-03
-9.721604e-03
-2.517551e-02
2.944652e-03
-1.039358e-02
-7.515043e-02
-2.761880e-03
-2.873049e-02
-2.261104e-02
-2.493313e-02
-2.944538e-02
-4.996064e-02
-7.057503e-03
-2.047522e-02
-1.700363e-02
7.584213e-02
7.644177e-02
