2.134635e-02
2.740898e-02
2.394368e-02
1.180799e-02
1.752806e-02
1.899746e-02
1.626031e-02
8.424705e-03
5.081748e-03
2.243545e-02
4.696034e-03
-2.160464e-03
-5.055084e-03
-3.377185e-02
4.597952e-03
-8.195517e-03
7.138279e-03
-4.498550e-02
-8.653297e-03
-1.663422e-04
6.685100e-04
8.073532e-03
-1.399260e-02
5.442749e-03
1.639031e-03
1.875027e-03
-6.045477e-03
-3.288325e-02
-2.110538e-03
-1.590933e-03
7.772713e-03
-1.025311e-02
-1.210212e-02
3.111612e-03
5.501352e-03
-7.065642e-03
4.699820e-03
-3.473784e-03
3.471311e-03
-5.883968e-03
-2.010643e-02
-2.825232e-02
-1.978674e-02
-6.147699e-03
-8.738440e-03
-1.787043e-02
-3.776530e-03
-2.496085e-02
-1.221462e-02
2.517563e-03
7.417433e-02
8.365324e-02
