1.704488e-02
8.177674e-03
1.240973e-02
3.047606e-02
1.512537e-02
2.135147e-02
2.577857e-02
7.350777e-03
9.438854e-03
1.223104e-02
9.674456e-03
4.170791e-03
2.918650e-03
-6.924622e-04
4.831052e-03
-4.535117e-03
-9.395183e-03
-4.882128e-03
-1.066731e-02
5.246668e-03
3.963365e-03
5.498333e-03
-1.873345e-03
-8.150376e-04
-8.245245e-03
2.889520e-03
1.128385e-03
-4.963557e-03
-7.291234e-03
-7.153887e-02
-1.631589e-02
-9.683498e-03
-9.710069e-03
-1.185036e-02
-3.661260e-03
3.872168e-03
3.887973e-03
-2.815061e-02
-1.418147e-03
4.969451e-03
-2.379132e-02
-1.112567e-02
-1.128417e-02
-7.318952e-03
-1.822840e-02
-6.604731e-02
2.533462e-03
-4.906890e-03
-2.429730e-02
-3.276844e-02
7.605715e-02
7.929315e-02
