1.858003e-02
2.663087e-02
1.191314e-02
1.611885e-02
1.988795e-02
2.081262e-02
2.011753e-02
1.852701e-02
3.860200e-03
1.494390e-02
-1.463822e-02
2.319745e-03
1.129551e-02
2.491570e-03
1.651532e-03
4.452269e-03
-5.228631e-03
-1.291044e-02
9.332375e-03
-1.974453e-03
-1.239550e-02
-6.530281e-03
2.759435e-03
-4.771655e-02
8.418559e-04
1.372874e-03
-3.628422e-04
4.882640e-04
-2.692939e-02
-1.543781e-03
1.272912e-03
-3.497946e-03
8.942406e-03
3.738001e-03
-8.968181e-03
6.457899e-03
4.537907e-03
2.716678e-03
-1.948766e-03
2.556199e-03
-1.056700e-02
-5.628703e-02
-1.629486e-02
-1.739503e-02
-2.328673e-02
-3.262574e-03
-3.134573e-02
-1.900644e-02
1.257032e-03
-1.223800e-02
7.142027e-02
8.102805e-02
