1.379031e-02
8.832396e-03
1.141933e-02
1.934711e-02
1.155437e-02
2.046657e-02
2.338851e-02
9.649773e-03
9.328897e-03
1.337082e-02
9.338603e-03
2.930544e-03
1.497736e-03
-3.145468e-03
3.780239e-03
-9.993180e-04
-9.621368e-03
-5.413207e-03
-9.066167e-03
6.112327e-03
2.733369e-03
6.787549e-03
-1.428718e-03
-8.738456e-04
-5.082690e-03
7.364127e-04
-3.305730e-04
8.855175e-04
-7.234324e-03
-6.629329e-02
-1.166306e-02
-7.557897e-03
-1.092803e-02
-1.183226e-02
-5.180358e-03
3.125259e-04
1.329470e-03
-3.612702e-02
-2.578853e-04
3.806138e-03
-1.672059e-02
-1.661092e-02
-1.187507e-02
-6.031892e-03
-2.007546e-02
-4.265379e-02
1.194046e-03
-9.236406e-03
-2.202668e-02
-2.427189e-02
7.080226e-02
7.283344e-02
