2.122850e-02
1.673419e-02
2.040786e-02
2.744334e-02
1.812256e-02
1.837426e-02
2.010470e-02
1.578783e-02
1.686867e-02
1.620263e-02
-5.980997e-03
1.338818e-03
7.137675e-03
1.379433e-02
3.337635e-03
1.542549e-03
5.860200e-03
2.754135e-03
-9.202176e-03
-6.537062e-04
-1.929763e-03
2.636688e-03
-3.184956e-03
-4.120552e-02
8.293691e-03
-1.319138e-02
-1.075067e-02
8.042079e-04
-8.176112e-03
-1.805529e-02
-1.184566e-02
-9.254975e-03
-4.080973e-02
7.729897e-03
-6.441527e-03
2.362461e-03
-1.092513e-02
-2.408567e-02
1.459593e-03
-8.012509e-03
-6.129766e-02
-1.385825e-03
-2.993111e-02
-2.008422e-02
-2.544636e-02
-2.974081e-02
-3.867647e-02
-6.593722e-03
-1.942609e-02
-1.638686e-02
7.368058e-02
7.043713e-02
