1.953338e-02
2.579368e-02
2.807480e-02
1.209584e-02
1.912955e-02
1.902623e-02
1.855901e-02
1.023572e-02
4.264829e-03
2.364740e-02
6.732280e-03
-5.305689e-03
-1.204330e-03
-3.811867e-02
3.332696e-03
-2.923848e-03
5.355066e-03
-2.887685e-02
-1.427639e-02
2.238153e-03
-2.567341e-03
1.147860e-02
-2.017136e-02
7.240013e-03
-5.573130e-03
2.070544e-03
-6.809645e-03
-4.376131e-02
-7.416431e-03
9.586592e-04
1.706992e-03
-8.665630e-03
-1.850789e-02
2.210395e-03
4.049480e-03
-5.622493e-03
5.743421e-03
-5.526707e-03
3.951304e-03
-3.575566e-03
-2.089602e-02
-2.827115e-02
-1.778977e-02
-5.365346e-03
-8.363046e-03
-8.493652e-03
-5.846630e-03
-1.947189e-02
-1.651052e-02
3.027083e-03
8.969350e-02
8.546549e-02
