1.825237e-02
7.683555e-03
1.622905e-02
1.117658e-02
4.813380e-03
2.270338e-02
7.671852e-03
1.399539e-02
1.868263e-02
2.704815e-02
-4.057889e-03
6.740867e-03
-9.658057e-03
1.395214e-03
3.086821e-03
-1.292005e-02
1.639499e-03
-9.126054e-03
-4.177255e-03
2.431471e-03
-6.298369e-03
-4.032214e-02
2.951123e-03
-1.306709e-03
-5.539653e-03
-2.879828e-03
-2.465138e-03
1.225838e-02
-7.202634e-03
-1.978815e-03
8.059754e-03
6.152803e-03
-6.412310e-03
6.922846e-03
-2.589073e-03
3.897978e-03
1.196975e-02
-1.194794e-02
-1.446047e-02
-1.048417e-02
7.602886e-04
-1.184687e-02
-8.977423e-03
-1.143469e-02
-1.876348e-02
-1.981286e-02
-3.660731e-02
-7.681085e-05
-2.371546e-02
-2.193991e-02
7.929332e-02
8.493148e-02
