2.164314e-02
1.704572e-02
2.191628e-02
2.615103e-02
2.000980e-02
1.654353e-02
2.196971e-02
1.307790e-02
2.022937e-02
1.301348e-02
-1.436100e-02
4.017101e-03
1.184600e-02
1.340020e-02
3.134080e-03
6.974252e-03
5.580034e-03
5.453621e-03
-1.807577e-02
-2.864465e-03
4.726736e-03
3.761269e-03
-4.847211e-03
-4.167776e-02
3.448273e-03
-9.630104e-03
-1.338761e-02
1.169574e-03
-2.725054e-02
-2.693041e-02
-1.186362e-02
-1.036389e-02
-1.002794e-01
4.655758e-03
-1.270930e-02
7.593100e-04
-4.644533e-02
-3.779483e-02
7.843623e-04
-1.390404e-02
-5.304945e-02
-5.410131e-04
-4.873390e-02
-2.864456e-02
-9.480553e-02
-2.856792e-02
-2.593381e-02
-8.318269e-03
-5.394968e-02
-6.548939e-03
6.021026e-02
6.921824e-02
