2.007736e-02
3.016082e-02
1.252721e-02
1.322495e-02
2.473141e-02
2.045720e-02
1.566205e-02
1.088772e-02
1.748614e-02
2.372793e-02
2.171466e-03
1.088228e-02
-3.402147e-03
4.303782e-03
-2.189996e-02
5.212768e-03
2.466356e-03
4.718078e-03
-2.100307e-03
-3.205868e-03
-2.945718e-03
-5.193152e-03
1.933730e-04
4.735849e-03
-5.085921e-03
-1.854093e-03
2.154315e-03
1.915231e-03
3.022550e-03
-7.036827e-03
-6.210261e-03
2.343099e-03
1.756432e-03
-6.214562e-03
1.418890e-03
-6.027926e-04
-3.347934e-03
4.005486e-04
5.928825e-03
-3.813357e-03
-2.035091e-02
-1.358527e-02
-2.550970e-02
-4.499733e-02
-1.196790e-02
-1.545237e-02
-2.866876e-02
-2.394213e-02
-1.445497e-02
-1.069096e-03
5.166755e-02
5.067013e-02
