2.050091e-02
2.237409e-02
1.145759e-02
1.447733e-02
2.012216e-02
2.041869e-02
1.750286e-02
1.988636e-02
4.774701e-03
1.445727e-02
-1.022625e-02
2.074170e-03
1.012066e-02
4.072629e-03
5.381823e-04
1.071166e-02
-5.975632e-03
-1.391808e-02
7.511753e-03
2.975184e-04
-8.785256e-03
-9.407223e-03
2.512852e-03
-4.334159e-02
-9.650902e-04
3.735956e-03
-1.570418e-03
-5.250021e-04
-2.811566e-02
-3.695659e-03
2.043917e-03
-7.088022e-04
8.816600e-03
3.853496e-03
-9.099591e-03
6.362069e-03
7.253904e-03
3.522493e-03
-1.211406e-04
2.247269e-03
-1.000098e-02
-3.558366e-02
-1.922000e-02
-2.623093e-02
-1.772290e-02
-3.566312e-03
-4.329649e-02
-2.874431e-02
1.521094e-03
-1.266325e-02
7.694456e-02
8.104759e-02
