1.362786e-02
6.247175e-03
2.447117e-03
4.213413e-02
2.757577e-03
1.645173e-02
1.441082e-02
1.779392e-02
2.985554e-02
1.396424e-02
2.291089e-03
-1.164575e-02
4.403461e-03
7.514615e-03
-1.811592e-02
3.367746e-03
-3.691176e-02
-5.575157e-03
-6.494846e-04
-2.521573e-03
-5.811469e-04
2.913605e-03
-4.479538e-03
3.824520e-03
6.966786e-03
2.198438e-03
-1.512272e-02
1.695042e-03
-7.568592e-03
1.023605e-02
4.771367e-03
-5.201599e-03
-1.994913e-02
5.360757e-03
6.435329e-03
-2.972175e-03
5.591881e-04
-3.145638e-03
8.170245e-04
-1.210417e-03
-2.380819e-02
-2.349264e-02
-1.286933e-02
-2.347665e-02
-2.939704e-02
-2.513619e-02
-1.370952e-02
-2.619566e-02
-2.105597e-02
-4.127373e-02
6.100058e-02
8.360503e-02
