2.007026e-02
2.172550e-02
1.042626e-02
1.482184e-02
1.190433e-02
2.236550e-02
7.635789e-03
9.996796e-03
7.307689e-04
1.040942e-02
-2.835967e-02
5.012001e-03
-1.536809e-03
6.259712e-03
5.045338e-03
-2.144184e-03
-2.003125e-05
-1.333933e-03
-2.638548e-03
-1.590028e-03
-1.309166e-03
-7.288783e-03
2.067293e-03
-3.686683e-02
1.160084e-02
-5.949660e-03
-7.488689e-03
5.332739e-03
-1.114132e-02
4.664844e-03
-7.488026e-03
-5.567572e-03
-1.029571e-02
-5.598556e-03
-2.924789e-04
5.677251e-03
-1.909587e-02
-1.860502e-02
-6.953021e-03
7.790614e-03
-2.621787e-02
-1.055366e-02
-9.101029e-03
-3.586046e-02
-2.127978e-02
-2.393507e-02
-1.129660e-02
-2.985155e-02
-3.060712e-02
-1.496934e-02
8.687248e-02
6.739533e-02
