2.525541e-02
1.174137e-02
1.730092e-02
2.679825e-02
2.676344e-02
1.940282e-02
2.364702e-02
1.366286e-02
1.804454e-02
1.580986e-02
-1.587709e-02
-4.745842e-03
1.797333e-02
1.643074e-02
2.260828e-03
4.257491e-03
5.679661e-03
-1.000148e-02
-3.765475e-02
-6.824556e-03
1.089747e-03
6.813599e-03
-2.781335e-03
-6.671381e-02
7.829177e-04
-1.485480e-02
-9.544444e-03
8.601891e-04
-2.618361e-02
-2.269103e-02
-1.413026e-02
-1.293774e-02
-2.000000e-01
9.119423e-03
-3.650182e-03
3.311126e-03
-4.634713e-02
-3.357623e-02
8.516147e-04
-2.553262e-02
-6.803793e-02
-8.837827e-03
-3.088539e-02
-1.613147e-02
-4.713103e-02
-3.226342e-02
-2.000000e-01
-4.915945e-03
-1.361530e-02
-6.808149e-03
4.477494e-02
5.101336e-02
