2.657460e-02
1.997843e-02
2.873360e-02
2.667440e-02
1.921189e-02
2.530831e-02
2.131865e-02
1.925660e-02
2.115035e-02
1.786950e-02
-9.604343e-03
7.461245e-03
1.291979e-02
1.552840e-02
2.037794e-03
8.951693e-03
5.475388e-03
1.102687e-02
-2.713052e-03
-1.540281e-04
-4.143611e-03
-6.550771e-04
-4.324923e-03
-6.098976e-02
1.115101e-02
-1.361738e-02
-1.100452e-02
5.690162e-03
-6.777693e-03
-1.877143e-02
-2.031614e-02
-5.943949e-03
-5.480034e-02
2.950614e-03
-5.351485e-03
-8.057813e-04
5.319994e-03
-2.992845e-02
-4.968407e-03
3.412179e-03
-2.000000e-01
-4.266484e-03
-3.448678e-02
-2.355655e-02
-7.449549e-03
-5.133729e-02
-2.977107e-02
-1.113702e-02
-3.240411e-02
-2.102334e-02
8.951889e-02
9.426069e-02
