1.631692e-02
5.332388e-03
1.356775e-02
8.580921e-03
1.582874e-03
1.597780e-02
8.899523e-03
1.440598e-02
1.560811e-02
3.076321e-02
-6.422280e-03
4.243461e-03
-7.891856e-03
3.575276e-03
3.405732e-03
-1.211631e-02
5.559248e-03
-9.467915e-03
-4.608134e-03
2.126530e-03
-5.816536e-03
-3.848752e-02
-9.029403e-04
-2.558409e-03
-3.932960e-03
-2.698381e-03
-5.106988e-03
1.051010e-02
-6.908588e-03
-1.889292e-03
7.002447e-03
2.260949e-03
-8.536291e-03
4.706843e-03
2.016049e-03
5.580902e-03
9.469748e-03
-1.251944e-02
-1.557042e-02
-5.194456e-03
-5.731502e-03
-1.408347e-02
-1.050352e-02
-1.884919e-02
-1.306952e-02
-1.580684e-02
-2.469483e-02
-3.559861e-04
-2.782310e-02
-1.939150e-02
4.260459e-02
4.587790e-02
