1.726996e-02
8.517958e-03
1.512936e-02
3.099169e-02
1.143280e-02
1.850228e-02
2.625453e-02
7.919702e-03
5.302972e-03
1.543612e-02
8.362979e-03
8.768600e-03
2.324497e-03
-8.884078e-04
1.238120e-02
-2.734225e-03
-1.098513e-02
-1.290338e-02
-3.218583e-03
6.620309e-03
-7.156540e-03
1.317644e-02
-3.311925e-03
-1.121838e-03
-1.198743e-03
6.704593e-04
3.633884e-03
-1.202932e-02
-1.106647e-02
-3.613029e-02
-2.318339e-02
-1.454656e-02
-5.862206e-03
8.640578e-03
-5.324785e-03
1.043580e-02
2.895396e-03
-2.316786e-02
2.522545e-03
2.509079e-03
-1.250111e-02
-2.243510e-02
-1.403808e-02
-9.045744e-03
-2.204876e-02
-6.995986e-02
-2.719910e-03
-1.078335e-02
-4.290717e-02
-1.934676e-02
5.300966e-02
7.292879e-02
