2.268655e-02
3.282089e-02
1.146090e-02
1.350227e-02
2.413029e-02
1.945005e-02
1.467055e-02
1.036065e-02
2.093849e-02
2.697052e-02
2.138614e-03
1.344246e-02
-5.037460e-03
1.864575e-03
-2.729707e-02
5.780577e-03
5.277616e-03
6.504341e-03
-6.593922e-03
-1.211972e-02
-2.055217e-03
-1.851380e-03
3.156756e-03
5.119488e-03
-5.508714e-03
-6.824760e-03
-1.308263e-03
1.641028e-03
1.888009e-03
-9.993897e-03
-8.420834e-03
1.115260e-03
3.469124e-03
-6.122404e-03
2.119530e-03
3.272560e-03
-1.388507e-03
2.823470e-03
1.385905e-02
-1.819422e-04
-2.300936e-02
-3.698933e-02
-2.146200e-02
-2.000000e-01
-1.368384e-02
-2.186116e-02
-4.269757e-02
-2.840521e-02
-2.103729e-02
-4.768728e-03
5.232626e-02
5.085897e-02
