2.168995e-02
2.973424e-02
1.600057e-02
1.418003e-02
2.767683e-02
2.220111e-02
1.596331e-02
1.200375e-02
1.965575e-02
1.935111e-02
7.312894e-03
1.659696e-02
-7.485505e-03
4.396324e-03
-1.851272e-02
3.539312e-03
1.405356e-03
4.733437e-03
5.024693e-03
-1.420989e-03
-3.865041e-03
1.843255e-03
7.368854e-04
5.303191e-03
-4.560361e-03
-1.600644e-03
2.775503e-03
1.039635e-03
6.047341e-03
-9.175578e-03
-5.201308e-03
-1.222353e-03
2.227993e-03
-6.595281e-03
-2.222741e-03
1.964797e-03
-4.853055e-03
2.359742e-03
8.218345e-03
1.840020e-03
-2.598041e-02
-1.382700e-02
-1.492256e-02
-2.440104e-02
-8.983545e-03
-7.421612e-03
-2.629990e-02
-1.898229e-02
-1.822064e-02
2.574828e-03
8.557854e-02
6.993125e-02
