2.210228e-02
1.772724e-02
2.051296e-02
2.939341e-02
1.837263e-02
1.842085e-02
1.926329e-02
1.514060e-02
1.613063e-02
1.503276e-02
-5.464682e-03
-1.659857e-04
6.330812e-03
1.388630e-02
3.981305e-03
2.597107e-03
5.941201e-03
3.988295e-03
-6.316795e-03
-8.001876e-04
-3.764734e-03
3.690459e-03
-2.885399e-03
-3.977726e-02
9.608748e-03
-1.304548e-02
-1.103687e-02
-9.770268e-04
-9.459818e-03
-1.692114e-02
-1.130193e-02
-8.593472e-03
-3.849866e-02
5.160105e-03
-6.249813e-03
2.228601e-03
-6.451376e-03
-2.676069e-02
1.439513e-03
-5.855448e-03
-7.403346e-02
-2.783309e-03
-3.038952e-02
-1.694688e-02
-2.735667e-02
-2.834367e-02
-3.454901e-02
-6.020081e-03
-1.797054e-02
-1.671431e-02
7.371753e-02
7.404155e-02
