1.643239e-02
1.244461e-02
8.185853e-03
1.289609e-02
1.472433e-02
1.909768e-02
1.049083e-02
7.866097e-03
-1.217878e-03
7.311401e-03
-4.719129e-02
5.971086e-03
-3.336396e-04
5.318662e-03
4.491431e-03
-1.173652e-03
1.748852e-03
3.676428e-03
-5.604475e-03
-1.446424e-02
-1.752972e-03
-3.991924e-03
1.897755e-05
-1.894328e-02
1.353747e-02
-4.620017e-03
-1.163723e-03
-1.494860e-03
-8.518287e-03
5.298934e-03
-8.134533e-03
-8.124553e-03
-6.121575e-04
2.755946e-04
-1.923497e-03
2.640489e-03
-4.553211e-02
-1.533625e-02
-3.249559e-03
4.517257e-03
-5.339081e-02
4.501916e-03
-2.269692e-02
-4.247553e-02
-3.679421e-02
-2.238573e-02
-7.630697e-03
-3.229698e-02
-5.130124e-02
-1.677746e-02
6.198106e-02
2.720103e-02
