2.071285e-02
6.999893e-03
5.657410e-03
1.867658e-02
1.488524e-02
1.426004e-02
2.255434e-02
2.041895e-02
5.712998e-03
2.577121e-02
-6.544898e-03
-6.205637e-03
-9.202699e-03
4.544086e-02
-2.399669e-02
-6.834114e-03
-3.736700e-03
-1.223438e-02
-3.373289e-02
6.073732e-04
-8.181925e-03
-1.880869e-03
-3.209084e-02
1.132375e-02
-1.062366e-02
-3.815531e-02
-1.032822e-02
5.117746e-03
-2.197650e-03
-2.554495e-03
9.519184e-03
-6.127411e-02
5.304299e-03
-1.944697e-02
-9.901784e-03
7.102622e-03
-4.420658e-03
-1.240645e-02
-4.368469e-03
6.838848e-03
-2.752496e-02
-2.846230e-02
-5.736589e-03
-2.236980e-02
-2.849000e-02
-1.491850e-02
-2.424340e-02
-7.619903e-03
-2.438025e-02
-8.671669e-03
8.756481e-02
4.862115e-02
