3.349852e-02
2.044663e-02
1.848655e-02
1.548554e-02
-5.238504e-03
1.078426e-02
2.665176e-02
6.957475e-03
1.531489e-02
4.386202e-02
1.097123e-03
5.775946e-03
-4.552020e-03
-1.090871e-03
1.079129e-03
-1.182809e-02
-3.505368e-03
-1.469465e-02
-3.951748e-04
3.375817e-03
-9.546155e-03
-5.682448e-02
-8.601443e-03
-2.370245e-02
-9.365741e-03
-2.347405e-03
-5.037958e-02
8.529254e-03
2.762228e-03
-3.300962e-03
1.031806e-02
4.835220e-03
-6.674980e-03
5.494309e-03
-1.244797e-02
4.471399e-03
1.652024e-02
-6.641603e-03
-1.952290e-02
-4.303120e-03
-5.677666e-03
-1.207432e-02
-3.315993e-03
-2.357537e-03
-2.056008e-02
-5.313006e-02
-1.401471e-02
-4.758431e-03
-2.943480e-02
-2.267165e-02
3.101697e-02
5.281932e-02
