2.333612e-02
1.258169e-02
7.245583e-03
8.376325e-03
2.202093e-02
7.519341e-03
1.454747e-02
2.577550e-02
2.751929e-02
1.906679e-02
-3.427748e-03
-6.275330e-03
-4.025866e-03
-9.870285e-03
6.593017e-03
3.958260e-03
-8.593084e-03
9.077326e-03
-8.586360e-04
-9.437037e-03
-2.196826e-02
1.159007e-04
-4.850280e-03
8.479816e-04
3.986531e-03
-1.370829e-03
-1.251356e-02
1.259057e-04
3.566625e-03
2.798102e-03
3.316411e-03
-6.017894e-04
1.576794e-05
-5.349423e-03
1.003706e-02
-3.278373e-02
-7.883001e-03
7.451700e-04
9.836252e-03
-1.647522e-04
-4.442129e-02
-1.634012e-02
1.130474e-03
-4.070107e-02
-3.031355e-02
-3.016043e-02
-1.568682e-02
-2.974811e-02
-2.544145e-02
-3.234347e-02
8.544241e-02
8.395102e-02
